m=30;
n=30;
p=3;
q=3;

alpha=[0.543478,0.968122,0.572143,0.618005,0.701982,0.542756];

proba=[[[0.962985,0.100964,0.224719,0.675486,0.603182,0.890344,0.546798,0.111492,0.155869,0.636055,0.861411,0.162193,0.930407,0.132822,0.986950,0.143868,0.245785,0.206680,0.699165,0.513870,0.233730,0.314688,0.849806,0.784458,0.238854,0.936762,0.720703,0.383141,0.172772,0.124667],
[0.468652,0.135757,0.225632,0.693371,0.811243,0.828814,0.583715,0.358041,0.940305,0.739584,0.994096,0.801716,0.901777,0.924503,0.934539,0.888727,0.068371,0.180324,0.095407,0.767536,0.694194,0.329136,0.082224,0.544000,0.113594,0.321078,0.480762,0.834296,0.704219,0.653533],
[0.958964,0.172871,0.789290,0.184595,0.866242,0.600534,0.013409,0.449957,0.958575,0.953714,0.189541,0.952670,0.755431,0.091318,0.877173,0.689969,0.980045,0.945544,0.870293,0.075451,0.713079,0.564487,0.404587,0.795303,0.108487,0.518181,0.116381,0.589248,0.352477,0.820600],
[0.242782,0.311441,0.993471,0.032072,0.496036,0.859713,0.632606,0.509445,0.309671,0.591181,0.463159,0.499212,0.543851,0.218590,0.590530,0.421024,0.908559,0.570575,0.366567,0.778852,0.646026,0.079647,0.343339,0.050614,0.874950,0.451826,0.568795,0.991331,0.041074,0.921272],
[0.811931,0.283856,0.232713,0.805403,0.315928,0.728749,0.665116,0.948534,0.238194,0.974787,0.539715,0.701353,0.473999,0.083566,0.919943,0.064529,0.504590,0.828502,0.635103,0.871157,0.607354,0.281130,0.950804,0.950693,0.331743,0.825754,0.402519,0.900538,0.817085,0.443593],
[0.821810,0.629016,0.727449,0.054523,0.434418,0.043378,0.783272,0.099534,0.991912,0.021467,0.074321,0.531627,0.722820,0.548320,0.615193,0.642763,0.612848,0.119783,0.471264,0.247952,0.990940,0.078618,0.529081,0.941744,0.029311,0.860824,0.767497,0.431830,0.761362,0.584582],
[0.875423,0.583172,0.213598,0.602873,0.637695,0.648016,0.646251,0.420967,0.747551,0.638163,0.442434,0.821872,0.169790,0.165253,0.370191,0.784983,0.808016,0.983039,0.904766,0.279280,0.230991,0.895707,0.357898,0.760072,0.837450,0.387209,0.620896,0.604948,0.819039,0.382258],
[0.189530,0.694462,0.965430,0.403128,0.297335,0.603125,0.051144,0.943586,0.024092,0.798695,0.581749,0.466525,0.620566,0.751539,0.631779,0.990758,0.536522,0.439794,0.973797,0.441289,0.719075,0.204788,0.336995,0.076973,0.964860,0.174446,0.464182,0.585756,0.779393,0.283222],
[0.968014,0.968923,0.977684,0.933444,0.372051,0.275019,0.536569,0.423195,0.218605,0.560660,0.221889,0.800353,0.027185,0.842456,0.551892,0.658964,0.833213,0.088414,0.098758,0.807010,0.529703,0.817833,0.011798,0.866698,0.894806,0.976657,0.041144,0.358989,0.562413,0.820537],
[0.642210,0.530427,0.789460,0.619894,0.463871,0.161511,0.894914,0.000440,0.584705,0.113519,0.561100,0.806594,0.913872,0.588285,0.649050,0.465764,0.247249,0.482263,0.554179,0.346007,0.289273,0.083882,0.163840,0.301070,0.950580,0.058646,0.277728,0.991724,0.417635,0.840141],
[0.812261,0.059845,0.370568,0.601721,0.679740,0.834439,0.763231,0.574653,0.834879,0.347936,0.688172,0.395979,0.154531,0.602044,0.984265,0.803580,0.067808,0.231514,0.285843,0.621987,0.577521,0.575116,0.705869,0.741361,0.876186,0.656449,0.800008,0.153914,0.648172,0.217642],
[0.994055,0.460433,0.277488,0.364623,0.062154,0.957227,0.199062,0.825385,0.531880,0.033941,0.173321,0.220052,0.429921,0.327851,0.822096,0.414185,0.131432,0.889905,0.645699,0.417275,0.511892,0.223220,0.992391,0.217760,0.964581,0.868578,0.874209,0.764588,0.022492,0.522382],
[0.982231,0.016546,0.982815,0.259718,0.381169,0.044968,0.216945,0.580232,0.870353,0.748826,0.614173,0.043674,0.968878,0.044094,0.371525,0.790974,0.458279,0.502957,0.680879,0.103978,0.920232,0.192771,0.327197,0.912624,0.410531,0.291778,0.781201,0.284740,0.056366,0.803693],
[0.807122,0.038597,0.820240,0.789937,0.298315,0.201409,0.834905,0.515260,0.781640,0.705258,0.264086,0.395813,0.748932,0.232964,0.439907,0.120457,0.023938,0.898186,0.623414,0.704817,0.002164,0.543647,0.897588,0.329361,0.456270,0.308119,0.621139,0.237472,0.592860,0.677504],
[0.041165,0.399982,0.716101,0.861404,0.189918,0.014416,0.062813,0.024823,0.529676,0.844454,0.730081,0.793762,0.240267,0.479013,0.026726,0.680174,0.599470,0.050665,0.578360,0.222884,0.755482,0.580524,0.766531,0.653070,0.909885,0.222802,0.961189,0.531023,0.460274,0.554049],
[0.208528,0.501438,0.954031,0.924629,0.362843,0.143949,0.939045,0.425656,0.168772,0.468721,0.270110,0.898853,0.262483,0.510377,0.377866,0.289209,0.190552,0.977336,0.339874,0.768912,0.200221,0.095356,0.349436,0.966752,0.748426,0.259320,0.189554,0.709616,0.790343,0.649827],
[0.263665,0.998871,0.151266,0.217695,0.923500,0.514108,0.361644,0.862544,0.939765,0.530416,0.331265,0.209875,0.429269,0.593748,0.720252,0.807135,0.882957,0.910803,0.784471,0.222830,0.679715,0.984692,0.318186,0.029151,0.951444,0.066612,0.288471,0.140998,0.776228,0.078814],
[0.790825,0.039892,0.077685,0.942090,0.257588,0.001185,0.456199,0.619232,0.863729,0.395963,0.149648,0.194994,0.605838,0.578917,0.788742,0.326089,0.386052,0.671699,0.236893,0.170524,0.894529,0.916608,0.155216,0.212715,0.945758,0.106660,0.279328,0.234230,0.247657,0.055555],
[0.313044,0.038482,0.095448,0.390729,0.980572,0.353035,0.391914,0.436771,0.972267,0.255644,0.832734,0.121915,0.450638,0.438571,0.700832,0.239380,0.764661,0.086884,0.911079,0.001553,0.257408,0.805608,0.918161,0.412624,0.018324,0.863919,0.519284,0.297651,0.098149,0.766941],
[0.353207,0.411193,0.805423,0.448655,0.801922,0.785995,0.801690,0.193836,0.222765,0.773957,0.449480,0.055499,0.895872,0.900118,0.494070,0.596704,0.139498,0.258730,0.683588,0.050577,0.260284,0.940997,0.856186,0.178445,0.353621,0.874509,0.042364,0.872904,0.172160,0.140513],
[0.639845,0.525367,0.551706,0.445268,0.974022,0.353628,0.231262,0.775712,0.547464,0.454027,0.549669,0.996945,0.509526,0.445541,0.897063,0.003596,0.042246,0.036561,0.262327,0.725834,0.087138,0.522610,0.666831,0.943324,0.701055,0.020451,0.817833,0.743419,0.893355,0.989994],
[0.883932,0.533200,0.515361,0.435637,0.978468,0.489383,0.789265,0.209730,0.265095,0.336730,0.663758,0.814764,0.333674,0.173284,0.260305,0.230737,0.176880,0.302551,0.267298,0.439207,0.028385,0.354437,0.961817,0.695216,0.297761,0.662872,0.715667,0.115594,0.406290,0.609022],
[0.105587,0.290222,0.142222,0.620948,0.725860,0.120690,0.110331,0.515125,0.330420,0.375425,0.851855,0.994178,0.190190,0.185529,0.167462,0.450495,0.416266,0.344342,0.753046,0.683564,0.783548,0.781431,0.038001,0.745365,0.476647,0.335761,0.408237,0.192314,0.451355,0.814527],
[0.801336,0.556942,0.104750,0.943558,0.177890,0.830609,0.064248,0.288221,0.345734,0.394669,0.663646,0.197589,0.388847,0.853836,0.383118,0.556309,0.304331,0.799384,0.900651,0.057377,0.482948,0.684199,0.838808,0.520949,0.429564,0.315455,0.856710,0.837801,0.507768,0.308065],
[0.652329,0.309104,0.865007,0.757079,0.252662,0.042897,0.587688,0.316910,0.331117,0.933423,0.711579,0.994764,0.131012,0.100426,0.848599,0.514130,0.656735,0.152930,0.313514,0.557385,0.210307,0.796462,0.241584,0.049115,0.317410,0.671149,0.364570,0.174120,0.508950,0.872338],
[0.482185,0.161279,0.181442,0.347191,0.918358,0.434104,0.390088,0.506046,0.751014,0.721205,0.439468,0.462593,0.715968,0.570480,0.563019,0.564568,0.084610,0.219753,0.717498,0.398123,0.777139,0.927805,0.194585,0.018723,0.976920,0.511995,0.689872,0.341489,0.686115,0.198822],
[0.213827,0.168300,0.360101,0.395269,0.515491,0.278459,0.829373,0.905579,0.784504,0.580387,0.626784,0.223973,0.042980,0.342752,0.794453,0.605999,0.907320,0.879062,0.825752,0.624818,0.277186,0.602891,0.552623,0.471771,0.621613,0.529542,0.983767,0.311485,0.871032,0.669882],
[0.510307,0.084859,0.838182,0.870408,0.480128,0.353673,0.148866,0.309500,0.259252,0.933370,0.889887,0.886036,0.157343,0.932866,0.228788,0.951796,0.538865,0.136108,0.830858,0.364617,0.760926,0.108044,0.967508,0.313548,0.579815,0.589121,0.843091,0.563582,0.900606,0.714122],
[0.233464,0.410913,0.798981,0.071646,0.281320,0.279109,0.425319,0.430186,0.588609,0.684571,0.363557,0.478496,0.570607,0.520900,0.411362,0.799395,0.472696,0.950227,0.935502,0.303554,0.314844,0.696428,0.411598,0.282351,0.009977,0.991413,0.871472,0.853067,0.554994,0.772079],
[0.567190,0.788458,0.182991,0.366171,0.860103,0.464312,0.645280,0.285422,0.894498,0.233888,0.969993,0.258055,0.712384,0.540599,0.778955,0.123746,0.339994,0.251650,0.073973,0.275496,0.555204,0.388817,0.971924,0.966802,0.671169,0.981901,0.958214,0.542641,0.834968,0.513208]],
[[0.314720,0.402158,0.301666,0.497711,0.768329,0.161769,0.962023,0.413608,0.447191,0.856521,0.647497,0.417184,0.114576,0.359881,0.957783,0.893530,0.483627,0.297777,0.145181,0.557600,0.573273,0.700385,0.946417,0.545198,0.667186,0.617586,0.527099,0.625400,0.160227,0.362067],
[0.138609,0.474946,0.764225,0.440274,0.972657,0.532554,0.602044,0.934680,0.946162,0.049235,0.791200,0.593659,0.466419,0.905776,0.953540,0.424202,0.799306,0.437167,0.721979,0.944487,0.994767,0.295252,0.644871,0.941184,0.840450,0.312057,0.558769,0.367549,0.937458,0.718996],
[0.729616,0.076066,0.193942,0.493841,0.516341,0.166599,0.026395,0.118384,0.101279,0.972557,0.167619,0.892479,0.566216,0.634038,0.798255,0.519756,0.058239,0.597561,0.956922,0.780218,0.542047,0.951689,0.075470,0.186919,0.892873,0.915920,0.498976,0.451642,0.283468,0.436434],
[0.170638,0.013084,0.512500,0.364581,0.506925,0.028841,0.531180,0.533320,0.147226,0.632459,0.505877,0.314845,0.524938,0.072093,0.948883,0.323193,0.591849,0.007122,0.920753,0.548771,0.787340,0.462801,0.500460,0.862810,0.649719,0.393333,0.778730,0.148696,0.844975,0.062198],
[0.585130,0.015614,0.075283,0.097630,0.380195,0.582208,0.126471,0.911375,0.115528,0.273697,0.543833,0.621405,0.588542,0.068771,0.693498,0.537425,0.391964,0.285347,0.544547,0.312717,0.834118,0.331887,0.775518,0.334578,0.194697,0.425237,0.727911,0.973426,0.573933,0.572886],
[0.035625,0.159062,0.588500,0.110907,0.256692,0.968695,0.693115,0.383164,0.880069,0.808643,0.656861,0.423903,0.430048,0.245403,0.492674,0.123546,0.782828,0.884638,0.408893,0.327374,0.197355,0.243011,0.659261,0.972873,0.577589,0.853958,0.398110,0.305500,0.827384,0.972042],
[0.878386,0.863009,0.131105,0.466886,0.973916,0.387797,0.435581,0.667031,0.770961,0.315651,0.475674,0.427821,0.739553,0.905722,0.673225,0.232227,0.029268,0.456052,0.116865,0.438161,0.783427,0.314220,0.681171,0.442688,0.287092,0.258760,0.296646,0.685202,0.564260,0.124030],
[0.657244,0.442646,0.987038,0.788349,0.909532,0.960954,0.176146,0.345113,0.627985,0.947106,0.660764,0.103659,0.374928,0.400317,0.009381,0.048153,0.632545,0.038649,0.504205,0.749410,0.476810,0.287632,0.063630,0.157981,0.730320,0.350722,0.416741,0.026965,0.035924,0.981001],
[0.150995,0.693169,0.423647,0.138033,0.481517,0.333179,0.098987,0.657663,0.678292,0.726972,0.604770,0.339056,0.830631,0.979698,0.739373,0.840013,0.027850,0.371918,0.878662,0.532055,0.121328,0.355471,0.819687,0.184957,0.513453,0.550007,0.535679,0.930194,0.576973,0.571604],
[0.911195,0.727968,0.264772,0.334842,0.866001,0.746290,0.668021,0.964988,0.403953,0.346313,0.691960,0.008723,0.685368,0.522592,0.988420,0.424742,0.362604,0.016271,0.796659,0.241266,0.548326,0.917987,0.596737,0.368013,0.102944,0.110190,0.918020,0.638624,0.040384,0.494993],
[0.210227,0.951579,0.222960,0.474999,0.286420,0.088961,0.221289,0.954441,0.053949,0.625241,0.300753,0.745909,0.633964,0.986122,0.268501,0.622385,0.410863,0.631105,0.638655,0.207523,0.872371,0.186981,0.125510,0.469108,0.554994,0.228454,0.579298,0.473014,0.867077,0.619682],
[0.968007,0.077304,0.571261,0.190967,0.552303,0.857681,0.279928,0.773592,0.812122,0.333876,0.398833,0.112875,0.079785,0.032798,0.098997,0.348286,0.655182,0.509861,0.979392,0.293837,0.717383,0.851763,0.480818,0.842893,0.320871,0.035813,0.071347,0.900169,0.508827,0.938424],
[0.519851,0.476833,0.015728,0.091112,0.667800,0.568031,0.948793,0.947728,0.341623,0.760915,0.281604,0.740457,0.873791,0.361390,0.773254,0.972788,0.709676,0.428436,0.482649,0.689068,0.722274,0.200032,0.540830,0.203092,0.042925,0.861702,0.238905,0.114272,0.761871,0.747731],
[0.052696,0.281722,0.224565,0.068424,0.372835,0.892365,0.636455,0.321628,0.840093,0.978078,0.082544,0.121697,0.718535,0.956335,0.483087,0.491789,0.929123,0.192763,0.920225,0.411772,0.881831,0.642499,0.611804,0.422661,0.845591,0.654730,0.284363,0.084496,0.769001,0.046234],
[0.832227,0.821697,0.327956,0.056792,0.890121,0.700791,0.949157,0.526576,0.022419,0.789249,0.504654,0.104963,0.910946,0.223188,0.061297,0.394033,0.714977,0.990420,0.586797,0.635203,0.402192,0.468628,0.277702,0.013996,0.891289,0.123293,0.668726,0.175652,0.207788,0.437727],
[0.221886,0.040015,0.259424,0.549842,0.096807,0.149545,0.250633,0.045963,0.676120,0.273052,0.835213,0.180774,0.378015,0.746159,0.403962,0.439312,0.140193,0.118940,0.429732,0.726989,0.754142,0.831924,0.195617,0.031844,0.845920,0.086906,0.155136,0.514646,0.262558,0.362925],
[0.952373,0.484443,0.402940,0.211797,0.034285,0.499747,0.361342,0.284918,0.545710,0.037462,0.557971,0.380923,0.218236,0.935985,0.127082,0.622198,0.375298,0.267275,0.741138,0.805030,0.994264,0.495280,0.636954,0.189881,0.527124,0.482874,0.276787,0.682261,0.997520,0.539344],
[0.045185,0.949893,0.023788,0.448125,0.161690,0.058073,0.947872,0.523032,0.342991,0.493582,0.560494,0.900962,0.874505,0.778730,0.836948,0.001587,0.400929,0.212245,0.268862,0.142067,0.017275,0.263126,0.637347,0.654229,0.453006,0.164471,0.137103,0.729793,0.846732,0.134623],
[0.269137,0.891917,0.084516,0.292925,0.340042,0.246207,0.350998,0.287914,0.769239,0.693990,0.781496,0.329733,0.594952,0.656001,0.108464,0.431899,0.657588,0.509393,0.644144,0.926450,0.651460,0.661419,0.189575,0.288807,0.315648,0.642582,0.453278,0.452751,0.372375,0.300010],
[0.587374,0.641512,0.191927,0.671890,0.934437,0.531969,0.918097,0.285435,0.819883,0.687336,0.979425,0.601379,0.017069,0.574377,0.257380,0.125533,0.006276,0.914968,0.634926,0.650421,0.841418,0.286385,0.311840,0.030993,0.575192,0.627488,0.673575,0.028471,0.080239,0.045949],
[0.328481,0.667613,0.687462,0.520408,0.339503,0.621899,0.052378,0.257600,0.907334,0.872261,0.944936,0.886760,0.473641,0.962006,0.461137,0.731021,0.087539,0.467413,0.645989,0.722465,0.117833,0.487407,0.008850,0.429673,0.518400,0.584043,0.057161,0.191975,0.612513,0.137400],
[0.237924,0.940994,0.805013,0.925386,0.461402,0.144516,0.547285,0.513780,0.402116,0.454619,0.386041,0.347053,0.341379,0.859682,0.309058,0.802515,0.590703,0.396597,0.269928,0.236692,0.119062,0.387761,0.724099,0.127913,0.817435,0.242498,0.711955,0.874596,0.434473,0.324469],
[0.011996,0.672397,0.265463,0.817009,0.597783,0.726865,0.961525,0.145067,0.240645,0.363642,0.599686,0.626687,0.710694,0.941065,0.486369,0.019753,0.743580,0.077071,0.416350,0.013508,0.313763,0.535413,0.401269,0.037862,0.663325,0.218704,0.280360,0.375281,0.093300,0.714833],
[0.699749,0.105296,0.387230,0.965212,0.922305,0.985013,0.692078,0.883830,0.130080,0.932723,0.247471,0.729766,0.559410,0.958165,0.670831,0.045778,0.977918,0.414411,0.122850,0.394268,0.427919,0.436613,0.929681,0.829188,0.474475,0.593006,0.047892,0.754835,0.968287,0.141191],
[0.469668,0.668036,0.246487,0.856898,0.633248,0.168792,0.841911,0.325326,0.052621,0.971991,0.258049,0.300093,0.701757,0.817459,0.258258,0.372587,0.863237,0.236176,0.786998,0.986087,0.630445,0.214917,0.422700,0.560126,0.044104,0.897174,0.153132,0.091996,0.652009,0.121419],
[0.233188,0.121677,0.789455,0.479675,0.978575,0.422703,0.648466,0.820486,0.748029,0.701088,0.792476,0.006078,0.001180,0.494233,0.823537,0.259438,0.866820,0.686774,0.495614,0.653818,0.672861,0.126059,0.868735,0.095561,0.686184,0.912839,0.992735,0.839316,0.004836,0.644744],
[0.960735,0.238023,0.766421,0.750190,0.717698,0.744996,0.172893,0.366164,0.565481,0.920923,0.067252,0.357958,0.927001,0.068432,0.852191,0.750539,0.327870,0.719011,0.437313,0.823484,0.372829,0.110174,0.949543,0.241564,0.205735,0.635727,0.154403,0.198470,0.475043,0.159239],
[0.843214,0.435778,0.397262,0.609635,0.185968,0.114960,0.354630,0.358861,0.481124,0.920111,0.279784,0.548375,0.278069,0.206785,0.616807,0.130260,0.957324,0.944677,0.849270,0.394637,0.768161,0.222099,0.504811,0.717703,0.463663,0.710546,0.353430,0.618067,0.909016,0.828473],
[0.777306,0.752230,0.264251,0.174568,0.361865,0.450219,0.289527,0.716495,0.809080,0.770651,0.636607,0.088864,0.319026,0.914676,0.295649,0.935833,0.044935,0.252973,0.880510,0.894206,0.647609,0.648671,0.116305,0.152420,0.366374,0.579969,0.862966,0.719805,0.198035,0.771983],
[0.548278,0.975341,0.524213,0.812529,0.149909,0.886078,0.262748,0.439436,0.602573,0.071828,0.210087,0.239180,0.160692,0.529114,0.153856,0.456341,0.464947,0.198791,0.709314,0.345457,0.092997,0.356923,0.994128,0.209302,0.509343,0.360502,0.789270,0.372310,0.080307,0.987306]],
[[0.144292,0.628585,0.962647,0.668505,0.441114,0.112555,0.554583,0.703862,0.551992,0.157156,0.775691,0.762079,0.396336,0.936383,0.291193,0.550192,0.392724,0.756140,0.748983,0.102037,0.101597,0.841980,0.458960,0.095725,0.051281,0.968304,0.456227,0.840552,0.340613,0.536534],
[0.827858,0.484906,0.165119,0.790504,0.153411,0.606233,0.903060,0.707994,0.310096,0.455051,0.865151,0.085787,0.217130,0.261487,0.022169,0.508323,0.811679,0.414893,0.264463,0.560662,0.516930,0.366060,0.402642,0.975890,0.461785,0.453923,0.944194,0.918013,0.294475,0.284807],
[0.454547,0.122332,0.769713,0.619666,0.912837,0.923124,0.225900,0.815896,0.631118,0.535996,0.270948,0.496269,0.621782,0.488078,0.757756,0.643952,0.996401,0.569435,0.058845,0.260864,0.130097,0.575775,0.626924,0.532739,0.551665,0.088710,0.986662,0.495859,0.006723,0.281137],
[0.780667,0.461270,0.403469,0.550380,0.080936,0.316306,0.473504,0.306836,0.132202,0.104622,0.842832,0.403150,0.600891,0.464614,0.891228,0.358647,0.108566,0.887629,0.928083,0.167410,0.148493,0.058180,0.743185,0.775418,0.590919,0.294850,0.864127,0.577581,0.790710,0.870850],
[0.858717,0.571376,0.332120,0.262186,0.121756,0.413056,0.578492,0.595259,0.719892,0.710694,0.699881,0.562724,0.113843,0.300772,0.027338,0.005071,0.659419,0.135904,0.892700,0.587502,0.303314,0.041193,0.645682,0.046499,0.816611,0.236601,0.341349,0.680738,0.814182,0.132058],
[0.551588,0.672899,0.703435,0.883707,0.935085,0.825190,0.296763,0.513577,0.420450,0.016655,0.224270,0.120331,0.579379,0.338114,0.421103,0.606717,0.343185,0.080522,0.742621,0.235885,0.668024,0.045934,0.277078,0.313706,0.092433,0.093689,0.550307,0.433782,0.774426,0.364489],
[0.565840,0.326014,0.037387,0.269275,0.209722,0.972472,0.094465,0.506485,0.486049,0.514915,0.523141,0.710320,0.635245,0.102520,0.048433,0.056348,0.709237,0.391618,0.136870,0.451858,0.627503,0.804894,0.497792,0.904581,0.118601,0.590225,0.998269,0.668908,0.024007,0.772696],
[0.033396,0.589848,0.098710,0.070784,0.859123,0.308432,0.043256,0.953588,0.814917,0.529306,0.468503,0.338058,0.239625,0.103748,0.440578,0.288058,0.160096,0.149814,0.679677,0.296967,0.601672,0.307180,0.101861,0.099464,0.211760,0.220462,0.689689,0.210030,0.889370,0.713696],
[0.982726,0.922766,0.303544,0.081436,0.993550,0.162667,0.389868,0.036806,0.116254,0.204785,0.566112,0.584757,0.542843,0.805737,0.688505,0.983420,0.093795,0.848602,0.133235,0.773472,0.145568,0.734907,0.080651,0.247429,0.834371,0.292412,0.467891,0.524060,0.502442,0.357261],
[0.237757,0.485167,0.280027,0.541301,0.566603,0.273577,0.703967,0.956471,0.310383,0.820222,0.161256,0.876495,0.404979,0.704099,0.682231,0.093484,0.687519,0.776027,0.942086,0.820753,0.549499,0.087655,0.555660,0.630150,0.335084,0.390031,0.922562,0.802975,0.914092,0.425003],
[0.160236,0.151848,0.910171,0.440263,0.693149,0.476774,0.713839,0.397116,0.433245,0.024222,0.217338,0.594501,0.900717,0.622317,0.298600,0.582948,0.715801,0.986118,0.358975,0.657888,0.806872,0.908474,0.745542,0.362532,0.538624,0.080626,0.752563,0.461186,0.883602,0.666655],
[0.886189,0.043838,0.818503,0.796360,0.484101,0.511652,0.273134,0.197940,0.908768,0.706379,0.222163,0.126106,0.300879,0.122880,0.748423,0.599479,0.705828,0.464224,0.585597,0.064803,0.122112,0.392469,0.973277,0.867654,0.755001,0.511901,0.948280,0.507564,0.973087,0.831882],
[0.174219,0.859276,0.875720,0.992722,0.655636,0.359821,0.504374,0.928770,0.557761,0.413142,0.635148,0.779924,0.539248,0.936028,0.902803,0.287671,0.535507,0.608631,0.751895,0.121104,0.673435,0.874006,0.513573,0.646712,0.741660,0.268574,0.158613,0.689940,0.776139,0.131700],
[0.521822,0.950358,0.990976,0.397542,0.943080,0.646612,0.757363,0.447454,0.575382,0.315124,0.860596,0.210530,0.095048,0.399844,0.146557,0.997851,0.687515,0.682064,0.606482,0.439410,0.803168,0.279917,0.313416,0.316741,0.926629,0.055076,0.585316,0.085242,0.745016,0.361455],
[0.216942,0.266838,0.311813,0.207919,0.664381,0.254893,0.854531,0.421744,0.702347,0.429912,0.736868,0.562943,0.640442,0.831916,0.962787,0.786999,0.829767,0.650302,0.469063,0.436249,0.089711,0.272231,0.716166,0.403127,0.588973,0.642795,0.458203,0.174288,0.728037,0.203219],
[0.535743,0.944980,0.470057,0.847555,0.152898,0.134438,0.102448,0.007429,0.556182,0.804795,0.437341,0.293050,0.367737,0.077783,0.124966,0.330524,0.864783,0.954733,0.980826,0.333846,0.390983,0.070537,0.606078,0.107149,0.473664,0.195050,0.749945,0.931867,0.369338,0.477982],
[0.135086,0.905081,0.422962,0.605143,0.752637,0.575860,0.739581,0.855084,0.583289,0.295763,0.659879,0.020630,0.588813,0.027616,0.098414,0.713780,0.358140,0.963197,0.668513,0.338966,0.297043,0.059496,0.409503,0.903121,0.166645,0.883166,0.098171,0.916590,0.815033,0.467509],
[0.394572,0.950119,0.372590,0.817534,0.555261,0.125227,0.393394,0.294842,0.980311,0.976683,0.590606,0.640190,0.997314,0.179419,0.667806,0.095728,0.893199,0.025946,0.058925,0.561712,0.364912,0.355968,0.621208,0.774415,0.259088,0.787854,0.657581,0.357259,0.704444,0.472614],
[0.824768,0.099016,0.422732,0.197358,0.916550,0.977994,0.322585,0.309945,0.272836,0.302896,0.286628,0.863442,0.943086,0.283942,0.042861,0.610892,0.379670,0.936060,0.636839,0.438595,0.497772,0.001751,0.794563,0.118980,0.776165,0.053651,0.906834,0.433746,0.410910,0.611278],
[0.906360,0.235678,0.710294,0.329092,0.433037,0.626844,0.307086,0.755622,0.936789,0.579922,0.058518,0.223418,0.443364,0.001604,0.507360,0.486225,0.612496,0.887030,0.422284,0.249335,0.325625,0.920056,0.251086,0.120187,0.039036,0.027251,0.173838,0.945870,0.460998,0.584748],
[0.557148,0.367358,0.820427,0.267442,0.696450,0.253463,0.894286,0.003536,0.009085,0.831076,0.583459,0.067602,0.054493,0.026823,0.069206,0.561853,0.513048,0.681703,0.448883,0.935332,0.931038,0.774507,0.855388,0.182124,0.894695,0.894425,0.209375,0.068533,0.840295,0.670373],
[0.653282,0.397443,0.037730,0.473708,0.664885,0.734181,0.727171,0.559171,0.737717,0.736256,0.390247,0.321176,0.803859,0.444740,0.347999,0.873065,0.006593,0.861046,0.554768,0.455475,0.796379,0.485806,0.229983,0.651767,0.667930,0.124677,0.546192,0.877305,0.193211,0.386487],
[0.547678,0.846492,0.783929,0.585408,0.320200,0.448814,0.319589,0.047372,0.007985,0.057306,0.783628,0.398231,0.378482,0.587486,0.842971,0.726480,0.460551,0.849564,0.587526,0.015319,0.305040,0.383905,0.501125,0.535022,0.035672,0.169055,0.659700,0.581864,0.046361,0.852910],
[0.968350,0.594039,0.699402,0.752280,0.179447,0.019603,0.201094,0.499036,0.066974,0.209078,0.556342,0.850602,0.607310,0.934824,0.438088,0.450281,0.661304,0.898640,0.299845,0.248830,0.913959,0.604885,0.632735,0.415085,0.139907,0.668407,0.584140,0.799607,0.250271,0.630501],
[0.652517,0.218622,0.224540,0.351920,0.970901,0.403987,0.371522,0.171995,0.903023,0.438496,0.381073,0.459365,0.289098,0.988383,0.394189,0.727186,0.438664,0.055493,0.625826,0.738509,0.304323,0.539785,0.343394,0.937058,0.954870,0.483301,0.605466,0.539010,0.282908,0.855737],
[0.169511,0.935425,0.074359,0.394050,0.287345,0.045260,0.798037,0.658867,0.217255,0.701060,0.097363,0.598329,0.160425,0.386461,0.586712,0.554614,0.113648,0.025376,0.610107,0.739474,0.763885,0.914430,0.279259,0.107280,0.851488,0.234129,0.590581,0.456954,0.773139,0.873489],
[0.312692,0.942650,0.808915,0.387051,0.336700,0.096260,0.432311,0.134737,0.755127,0.649566,0.835797,0.852490,0.247895,0.996222,0.238951,0.834607,0.550837,0.352599,0.859982,0.160944,0.092073,0.623868,0.075374,0.371332,0.731147,0.926862,0.605461,0.321728,0.383816,0.378600],
[0.195218,0.696508,0.321250,0.004132,0.083559,0.657950,0.100392,0.515870,0.792687,0.855518,0.165436,0.628484,0.708008,0.413331,0.624707,0.946959,0.247937,0.175543,0.299558,0.107920,0.336487,0.391630,0.731788,0.411860,0.762962,0.462935,0.338722,0.368423,0.784663,0.722539],
[0.747023,0.979881,0.419047,0.068273,0.984013,0.502606,0.726222,0.084405,0.018475,0.518909,0.939923,0.183911,0.147394,0.647931,0.597242,0.772100,0.594890,0.845179,0.947644,0.894447,0.953099,0.284130,0.286078,0.684887,0.695991,0.049040,0.147822,0.034713,0.417463,0.932485],
[0.757252,0.164486,0.912366,0.176299,0.232759,0.896379,0.678905,0.958981,0.980784,0.697380,0.477890,0.920707,0.881291,0.625284,0.568637,0.478533,0.397384,0.163527,0.323713,0.345028,0.057975,0.276812,0.629158,0.344052,0.961699,0.325149,0.393092,0.109521,0.359862,0.810555]],
[[0.042006,0.117114,0.975041,0.954372,0.293413,0.207800,0.850751,0.972317,0.166781,0.831535,0.669697,0.644671,0.752242,0.550988,0.269955,0.320879,0.029521,0.667339,0.484406,0.353234,0.012367,0.542381,0.630046,0.641525,0.886433,0.591744,0.966674,0.279525,0.701265,0.326536],
[0.090081,0.743271,0.443650,0.065122,0.697643,0.737063,0.272921,0.548395,0.709380,0.439702,0.379930,0.379077,0.084373,0.132172,0.930065,0.354328,0.453052,0.959587,0.021667,0.937458,0.312821,0.034034,0.479839,0.942866,0.675559,0.366272,0.534610,0.642233,0.645798,0.235876],
[0.968769,0.735878,0.979147,0.412418,0.801000,0.676790,0.149481,0.073921,0.225185,0.858861,0.513623,0.605115,0.237938,0.597996,0.737287,0.168004,0.952323,0.190339,0.127590,0.973990,0.127797,0.440411,0.008024,0.607636,0.383277,0.683583,0.973908,0.917888,0.325816,0.619706],
[0.153763,0.294584,0.355584,0.132910,0.707003,0.156584,0.809700,0.856484,0.230505,0.034885,0.715345,0.744128,0.640000,0.953283,0.342123,0.377287,0.121286,0.294447,0.567626,0.248877,0.268437,0.695423,0.689288,0.276460,0.303059,0.072565,0.960043,0.276967,0.990452,0.285859],
[0.896673,0.144216,0.580443,0.252257,0.277125,0.287446,0.408840,0.086825,0.143929,0.639346,0.121710,0.859274,0.383473,0.761710,0.812556,0.725597,0.138997,0.933843,0.020044,0.706624,0.182720,0.288480,0.402047,0.872007,0.564941,0.705106,0.944572,0.524984,0.982073,0.935025],
[0.810843,0.878746,0.079240,0.391286,0.131002,0.356366,0.678732,0.539843,0.443191,0.822661,0.179188,0.564901,0.681935,0.562662,0.326611,0.494491,0.288259,0.465608,0.428334,0.308302,0.172232,0.611054,0.596782,0.574279,0.483061,0.161723,0.279385,0.427633,0.686707,0.261458],
[0.362658,0.497549,0.140204,0.441898,0.888835,0.271206,0.798263,0.567567,0.811048,0.241454,0.390227,0.990237,0.806355,0.072162,0.552898,0.132966,0.566653,0.841157,0.598574,0.994987,0.149459,0.770806,0.606041,0.746241,0.345085,0.089101,0.907964,0.624470,0.516734,0.594670],
[0.885928,0.879392,0.092220,0.026132,0.321290,0.981055,0.297338,0.119553,0.548621,0.108386,0.361007,0.938849,0.098623,0.167362,0.011011,0.651521,0.300327,0.577664,0.492678,0.898901,0.572651,0.642136,0.669707,0.178692,0.388377,0.014792,0.267793,0.296341,0.639262,0.784528],
[0.891011,0.525191,0.663920,0.983231,0.551322,0.985209,0.964285,0.848660,0.104762,0.512907,0.957046,0.465769,0.451755,0.055669,0.633131,0.462766,0.707190,0.933458,0.040430,0.199868,0.832359,0.613081,0.842004,0.502066,0.791773,0.230381,0.516858,0.059566,0.526722,0.156120],
[0.844093,0.417733,0.681311,0.508013,0.400964,0.232633,0.493222,0.365249,0.081294,0.597985,0.878156,0.038340,0.063754,0.329911,0.094009,0.696884,0.792677,0.801199,0.630342,0.833107,0.001067,0.462701,0.446189,0.843071,0.964767,0.237961,0.073452,0.481625,0.297527,0.600174],
[0.637745,0.141621,0.017908,0.319056,0.649634,0.418872,0.551690,0.142856,0.784121,0.632983,0.740841,0.662277,0.671323,0.804594,0.992188,0.765333,0.501479,0.784866,0.566532,0.131821,0.617973,0.567599,0.594522,0.064161,0.410670,0.559289,0.302123,0.484123,0.040914,0.599650],
[0.084297,0.678660,0.741270,0.102204,0.997716,0.390904,0.521076,0.549406,0.533760,0.305197,0.182389,0.274601,0.967474,0.853713,0.079195,0.959662,0.619045,0.580674,0.744527,0.185578,0.712495,0.362500,0.753177,0.307017,0.426662,0.163847,0.866306,0.728784,0.647969,0.907221],
[0.328434,0.732266,0.585880,0.069704,0.834471,0.583597,0.460608,0.355547,0.133003,0.994368,0.660743,0.315392,0.268969,0.628217,0.169105,0.348164,0.587879,0.788150,0.928838,0.332406,0.973728,0.641332,0.694906,0.726905,0.948349,0.121567,0.890752,0.814655,0.850351,0.538721],
[0.721876,0.178785,0.270987,0.307756,0.248490,0.105458,0.891353,0.709098,0.461005,0.024356,0.703467,0.121748,0.339748,0.972436,0.749965,0.508853,0.320600,0.337843,0.297003,0.249437,0.670249,0.270731,0.890769,0.365155,0.997636,0.839118,0.486722,0.888387,0.653774,0.337073],
[0.427108,0.375649,0.515859,0.698095,0.683405,0.764349,0.803553,0.574758,0.473447,0.264558,0.599114,0.176914,0.386306,0.938861,0.149349,0.136270,0.447714,0.469949,0.474114,0.744717,0.719386,0.144363,0.015448,0.610155,0.509517,0.013084,0.449274,0.996239,0.901471,0.103047],
[0.333313,0.328579,0.478697,0.849171,0.026674,0.162102,0.613520,0.830228,0.736860,0.086967,0.094786,0.335973,0.263881,0.481091,0.274835,0.413230,0.617362,0.722549,0.883179,0.091476,0.467266,0.602565,0.235838,0.482714,0.212720,0.745356,0.495798,0.661994,0.741595,0.397269],
[0.765042,0.074907,0.725848,0.243738,0.924079,0.752522,0.405840,0.537599,0.582750,0.142700,0.624566,0.677536,0.478673,0.888447,0.158627,0.753508,0.301677,0.775989,0.476057,0.184855,0.867464,0.943323,0.787420,0.103302,0.426037,0.000141,0.848658,0.921835,0.662135,0.590252],
[0.319104,0.427177,0.665160,0.044952,0.670915,0.589238,0.797474,0.076755,0.126837,0.380224,0.219455,0.751403,0.057760,0.698129,0.639850,0.216386,0.451637,0.941526,0.992375,0.927694,0.126382,0.859839,0.871017,0.913802,0.963141,0.297055,0.913943,0.811799,0.218890,0.576078],
[0.402051,0.537994,0.003255,0.067211,0.582946,0.674171,0.656450,0.380420,0.750926,0.783287,0.760644,0.970381,0.534690,0.818403,0.668510,0.174539,0.034790,0.120147,0.116065,0.027165,0.047841,0.242447,0.887003,0.918859,0.156249,0.850144,0.215914,0.070192,0.661943,0.434804],
[0.646270,0.063995,0.972798,0.649525,0.131206,0.555743,0.323696,0.787655,0.936163,0.074622,0.570942,0.696807,0.045003,0.105632,0.515210,0.713513,0.280171,0.550000,0.833660,0.396236,0.577165,0.881501,0.638683,0.464168,0.800360,0.794932,0.314312,0.016274,0.865124,0.976256],
[0.451077,0.511394,0.040250,0.423875,0.160920,0.171456,0.979618,0.484615,0.959112,0.915781,0.559237,0.530054,0.612588,0.604240,0.635685,0.127799,0.317753,0.915856,0.677799,0.151413,0.312093,0.254963,0.032915,0.950776,0.719131,0.833275,0.745709,0.033444,0.849549,0.610833],
[0.009699,0.300626,0.122227,0.049950,0.724500,0.283147,0.221406,0.704119,0.767762,0.180518,0.619900,0.326999,0.710571,0.232488,0.931240,0.346257,0.360287,0.248993,0.262113,0.038086,0.400406,0.574206,0.293049,0.433321,0.524982,0.012180,0.266596,0.270691,0.045624,0.116144],
[0.881523,0.055323,0.416770,0.003750,0.105273,0.141271,0.286897,0.326679,0.845389,0.054659,0.507197,0.465289,0.381659,0.217768,0.697777,0.312898,0.564025,0.058064,0.561891,0.826138,0.096149,0.962297,0.400344,0.389198,0.395618,0.925326,0.401378,0.662214,0.196016,0.447002],
[0.778359,0.077539,0.502325,0.195129,0.081290,0.607598,0.336400,0.368187,0.934277,0.181789,0.422846,0.441474,0.647078,0.804505,0.659243,0.344855,0.117403,0.223267,0.402919,0.679294,0.049405,0.499068,0.641591,0.449749,0.888266,0.037209,0.375074,0.289645,0.699423,0.571090],
[0.736647,0.477782,0.648630,0.238972,0.672911,0.729919,0.846570,0.009310,0.098106,0.780848,0.191099,0.520952,0.222322,0.838177,0.325457,0.881565,0.183032,0.442860,0.104832,0.585950,0.122154,0.154237,0.085018,0.763745,0.603986,0.973285,0.800954,0.979060,0.262930,0.500377],
[0.550151,0.999577,0.978159,0.198780,0.238549,0.651070,0.928700,0.085119,0.660381,0.026806,0.865967,0.851480,0.547758,0.088290,0.689657,0.873216,0.969854,0.872688,0.316076,0.074687,0.458639,0.438230,0.228924,0.543657,0.201974,0.832910,0.516942,0.002928,0.811971,0.779872],
[0.503306,0.362121,0.779448,0.481465,0.560902,0.017997,0.132536,0.489601,0.103116,0.792916,0.516407,0.969083,0.644397,0.064166,0.057373,0.334053,0.937382,0.027227,0.206742,0.253457,0.101914,0.665381,0.691687,0.330838,0.209038,0.893661,0.163748,0.725980,0.896590,0.975719],
[0.505851,0.399896,0.337840,0.285300,0.881361,0.898742,0.303297,0.013896,0.388344,0.406413,0.806813,0.904751,0.375496,0.451209,0.968917,0.432869,0.785263,0.906299,0.460096,0.992005,0.159756,0.562010,0.657385,0.851443,0.892848,0.866423,0.745104,0.056596,0.592403,0.641694],
[0.032315,0.098254,0.041590,0.370156,0.383553,0.922951,0.268898,0.686850,0.936847,0.657242,0.093263,0.743660,0.561993,0.468759,0.194869,0.530909,0.901628,0.980132,0.437208,0.361724,0.972137,0.596964,0.923734,0.629522,0.448407,0.816582,0.495945,0.193511,0.873178,0.088347],
[0.835206,0.905494,0.186601,0.876796,0.275650,0.570155,0.799746,0.544548,0.257005,0.736593,0.201789,0.350267,0.480253,0.763782,0.819026,0.675122,0.294691,0.720654,0.655254,0.731899,0.082378,0.627390,0.328863,0.006111,0.256912,0.777270,0.822693,0.752856,0.970782,0.695872]],
[[0.841204,0.805987,0.601365,0.027805,0.682783,0.877015,0.597959,0.482529,0.421563,0.854964,0.219122,0.623352,0.205231,0.699374,0.387134,0.024257,0.374496,0.681825,0.744911,0.029750,0.413724,0.827289,0.657140,0.742588,0.833400,0.914052,0.519858,0.656093,0.666909,0.490639],
[0.351965,0.508112,0.296627,0.953330,0.535917,0.979409,0.830345,0.133876,0.461938,0.251908,0.988840,0.681060,0.875260,0.194071,0.380434,0.262394,0.218328,0.754930,0.944219,0.963239,0.784680,0.357944,0.790528,0.441820,0.100531,0.623928,0.355873,0.620389,0.280021,0.022781],
[0.111029,0.631986,0.530893,0.407655,0.585317,0.066810,0.387064,0.415662,0.200686,0.849002,0.667570,0.189526,0.530062,0.542830,0.383597,0.910496,0.805225,0.601925,0.665426,0.749444,0.565164,0.450107,0.107388,0.355692,0.891927,0.207919,0.979620,0.247800,0.828308,0.259642],
[0.270581,0.939337,0.891628,0.801474,0.346992,0.476945,0.868284,0.734056,0.892607,0.068970,0.583058,0.560177,0.258495,0.113120,0.103007,0.642092,0.023616,0.908232,0.244017,0.689042,0.657676,0.809181,0.139149,0.765063,0.164873,0.031076,0.972982,0.144493,0.278876,0.801290],
[0.404135,0.549456,0.740627,0.295763,0.350930,0.087619,0.772708,0.219214,0.821675,0.665314,0.288184,0.404734,0.225491,0.546679,0.517854,0.328499,0.188772,0.541470,0.236730,0.432788,0.230513,0.894406,0.241970,0.369662,0.659469,0.406843,0.400738,0.632452,0.551336,0.679614],
[0.433742,0.955471,0.229070,0.174369,0.251234,0.580000,0.261988,0.023941,0.799215,0.083664,0.689256,0.087398,0.488398,0.914747,0.634078,0.006252,0.243245,0.822850,0.547722,0.479976,0.255638,0.778235,0.374382,0.497608,0.147896,0.033851,0.904450,0.548634,0.666303,0.455786],
[0.228247,0.100045,0.411257,0.457317,0.274414,0.662491,0.037318,0.536402,0.686433,0.836532,0.620066,0.375688,0.923931,0.108464,0.290435,0.558009,0.114715,0.533681,0.380858,0.662437,0.013657,0.636496,0.440672,0.388039,0.134104,0.588568,0.421890,0.038554,0.137202,0.088193],
[0.494340,0.365450,0.188238,0.905598,0.822767,0.462652,0.568089,0.860085,0.999054,0.254522,0.696617,0.619120,0.630210,0.620548,0.727584,0.920646,0.178557,0.842299,0.454326,0.559415,0.504736,0.467983,0.195911,0.945408,0.856022,0.330015,0.533976,0.277912,0.368569,0.671179],
[0.366105,0.862910,0.036628,0.554343,0.768508,0.859395,0.016995,0.336597,0.719480,0.016049,0.591118,0.416097,0.635169,0.221329,0.036645,0.362753,0.141974,0.215201,0.205052,0.596301,0.774616,0.709789,0.064284,0.970528,0.655197,0.920306,0.300543,0.189173,0.198218,0.669112],
[0.860352,0.564323,0.532022,0.896980,0.118666,0.300529,0.756375,0.135661,0.637126,0.475855,0.151710,0.228244,0.891952,0.786879,0.449573,0.928597,0.149632,0.591547,0.143798,0.354684,0.187847,0.918415,0.064473,0.252131,0.888942,0.719670,0.172437,0.189485,0.908843,0.370654],
[0.858597,0.769195,0.934977,0.390619,0.666175,0.053643,0.691148,0.422550,0.189304,0.328274,0.898405,0.341014,0.556518,0.790357,0.127893,0.006091,0.718954,0.277525,0.597638,0.862752,0.632210,0.785485,0.781167,0.696682,0.037616,0.670109,0.416352,0.210053,0.859594,0.325195],
[0.580707,0.718192,0.094390,0.515684,0.108810,0.760564,0.569327,0.799959,0.183114,0.758631,0.128232,0.081519,0.099644,0.684750,0.871875,0.227537,0.690841,0.590829,0.505063,0.288479,0.453581,0.137272,0.073964,0.234748,0.833955,0.111580,0.904857,0.250307,0.321632,0.764452],
[0.575502,0.902339,0.482643,0.669891,0.418023,0.591454,0.430456,0.987350,0.391412,0.613570,0.745980,0.519645,0.695088,0.845625,0.204395,0.566964,0.073162,0.895236,0.157793,0.578225,0.183715,0.611374,0.715497,0.257678,0.846122,0.549451,0.369258,0.750979,0.799758,0.690891],
[0.515431,0.375259,0.593230,0.998074,0.045151,0.011253,0.589528,0.475606,0.998603,0.980941,0.089176,0.744583,0.500585,0.784264,0.590208,0.704980,0.351228,0.663370,0.600217,0.509021,0.241594,0.783931,0.120395,0.957091,0.041610,0.966517,0.506542,0.410868,0.717496,0.306300],
[0.101759,0.232927,0.681559,0.694989,0.231001,0.726710,0.706242,0.820529,0.202316,0.704845,0.801470,0.291492,0.449428,0.302055,0.075756,0.039635,0.007036,0.426984,0.703005,0.607252,0.936005,0.944599,0.391184,0.056400,0.901690,0.432793,0.022917,0.408231,0.843662,0.740413],
[0.714531,0.945420,0.973339,0.396090,0.640409,0.204340,0.122800,0.346651,0.024870,0.325116,0.051496,0.826340,0.616608,0.500923,0.128395,0.692364,0.540559,0.135431,0.119348,0.243563,0.742683,0.055354,0.188162,0.133867,0.111754,0.089852,0.566661,0.134671,0.498083,0.410322],
[0.875083,0.212614,0.355742,0.848422,0.608704,0.996152,0.052763,0.731504,0.342803,0.077632,0.056620,0.394298,0.903972,0.673227,0.895222,0.032367,0.365591,0.435780,0.167798,0.484939,0.679343,0.910482,0.540293,0.867505,0.044349,0.652047,0.957357,0.611010,0.786718,0.455440],
[0.021332,0.661801,0.668054,0.377074,0.510223,0.276758,0.373226,0.562986,0.008262,0.716028,0.640618,0.064882,0.110327,0.544590,0.738109,0.005548,0.576958,0.103700,0.441328,0.744756,0.588640,0.120672,0.655238,0.128933,0.988177,0.699587,0.780980,0.945534,0.310596,0.567698],
[0.400974,0.331928,0.229498,0.069028,0.709002,0.739722,0.345786,0.082228,0.302708,0.354048,0.798256,0.943326,0.418930,0.908583,0.487916,0.157039,0.914131,0.064874,0.260739,0.355460,0.809630,0.849379,0.476131,0.464868,0.978312,0.464308,0.164455,0.759292,0.409842,0.475052],
[0.326989,0.810816,0.806980,0.556488,0.879844,0.515982,0.296209,0.225630,0.598210,0.598917,0.579678,0.396466,0.542243,0.998608,0.305049,0.030160,0.155648,0.219180,0.095034,0.416387,0.574640,0.904664,0.265766,0.050771,0.369533,0.244078,0.515079,0.533988,0.003370,0.924922],
[0.009039,0.330359,0.735738,0.816019,0.886847,0.615582,0.332001,0.183057,0.841212,0.930211,0.781974,0.420890,0.326677,0.324217,0.419498,0.631726,0.354376,0.575146,0.850906,0.449410,0.991533,0.425546,0.354074,0.257300,0.476317,0.723607,0.501378,0.991396,0.257595,0.504748],
[0.916318,0.266634,0.835107,0.652056,0.082653,0.721954,0.267637,0.414654,0.905011,0.108849,0.344864,0.686985,0.529739,0.671541,0.011201,0.949237,0.303267,0.365578,0.524383,0.154173,0.814988,0.515916,0.579719,0.169062,0.773216,0.056036,0.892669,0.274594,0.047433,0.150264],
[0.779342,0.963751,0.416898,0.614449,0.615807,0.499550,0.336403,0.883444,0.914204,0.241414,0.992293,0.259069,0.928399,0.522032,0.930610,0.939600,0.471269,0.233877,0.305178,0.995652,0.388050,0.120166,0.511568,0.967769,0.289228,0.284784,0.023805,0.181897,0.559378,0.071238],
[0.332160,0.338720,0.034989,0.749058,0.953169,0.650795,0.248608,0.289572,0.534239,0.162812,0.530986,0.526532,0.421881,0.459385,0.048564,0.352491,0.398985,0.519833,0.586367,0.704163,0.515485,0.974417,0.824328,0.027053,0.942186,0.113556,0.311837,0.965992,0.295453,0.871216],
[0.037230,0.627613,0.209936,0.072218,0.376671,0.163105,0.723014,0.625279,0.452677,0.257253,0.788092,0.983663,0.783785,0.209973,0.443048,0.832349,0.562463,0.842033,0.352181,0.148831,0.546196,0.867666,0.123248,0.370524,0.894719,0.065434,0.484080,0.206556,0.031426,0.779533],
[0.077772,0.068656,0.407146,0.287707,0.140874,0.783817,0.450812,0.863888,0.409097,0.903489,0.121140,0.197188,0.887152,0.904925,0.407161,0.330200,0.737274,0.969625,0.172233,0.089456,0.118455,0.718428,0.957122,0.241703,0.088952,0.851840,0.307138,0.573033,0.058396,0.338564],
[0.352566,0.136168,0.407219,0.759712,0.423876,0.548093,0.543529,0.874687,0.411981,0.952626,0.778176,0.533121,0.149814,0.665328,0.438047,0.556976,0.995528,0.175321,0.526600,0.167760,0.264777,0.645056,0.886188,0.221898,0.886759,0.975141,0.073739,0.193897,0.548173,0.132135],
[0.532461,0.900739,0.268303,0.939680,0.660451,0.692179,0.487773,0.203980,0.566866,0.899754,0.156606,0.345042,0.432875,0.306421,0.010370,0.870921,0.863396,0.005898,0.046242,0.389997,0.173658,0.311019,0.035053,0.059847,0.532917,0.921812,0.034987,0.606655,0.115709,0.583161],
[0.738790,0.648170,0.483899,0.007093,0.587850,0.144350,0.699272,0.075623,0.348330,0.266138,0.975377,0.504936,0.611180,0.408251,0.811357,0.621551,0.279172,0.674753,0.627449,0.325414,0.064750,0.801107,0.636433,0.099802,0.860954,0.169350,0.021614,0.895941,0.776005,0.137323],
[0.479102,0.514795,0.785493,0.963001,0.521888,0.373343,0.107351,0.221160,0.448966,0.455682,0.487298,0.424343,0.960618,0.098479,0.832594,0.771975,0.720029,0.111766,0.446728,0.347478,0.437181,0.511478,0.148585,0.073614,0.611280,0.009539,0.242963,0.632894,0.905480,0.018968]],
[[0.770218,0.384581,0.533763,0.555711,0.347582,0.055651,0.929054,0.454934,0.276811,0.378020,0.910615,0.764109,0.802362,0.871233,0.862588,0.634956,0.643208,0.582618,0.746723,0.089936,0.930096,0.183903,0.601414,0.078681,0.257517,0.212694,0.088220,0.500480,0.845588,0.993700],
[0.519448,0.615806,0.378281,0.053211,0.171517,0.725864,0.108862,0.100570,0.180798,0.385674,0.478590,0.091413,0.149783,0.280953,0.962646,0.012371,0.915909,0.605854,0.594989,0.662632,0.695790,0.525085,0.846535,0.297203,0.603766,0.104052,0.509897,0.691986,0.604532,0.355485],
[0.685686,0.123981,0.971290,0.063968,0.177192,0.142807,0.789832,0.286054,0.243377,0.970629,0.671728,0.721968,0.062042,0.821511,0.002920,0.024688,0.833882,0.918830,0.630542,0.428871,0.581461,0.326331,0.953956,0.427996,0.623534,0.557722,0.532048,0.133431,0.249708,0.136581],
[0.488916,0.935395,0.260561,0.460206,0.999363,0.437753,0.603013,0.789194,0.723807,0.846390,0.759824,0.395535,0.568358,0.821866,0.217046,0.571278,0.846554,0.050928,0.490108,0.477095,0.479799,0.071569,0.803427,0.433755,0.499566,0.426961,0.991477,0.031614,0.560392,0.241185],
[0.168195,0.049308,0.176580,0.428756,0.509514,0.175943,0.866509,0.112527,0.965137,0.590317,0.958918,0.724961,0.985852,0.527276,0.546827,0.202898,0.098554,0.393381,0.253826,0.588662,0.870476,0.733625,0.660231,0.673903,0.167380,0.159797,0.100864,0.158857,0.191411,0.661256],
[0.400042,0.359605,0.710564,0.576622,0.788362,0.220078,0.752565,0.654871,0.332605,0.717702,0.245188,0.291523,0.442663,0.231040,0.818799,0.989490,0.433938,0.917352,0.382871,0.687764,0.506014,0.253347,0.421388,0.166245,0.927249,0.588768,0.326042,0.028113,0.747625,0.517453],
[0.689369,0.147667,0.877058,0.399933,0.724288,0.665420,0.620011,0.476853,0.320291,0.952617,0.194555,0.565479,0.244140,0.637219,0.796519,0.062938,0.626709,0.230457,0.980291,0.009579,0.918220,0.486305,0.262926,0.339609,0.652550,0.190176,0.928377,0.978592,0.218289,0.676002],
[0.496045,0.907658,0.823668,0.373103,0.307591,0.547957,0.038522,0.927603,0.024810,0.358813,0.880219,0.219365,0.924292,0.124359,0.856584,0.720810,0.187297,0.483293,0.951267,0.167588,0.492872,0.869487,0.653893,0.755798,0.209096,0.306443,0.945974,0.137473,0.285036,0.164263],
[0.813474,0.781080,0.071921,0.637142,0.154183,0.379512,0.185099,0.192705,0.307115,0.209909,0.551518,0.187334,0.429274,0.475810,0.311693,0.285858,0.196620,0.498991,0.769150,0.147887,0.666579,0.262023,0.017375,0.320472,0.017821,0.226471,0.626916,0.963795,0.363943,0.911951],
[0.128057,0.177418,0.693032,0.199978,0.814560,0.847215,0.579490,0.999659,0.039920,0.886605,0.209568,0.591438,0.073939,0.638842,0.067248,0.385633,0.924700,0.263868,0.884623,0.693850,0.411756,0.551202,0.955873,0.429130,0.871674,0.973693,0.655601,0.498590,0.937488,0.019544],
[0.410541,0.065545,0.196962,0.103573,0.265524,0.011522,0.950787,0.845014,0.011181,0.990707,0.731619,0.220749,0.582145,0.805559,0.859590,0.649393,0.191191,0.784290,0.913261,0.075815,0.478140,0.325017,0.627017,0.434013,0.754147,0.498692,0.407706,0.409748,0.997281,0.345194],
[0.429292,0.407823,0.410739,0.626254,0.511395,0.676263,0.637776,0.462182,0.521277,0.648957,0.452889,0.252896,0.869706,0.035034,0.058455,0.729296,0.684427,0.249646,0.513586,0.597688,0.325461,0.991726,0.922704,0.952478,0.425739,0.676851,0.451169,0.833445,0.086599,0.448451],
[0.178639,0.515891,0.856273,0.589378,0.142145,0.367669,0.265641,0.779921,0.829851,0.786919,0.428878,0.282740,0.039815,0.298584,0.317774,0.098270,0.027880,0.002201,0.347916,0.541467,0.599889,0.673377,0.533193,0.522593,0.625855,0.958932,0.199445,0.077024,0.792376,0.286044],
[0.525475,0.971015,0.801935,0.381748,0.560394,0.944080,0.749417,0.826035,0.724001,0.579268,0.612954,0.152879,0.862009,0.652769,0.451463,0.179783,0.751039,0.479344,0.181984,0.098955,0.020810,0.781873,0.772332,0.554003,0.304467,0.398186,0.512935,0.503912,0.475210,0.305311],
[0.789955,0.000685,0.276327,0.591890,0.382434,0.836720,0.535970,0.131851,0.662755,0.259970,0.711119,0.275709,0.412850,0.573128,0.928478,0.864313,0.752911,0.679517,0.343657,0.934895,0.778471,0.364467,0.716769,0.550803,0.918470,0.021236,0.948989,0.431405,0.525147,0.424200],
[0.736716,0.315102,0.424885,0.013043,0.906992,0.807318,0.849763,0.442962,0.939169,0.512518,0.702932,0.650288,0.788227,0.115782,0.223416,0.716705,0.980094,0.976327,0.396222,0.323751,0.911222,0.174693,0.688218,0.627991,0.725496,0.606688,0.649226,0.674485,0.038093,0.174373],
[0.098684,0.774809,0.489476,0.523569,0.787851,0.396468,0.330888,0.637614,0.839430,0.270057,0.150132,0.542362,0.920345,0.938359,0.658143,0.143761,0.655064,0.638238,0.120088,0.051286,0.961989,0.031310,0.225978,0.650207,0.659301,0.951474,0.256894,0.308527,0.625959,0.294987],
[0.482900,0.724643,0.069795,0.972376,0.248213,0.857646,0.368844,0.579100,0.495260,0.208273,0.849157,0.645392,0.750635,0.769503,0.583751,0.408778,0.913264,0.238815,0.047016,0.033352,0.290101,0.009005,0.064662,0.516079,0.659211,0.723963,0.467554,0.916106,0.032489,0.093513],
[0.211093,0.515389,0.818156,0.280888,0.487765,0.066369,0.138535,0.856609,0.645469,0.633795,0.064882,0.494626,0.279187,0.815517,0.264129,0.862938,0.224296,0.177393,0.101754,0.271312,0.210745,0.391855,0.280317,0.275408,0.907934,0.939528,0.999370,0.375488,0.855634,0.031860],
[0.469000,0.066727,0.547249,0.287156,0.347615,0.035014,0.353525,0.486149,0.891623,0.998994,0.119944,0.956505,0.493620,0.399131,0.772023,0.757749,0.262070,0.996318,0.935143,0.363823,0.267630,0.145888,0.755678,0.547947,0.421295,0.663613,0.487475,0.420666,0.039100,0.343109],
[0.452525,0.508101,0.409835,0.999775,0.795257,0.757450,0.034789,0.148782,0.243599,0.926412,0.147776,0.363543,0.882918,0.641396,0.762675,0.654941,0.399145,0.024744,0.651259,0.334288,0.388568,0.918889,0.480176,0.144246,0.466835,0.901471,0.807859,0.954310,0.322137,0.846959],
[0.297419,0.774662,0.355059,0.707254,0.774437,0.150316,0.464704,0.809226,0.299098,0.708304,0.735638,0.446874,0.071847,0.618556,0.088270,0.834522,0.273497,0.487415,0.859266,0.924756,0.821703,0.247834,0.843644,0.301878,0.392080,0.310480,0.203349,0.199938,0.264790,0.525486],
[0.046897,0.562208,0.300148,0.401957,0.269462,0.074585,0.552273,0.734167,0.883811,0.851371,0.442470,0.619449,0.298245,0.514318,0.238005,0.386515,0.348840,0.511502,0.873929,0.208106,0.436258,0.695632,0.455939,0.279902,0.997510,0.848019,0.590382,0.200859,0.047958,0.855171],
[0.726345,0.094855,0.417380,0.026493,0.496811,0.686842,0.101077,0.049084,0.421009,0.984888,0.900455,0.863479,0.604337,0.198700,0.377797,0.842342,0.585215,0.726636,0.353845,0.459144,0.934742,0.790103,0.154776,0.390681,0.070005,0.152286,0.238701,0.660386,0.353145,0.286658],
[0.515558,0.079490,0.381513,0.932937,0.105983,0.878324,0.619779,0.207060,0.927409,0.040788,0.191948,0.827864,0.904267,0.796285,0.026564,0.282064,0.638628,0.611780,0.008701,0.992473,0.070924,0.943443,0.782575,0.225700,0.334124,0.852580,0.377987,0.572825,0.512966,0.731132],
[0.859483,0.028524,0.810622,0.240996,0.961461,0.916605,0.119320,0.581240,0.123665,0.046729,0.622028,0.315614,0.874593,0.526295,0.111899,0.901157,0.808359,0.750527,0.512937,0.817060,0.743000,0.583861,0.760502,0.525575,0.809561,0.094627,0.378155,0.187548,0.667451,0.891121],
[0.918680,0.526934,0.919645,0.729302,0.767930,0.881106,0.645907,0.887250,0.462346,0.769573,0.933979,0.084374,0.085187,0.808572,0.610669,0.197086,0.709729,0.419028,0.947613,0.222665,0.236087,0.690613,0.806526,0.996590,0.216188,0.616087,0.091216,0.594342,0.803635,0.758668],
[0.485464,0.722314,0.285602,0.405108,0.451616,0.053532,0.286214,0.097524,0.940783,0.748560,0.867097,0.874762,0.832934,0.952283,0.683334,0.443602,0.149369,0.393062,0.862630,0.096982,0.615728,0.098718,0.787595,0.422254,0.095307,0.003782,0.038341,0.186524,0.598125,0.841975],
[0.945191,0.083588,0.564289,0.230794,0.488697,0.015906,0.284326,0.774911,0.113430,0.225109,0.523471,0.980526,0.099871,0.356405,0.932809,0.783205,0.800007,0.082178,0.176267,0.662638,0.179160,0.791995,0.761355,0.966755,0.214249,0.856663,0.970537,0.252589,0.043186,0.568662],
[0.094565,0.988378,0.652250,0.658854,0.219171,0.140946,0.674760,0.503497,0.915857,0.788189,0.728606,0.439328,0.768715,0.828477,0.795733,0.701525,0.611682,0.595740,0.783703,0.787949,0.258378,0.962863,0.579944,0.019733,0.929618,0.794193,0.876396,0.900156,0.046782,0.919582]]];

c=[[1,5,1,7,10,5,3,2,1,8,3,3,2,10,4,8,4,2,7,1,3,6,1,5,3,5,9,5,7,4],
[9,7,8,9,3,7,6,8,10,6,5,2,1,6,1,4,5,6,7,2,7,9,7,9,3,9,3,4,5,1],
[7,4,7,4,4,2,2,9,1,3,7,5,6,7,2,6,10,7,4,7,10,2,7,6,10,2,6,4,5,1],
[5,3,4,3,8,9,6,1,8,6,3,4,10,8,10,4,5,9,10,8,7,9,1,4,6,10,5,3,6,1],
[3,10,5,8,4,4,7,10,4,6,7,8,9,9,7,10,2,3,10,3,3,7,1,3,2,8,3,8,10,10],
[8,5,9,4,4,4,7,2,5,10,7,2,9,7,10,5,6,3,9,6,5,1,4,7,4,5,4,8,2,5],
[7,1,9,7,4,5,10,10,6,7,1,3,8,9,9,9,5,5,1,3,2,5,4,5,1,9,9,6,6,2],
[10,2,2,1,10,7,5,9,8,10,5,8,4,4,8,5,4,4,1,4,8,2,10,3,6,2,1,6,9,8],
[7,9,1,10,1,10,8,5,1,5,6,7,4,10,3,1,4,6,6,4,10,5,7,1,8,2,5,10,9,3],
[8,7,1,10,8,1,10,5,7,2,9,3,8,2,2,10,4,7,6,1,2,7,5,8,9,4,9,3,4,9],
[6,3,5,8,2,2,9,3,8,7,4,6,9,2,9,2,3,4,10,10,4,1,8,10,8,7,4,8,9,7],
[6,6,1,2,4,2,5,4,5,2,10,10,7,1,1,7,4,6,10,4,5,5,4,5,5,2,1,8,1,1],
[6,7,7,6,8,10,9,3,3,3,4,4,3,3,4,5,1,8,2,3,1,9,7,6,3,3,9,5,10,10],
[5,7,6,1,4,5,2,3,9,6,7,5,10,1,9,5,8,9,4,9,1,6,9,8,2,1,10,10,7,2],
[9,2,10,6,2,4,3,6,8,1,1,4,5,2,5,3,7,4,4,2,4,4,8,3,3,9,5,5,10,2],
[8,1,3,7,8,6,2,10,3,9,3,4,3,9,5,9,2,3,2,7,5,5,2,2,9,5,2,6,1,3],
[7,8,5,1,6,3,8,8,4,3,6,6,6,10,5,2,8,8,7,1,6,1,8,7,4,8,3,7,3,3],
[1,1,2,6,3,10,10,3,7,5,5,4,3,2,4,9,3,3,8,1,4,3,3,1,1,8,8,4,6,3],
[8,7,3,2,4,6,1,5,8,9,9,4,2,3,5,5,1,9,8,10,10,3,2,2,5,5,2,2,8,7],
[4,7,3,9,8,8,4,10,2,3,8,3,8,2,5,2,8,8,10,7,7,1,9,9,5,3,3,6,7,2],
[2,2,10,7,10,10,4,5,9,6,9,9,8,6,2,4,7,9,1,9,6,8,1,6,8,5,9,10,2,7],
[3,6,8,2,2,10,1,5,4,2,2,5,2,1,10,3,5,9,1,5,9,8,2,9,4,1,6,4,2,7],
[10,4,2,7,8,3,8,10,10,2,1,3,8,2,4,7,6,10,7,7,6,5,6,10,6,9,10,1,2,2],
[9,1,5,1,10,4,5,7,4,6,10,6,9,7,10,4,6,5,5,2,3,10,9,9,9,6,7,1,6,1],
[2,6,3,8,6,4,2,3,1,7,8,2,2,8,1,1,3,6,6,9,9,10,9,9,8,9,4,7,9,1],
[7,10,7,9,10,4,3,1,6,5,7,6,8,8,5,8,1,10,5,8,8,4,7,8,2,7,7,8,3,7],
[8,1,9,6,1,8,10,5,8,7,9,6,2,9,5,9,6,5,10,1,4,7,6,1,7,9,9,5,6,1],
[1,6,3,9,1,3,6,2,8,5,9,8,10,2,6,5,2,2,1,1,4,5,10,1,7,6,9,5,10,7],
[7,2,2,9,1,4,3,6,8,10,1,6,8,2,9,5,6,1,8,9,1,1,3,2,1,1,7,2,5,8],
[8,3,10,1,1,10,4,3,7,1,5,9,8,4,1,7,8,8,9,6,6,9,6,8,3,9,8,1,10,4],
];
