m=30;
n=30;
p=3;
q=3;

alpha=[0.832974,0.866662,0.872833,0.632892,0.776572,0.841732];

proba=[[[0.308538,0.213932,0.308554,0.681829,0.205191,0.896631,0.606442,0.743513,0.008405,0.781697,0.097092,0.203459,0.818969,0.305715,0.124531,0.752122,0.441687,0.676119,0.830919,0.575766,0.075742,0.353437,0.622284,0.187017,0.274978,0.288231,0.920341,0.020643,0.554016,0.473486],
[0.704108,0.862554,0.687417,0.012662,0.544383,0.892608,0.909293,0.150826,0.636121,0.917698,0.932523,0.733213,0.121157,0.751492,0.038929,0.245687,0.503614,0.480616,0.921806,0.334532,0.056382,0.997548,0.687969,0.678665,0.184565,0.962947,0.966896,0.104906,0.983589,0.520912],
[0.578392,0.687697,0.383466,0.265809,0.700359,0.927850,0.158417,0.609652,0.078676,0.794538,0.527349,0.011198,0.527752,0.648506,0.762690,0.566680,0.894193,0.266304,0.047296,0.815999,0.600836,0.103678,0.813547,0.288805,0.782343,0.998112,0.251752,0.749239,0.103019,0.235341],
[0.270151,0.681410,0.923038,0.653617,0.947220,0.623397,0.581467,0.105637,0.233048,0.660143,0.900175,0.760397,0.671341,0.427927,0.408903,0.434032,0.994608,0.303096,0.700335,0.041904,0.119095,0.301171,0.145581,0.932642,0.589977,0.927924,0.930754,0.841728,0.677163,0.033773],
[0.077069,0.947314,0.715183,0.000107,0.600932,0.662403,0.623504,0.182399,0.768040,0.856552,0.842542,0.668215,0.616949,0.513883,0.096143,0.025852,0.947915,0.090750,0.328948,0.648250,0.132654,0.448043,0.949422,0.278235,0.380686,0.539398,0.206159,0.311440,0.381127,0.883322],
[0.345213,0.458196,0.830637,0.060396,0.458303,0.431568,0.722799,0.081807,0.613967,0.490839,0.938359,0.456509,0.159055,0.555308,0.970392,0.255197,0.581160,0.918307,0.345948,0.910108,0.566558,0.478602,0.358152,0.515980,0.756837,0.738837,0.055378,0.962996,0.050277,0.436505],
[0.846319,0.395490,0.894700,0.676955,0.455886,0.353004,0.108524,0.178685,0.434811,0.722491,0.669524,0.373169,0.179000,0.828579,0.928477,0.149392,0.083776,0.509637,0.067700,0.429724,0.419745,0.634258,0.908326,0.777897,0.150237,0.665163,0.516734,0.205615,0.628159,0.567011],
[0.642120,0.474478,0.962501,0.536820,0.151433,0.418387,0.889824,0.259957,0.597072,0.324634,0.982448,0.266596,0.697804,0.161448,0.095175,0.626281,0.310840,0.178951,0.135918,0.378540,0.608675,0.555664,0.012797,0.517001,0.333561,0.163034,0.182164,0.850295,0.368650,0.810323],
[0.417306,0.010769,0.284801,0.379807,0.547589,0.436235,0.798194,0.437413,0.696192,0.395265,0.762047,0.678639,0.661862,0.459851,0.840087,0.757037,0.086132,0.150927,0.935988,0.222051,0.529467,0.544664,0.777715,0.542264,0.061665,0.111275,0.705298,0.243828,0.961570,0.073948],
[0.054152,0.378876,0.084717,0.338953,0.758683,0.632306,0.775187,0.556876,0.069719,0.471379,0.952142,0.831767,0.150018,0.614003,0.291618,0.990105,0.371040,0.377750,0.141032,0.307028,0.599801,0.670499,0.851692,0.377516,0.212762,0.913356,0.488791,0.918061,0.157185,0.450361],
[0.992009,0.211336,0.829237,0.076726,0.550289,0.587919,0.709032,0.325476,0.144795,0.778751,0.796855,0.096937,0.610517,0.946874,0.710940,0.902135,0.936979,0.081980,0.279885,0.078011,0.389009,0.879686,0.748509,0.240700,0.257202,0.961272,0.154057,0.745993,0.879333,0.311241],
[0.196354,0.871341,0.522578,0.025590,0.948067,0.072867,0.613509,0.657099,0.398343,0.758305,0.435850,0.195198,0.855242,0.046367,0.142072,0.566182,0.948503,0.079051,0.648162,0.228388,0.157062,0.037171,0.108075,0.905571,0.277871,0.365277,0.866843,0.431928,0.111270,0.746176],
[0.743169,0.307623,0.617517,0.265747,0.333213,0.565584,0.338613,0.946723,0.222683,0.736957,0.705027,0.658533,0.932155,0.560269,0.704901,0.074227,0.126451,0.653404,0.153277,0.774613,0.881792,0.310339,0.811784,0.989866,0.215910,0.089656,0.355143,0.082753,0.521583,0.466413],
[0.828929,0.264752,0.774036,0.446446,0.530499,0.107249,0.012030,0.869112,0.053972,0.234714,0.606069,0.758999,0.893247,0.538224,0.319268,0.598148,0.612451,0.445719,0.251551,0.765728,0.220332,0.133343,0.076067,0.032117,0.123210,0.291977,0.121772,0.478353,0.374730,0.643355],
[0.944766,0.203659,0.908108,0.718801,0.650105,0.438607,0.826051,0.662135,0.307719,0.880022,0.896849,0.913788,0.639021,0.790096,0.452012,0.958289,0.388244,0.064462,0.404008,0.639796,0.830190,0.624341,0.773139,0.906257,0.656457,0.896348,0.198234,0.778229,0.374701,0.572965],
[0.421585,0.319467,0.776624,0.329692,0.038268,0.426729,0.768299,0.864319,0.088864,0.076018,0.744341,0.985713,0.989805,0.383363,0.775809,0.441817,0.341652,0.164053,0.506279,0.745660,0.803849,0.336469,0.370001,0.576988,0.242726,0.026458,0.473336,0.440961,0.804688,0.848037],
[0.013925,0.226272,0.167504,0.790549,0.555965,0.205772,0.217278,0.324263,0.070091,0.306142,0.400281,0.814432,0.291855,0.390086,0.197794,0.067664,0.831903,0.539446,0.231718,0.338182,0.285107,0.035567,0.674651,0.655108,0.612554,0.917378,0.681566,0.085890,0.358338,0.486253],
[0.933928,0.372264,0.712526,0.101431,0.162813,0.268490,0.307203,0.380091,0.592753,0.377294,0.686233,0.993034,0.191725,0.978087,0.383121,0.389520,0.045752,0.215024,0.928966,0.277469,0.553206,0.214073,0.313036,0.227857,0.869180,0.925591,0.145235,0.550746,0.011481,0.503573],
[0.036999,0.945409,0.875837,0.749525,0.046840,0.038650,0.018015,0.354043,0.418741,0.610768,0.731337,0.104974,0.603803,0.923062,0.083061,0.986923,0.312582,0.128813,0.201947,0.241548,0.406282,0.755153,0.455620,0.719319,0.983010,0.324800,0.644909,0.128245,0.875546,0.656390],
[0.631819,0.912545,0.601799,0.507656,0.662070,0.648639,0.546307,0.680085,0.002682,0.965048,0.290854,0.734018,0.070021,0.894656,0.657080,0.153083,0.881580,0.969662,0.281896,0.083527,0.211210,0.688178,0.838680,0.666830,0.407496,0.821691,0.991630,0.052406,0.949936,0.867176],
[0.708796,0.581755,0.779722,0.310595,0.089411,0.441792,0.959233,0.635718,0.121877,0.961915,0.600765,0.412731,0.695933,0.670787,0.307388,0.353014,0.823869,0.188967,0.322676,0.105765,0.272494,0.533885,0.793943,0.111175,0.200715,0.201439,0.932865,0.192345,0.253845,0.882802],
[0.059521,0.962641,0.464557,0.839243,0.273236,0.553968,0.281035,0.232469,0.189685,0.402912,0.194384,0.790451,0.815643,0.890318,0.461237,0.123031,0.243331,0.285107,0.311999,0.566007,0.390872,0.584493,0.099892,0.184815,0.695668,0.300607,0.386254,0.628533,0.492952,0.640099],
[0.511335,0.552473,0.602740,0.975891,0.391716,0.875975,0.529859,0.672751,0.108444,0.719544,0.075663,0.302829,0.509995,0.891307,0.193146,0.971232,0.014338,0.436478,0.256339,0.326336,0.002485,0.647211,0.910829,0.102377,0.832026,0.606497,0.402984,0.218280,0.235030,0.895936],
[0.858379,0.746365,0.448409,0.461119,0.722256,0.840125,0.337094,0.252115,0.512876,0.445539,0.971659,0.588539,0.748367,0.481654,0.479845,0.941513,0.452887,0.494183,0.377991,0.709226,0.820519,0.380476,0.356437,0.731348,0.482853,0.188463,0.337845,0.885837,0.406743,0.572875],
[0.781773,0.265122,0.319240,0.230182,0.726241,0.041497,0.070306,0.063335,0.293612,0.583182,0.508874,0.265271,0.171720,0.257241,0.746926,0.651565,0.198754,0.199812,0.145748,0.576746,0.909038,0.966267,0.957221,0.265475,0.697615,0.440074,0.453938,0.035460,0.325911,0.860681],
[0.608336,0.107684,0.125803,0.927576,0.337865,0.852044,0.969073,0.408172,0.915379,0.262685,0.991354,0.424253,0.527956,0.163074,0.681494,0.274881,0.814640,0.880248,0.474693,0.960388,0.456994,0.383731,0.926655,0.414215,0.649206,0.624270,0.854289,0.103144,0.659730,0.180200],
[0.963825,0.268066,0.287884,0.089628,0.195642,0.625749,0.941672,0.164714,0.033921,0.857051,0.427399,0.025274,0.281303,0.955354,0.188348,0.962797,0.230236,0.002988,0.843045,0.704929,0.963375,0.300039,0.088660,0.890030,0.714254,0.737866,0.514300,0.568543,0.841010,0.174030],
[0.748743,0.804835,0.442095,0.036627,0.894463,0.637737,0.662376,0.836134,0.802451,0.696297,0.693185,0.229850,0.721571,0.974488,0.185204,0.909919,0.937285,0.415440,0.912907,0.780330,0.120369,0.876282,0.080369,0.209030,0.766312,0.794623,0.946896,0.280612,0.363166,0.787906],
[0.454642,0.111909,0.592741,0.896738,0.148537,0.487204,0.534475,0.810913,0.323338,0.336926,0.507210,0.016523,0.566776,0.228781,0.991011,0.751980,0.138700,0.928296,0.167420,0.051607,0.708626,0.287790,0.927889,0.788994,0.496819,0.694202,0.583617,0.443715,0.974814,0.946783],
[0.231621,0.429456,0.058692,0.824362,0.326194,0.207229,0.311566,0.860668,0.018142,0.634904,0.197594,0.525351,0.651426,0.764370,0.754132,0.642437,0.516350,0.892832,0.570732,0.683771,0.944439,0.279358,0.971561,0.872329,0.068353,0.468380,0.566531,0.651970,0.912095,0.541345]],
[[0.598753,0.143716,0.970801,0.657445,0.968078,0.296995,0.864674,0.279644,0.157663,0.882815,0.914548,0.355258,0.408167,0.565974,0.119628,0.162299,0.208411,0.635978,0.055131,0.779143,0.319749,0.999570,0.058502,0.291310,0.871899,0.126854,0.759690,0.438430,0.778824,0.671785],
[0.979774,0.377577,0.815501,0.950575,0.035022,0.783579,0.247570,0.899695,0.063224,0.405233,0.782511,0.977771,0.760491,0.190677,0.543746,0.880119,0.352976,0.752156,0.516097,0.408107,0.531300,0.835846,0.407677,0.589801,0.127156,0.279576,0.716656,0.886846,0.718006,0.495480],
[0.558630,0.697780,0.873056,0.374131,0.648355,0.908078,0.157711,0.895925,0.807773,0.220934,0.301159,0.590284,0.198705,0.061650,0.780961,0.742451,0.941768,0.133937,0.494608,0.457865,0.542044,0.025907,0.293712,0.949721,0.615709,0.420868,0.229297,0.332365,0.307714,0.947302],
[0.827844,0.866344,0.645082,0.700900,0.240475,0.293438,0.608978,0.398186,0.189363,0.416751,0.619120,0.490522,0.007035,0.817825,0.552171,0.787996,0.560276,0.493940,0.921933,0.054884,0.951805,0.463977,0.080791,0.245517,0.413697,0.696500,0.666385,0.642994,0.028865,0.974099],
[0.590296,0.856709,0.840443,0.235378,0.557609,0.080918,0.528816,0.166588,0.479104,0.718179,0.583339,0.098224,0.208700,0.590374,0.916049,0.760872,0.378370,0.476326,0.254811,0.300303,0.531210,0.206616,0.764280,0.612001,0.452133,0.177977,0.308502,0.118518,0.820971,0.337366],
[0.092617,0.411266,0.194075,0.933059,0.646645,0.751684,0.013978,0.175460,0.918272,0.493082,0.893639,0.501611,0.591306,0.102339,0.091985,0.507355,0.863211,0.470356,0.983681,0.118022,0.770659,0.514891,0.324638,0.534939,0.126892,0.776772,0.712916,0.435394,0.895290,0.533887],
[0.772760,0.987906,0.945153,0.966835,0.920966,0.591798,0.718519,0.934943,0.767258,0.636791,0.428025,0.660897,0.138402,0.019330,0.763236,0.230388,0.526685,0.626447,0.700743,0.510366,0.744469,0.471403,0.025257,0.069108,0.006342,0.152149,0.845879,0.719258,0.587543,0.741169],
[0.253144,0.360303,0.729075,0.198297,0.327138,0.650041,0.790095,0.045657,0.584984,0.557353,0.682449,0.013009,0.218250,0.820851,0.032339,0.981486,0.051239,0.559024,0.607933,0.751982,0.069390,0.352402,0.223385,0.094647,0.421509,0.229726,0.246797,0.267389,0.948984,0.834339],
[0.008557,0.202129,0.194642,0.737632,0.400426,0.521780,0.387673,0.190521,0.567437,0.972657,0.747874,0.249885,0.985665,0.966123,0.070736,0.018004,0.947609,0.121975,0.577028,0.555542,0.873957,0.646419,0.907943,0.097342,0.741066,0.329453,0.327068,0.987862,0.596841,0.276053],
[0.822202,0.605399,0.478181,0.016844,0.343031,0.878607,0.538623,0.730704,0.069128,0.106060,0.703361,0.817002,0.355946,0.689026,0.783126,0.426682,0.707030,0.730735,0.548657,0.284059,0.286276,0.422614,0.930477,0.194220,0.519956,0.671543,0.523673,0.847025,0.659405,0.120514],
[0.123077,0.481607,0.725913,0.601259,0.498451,0.068944,0.479866,0.037074,0.799648,0.548994,0.143135,0.503009,0.365997,0.499080,0.192035,0.149123,0.925762,0.899066,0.879857,0.474419,0.183125,0.166134,0.897033,0.113602,0.360353,0.416989,0.785145,0.884026,0.264013,0.444550],
[0.004540,0.387091,0.926157,0.730453,0.988349,0.424608,0.799397,0.468215,0.461683,0.599045,0.017210,0.604817,0.102054,0.383206,0.103897,0.294089,0.532329,0.029659,0.193155,0.412186,0.504078,0.376280,0.578320,0.401111,0.489881,0.938673,0.818099,0.275026,0.822699,0.082113],
[0.719576,0.827239,0.469203,0.645734,0.557691,0.457552,0.070342,0.357088,0.925768,0.532024,0.956133,0.942977,0.136842,0.058186,0.326183,0.240739,0.352276,0.858512,0.270398,0.545431,0.270699,0.774476,0.921710,0.849018,0.175587,0.411591,0.787692,0.993686,0.686617,0.610391],
[0.075799,0.406194,0.437629,0.545002,0.051927,0.995321,0.002555,0.122269,0.352409,0.928322,0.654293,0.308541,0.871299,0.791135,0.366728,0.197483,0.031874,0.719003,0.055995,0.302272,0.264434,0.326694,0.076748,0.186144,0.175712,0.252335,0.597735,0.963404,0.246022,0.284353],
[0.573795,0.321821,0.690546,0.011424,0.866823,0.742473,0.006745,0.869378,0.864742,0.359154,0.797700,0.519036,0.667695,0.669000,0.310171,0.034423,0.866482,0.342045,0.753426,0.922478,0.644317,0.017860,0.249172,0.721066,0.204004,0.424884,0.973401,0.801739,0.388288,0.219422],
[0.086092,0.962083,0.541243,0.776638,0.973507,0.408066,0.519111,0.980252,0.277444,0.383854,0.339406,0.075144,0.902889,0.007101,0.744144,0.213060,0.041524,0.610626,0.555105,0.794950,0.533104,0.199422,0.812810,0.782276,0.920487,0.016814,0.207160,0.893888,0.818553,0.595448],
[0.113310,0.904645,0.557531,0.654553,0.681283,0.531038,0.062619,0.200395,0.511290,0.340063,0.584248,0.850695,0.415207,0.487138,0.857796,0.159351,0.700197,0.899320,0.769977,0.255302,0.694270,0.303081,0.454724,0.507080,0.085356,0.375211,0.523894,0.292516,0.269099,0.342447],
[0.887964,0.382409,0.247092,0.445494,0.036962,0.928375,0.976532,0.099581,0.128770,0.487822,0.439645,0.713018,0.338517,0.854852,0.200156,0.196313,0.014203,0.900353,0.095633,0.784180,0.155655,0.789903,0.087260,0.610379,0.296983,0.172617,0.985590,0.820877,0.465132,0.254689],
[0.163324,0.353096,0.637098,0.410416,0.798591,0.674060,0.338791,0.775123,0.773641,0.467561,0.262944,0.213286,0.180580,0.601461,0.068138,0.380736,0.797774,0.082340,0.281089,0.893407,0.866520,0.436745,0.683310,0.953780,0.047124,0.980294,0.126397,0.032714,0.801171,0.591529],
[0.287402,0.964495,0.944625,0.924500,0.374911,0.743216,0.598560,0.713702,0.518338,0.372201,0.181264,0.781283,0.585487,0.361844,0.382743,0.653624,0.742580,0.180518,0.735965,0.023669,0.073925,0.602484,0.460414,0.757235,0.556264,0.507538,0.737529,0.682661,0.540252,0.538699],
[0.274190,0.827654,0.503194,0.218815,0.752154,0.878105,0.962031,0.350714,0.591808,0.480369,0.722915,0.773072,0.261652,0.308402,0.134915,0.644395,0.962026,0.877495,0.824913,0.697991,0.901164,0.898837,0.300475,0.361578,0.656072,0.856739,0.869116,0.393601,0.539400,0.409368],
[0.932300,0.813590,0.237022,0.435494,0.032405,0.989176,0.313600,0.994436,0.339890,0.905407,0.474805,0.062805,0.678479,0.736456,0.371206,0.813395,0.380851,0.333232,0.690890,0.205764,0.031223,0.592054,0.104601,0.331698,0.953633,0.760673,0.188437,0.822749,0.154274,0.727837],
[0.232117,0.086574,0.541428,0.469139,0.522069,0.573833,0.458316,0.835668,0.568268,0.798206,0.741076,0.043073,0.861011,0.419555,0.779530,0.232217,0.232949,0.160381,0.565449,0.923839,0.366145,0.596672,0.515893,0.470746,0.928370,0.469526,0.231419,0.116807,0.292275,0.385694],
[0.844645,0.524392,0.472268,0.386072,0.993531,0.994337,0.959905,0.451847,0.830005,0.528174,0.250052,0.571081,0.571247,0.111063,0.990636,0.350776,0.343280,0.223585,0.511157,0.908729,0.147424,0.877302,0.505402,0.663318,0.348048,0.433772,0.132843,0.579467,0.550579,0.425118],
[0.965161,0.395224,0.949510,0.437429,0.781296,0.943041,0.431765,0.741202,0.394888,0.261770,0.269375,0.644940,0.832851,0.840622,0.756003,0.823487,0.191398,0.099283,0.047072,0.702555,0.008013,0.194496,0.579858,0.513414,0.857814,0.927906,0.947186,0.990657,0.507373,0.497765],
[0.415776,0.472534,0.892989,0.365286,0.909963,0.674286,0.308327,0.341728,0.415487,0.703215,0.603499,0.684862,0.348155,0.436350,0.525484,0.104158,0.259837,0.716882,0.203442,0.306909,0.419438,0.211455,0.501405,0.999295,0.724869,0.359219,0.927201,0.672055,0.349876,0.434574],
[0.169821,0.765652,0.907108,0.062810,0.130938,0.817071,0.737096,0.439264,0.158800,0.152583,0.142479,0.762298,0.837446,0.490634,0.198648,0.362930,0.594793,0.458485,0.079812,0.798234,0.765394,0.499250,0.009689,0.266800,0.498545,0.734558,0.626018,0.425746,0.406613,0.975895],
[0.860320,0.576434,0.741547,0.767428,0.639244,0.872484,0.584500,0.376340,0.311748,0.743299,0.528924,0.454228,0.505598,0.366369,0.944862,0.704246,0.729299,0.539654,0.162732,0.809111,0.337888,0.928126,0.308361,0.347577,0.194925,0.806906,0.082135,0.820944,0.232652,0.488749],
[0.796839,0.092972,0.065183,0.538385,0.860400,0.704427,0.410869,0.444900,0.080767,0.722618,0.188199,0.609691,0.176845,0.693797,0.976060,0.121707,0.398043,0.705359,0.661361,0.560775,0.514470,0.999249,0.488901,0.822831,0.346827,0.683826,0.629737,0.428962,0.504770,0.862388],
[0.917711,0.301609,0.955360,0.982894,0.839994,0.815761,0.687321,0.250863,0.260661,0.768088,0.973481,0.448860,0.377779,0.150326,0.142657,0.353839,0.272033,0.540700,0.059198,0.933394,0.101474,0.573668,0.932643,0.590375,0.396498,0.279470,0.274201,0.026235,0.708432,0.778971]],
[[0.888623,0.626143,0.080580,0.843983,0.609036,0.920574,0.659744,0.296357,0.171437,0.920405,0.064445,0.144918,0.369264,0.442224,0.295244,0.511921,0.796063,0.567277,0.052621,0.855260,0.500670,0.154095,0.428928,0.433314,0.744470,0.825426,0.712784,0.018672,0.851661,0.421216],
[0.797643,0.740284,0.047359,0.878223,0.584268,0.656395,0.798797,0.244012,0.952752,0.970234,0.164417,0.017197,0.115152,0.533681,0.459421,0.410396,0.045602,0.255484,0.977673,0.098223,0.110744,0.478343,0.252318,0.539672,0.911657,0.996789,0.365098,0.624441,0.015461,0.216759],
[0.045656,0.813103,0.957044,0.093015,0.691326,0.541312,0.749411,0.490123,0.785323,0.702163,0.460357,0.949740,0.719360,0.575509,0.483421,0.178782,0.985905,0.529023,0.434265,0.963578,0.627246,0.545009,0.441921,0.879565,0.084681,0.353577,0.876353,0.449779,0.978018,0.891814],
[0.666539,0.023674,0.704917,0.623582,0.116690,0.396244,0.164894,0.866100,0.886367,0.950217,0.568263,0.346724,0.899957,0.287624,0.922233,0.383378,0.466405,0.908138,0.912401,0.900671,0.871716,0.539648,0.445680,0.313636,0.419212,0.530362,0.667214,0.295566,0.980141,0.645231],
[0.187380,0.646680,0.668906,0.892297,0.270262,0.785595,0.288541,0.435156,0.651696,0.174908,0.385374,0.219959,0.521632,0.285331,0.507583,0.443865,0.668709,0.973988,0.352003,0.581111,0.874659,0.223719,0.120758,0.320340,0.537355,0.539971,0.850701,0.204568,0.835536,0.830843],
[0.849800,0.022916,0.477523,0.518706,0.915213,0.747785,0.304301,0.203754,0.182942,0.955997,0.378661,0.568315,0.175956,0.900293,0.853647,0.683539,0.344158,0.522356,0.657527,0.696161,0.103467,0.532186,0.919879,0.224225,0.852526,0.457234,0.764196,0.703227,0.661802,0.599732],
[0.534070,0.511602,0.622648,0.011593,0.030308,0.537861,0.759378,0.334609,0.741614,0.942320,0.290606,0.120275,0.510635,0.466562,0.020568,0.364281,0.150101,0.364726,0.886637,0.807628,0.060886,0.990104,0.339814,0.980765,0.214330,0.192340,0.437999,0.978526,0.895568,0.099802],
[0.578258,0.429638,0.611404,0.200906,0.441230,0.641712,0.738767,0.200608,0.976322,0.480381,0.142928,0.266928,0.600656,0.653563,0.733490,0.621225,0.017844,0.883591,0.985950,0.904481,0.691220,0.046837,0.894586,0.031034,0.027602,0.108915,0.223374,0.465602,0.087441,0.118942],
[0.565404,0.665699,0.548579,0.176808,0.866605,0.989810,0.818520,0.605371,0.190418,0.794842,0.085752,0.333346,0.061770,0.686409,0.986908,0.795260,0.307633,0.004752,0.678852,0.293584,0.909234,0.370071,0.340421,0.803820,0.401105,0.368023,0.912735,0.624479,0.833625,0.000176],
[0.743421,0.399028,0.665875,0.292000,0.575836,0.532480,0.281810,0.394357,0.137851,0.472228,0.189199,0.223604,0.805573,0.250969,0.910012,0.792481,0.046229,0.217646,0.797234,0.725081,0.511230,0.706468,0.095152,0.851650,0.510287,0.496258,0.219673,0.423022,0.120737,0.053297],
[0.423198,0.864158,0.452326,0.089074,0.156158,0.028162,0.621554,0.437968,0.422518,0.759405,0.910196,0.611717,0.983009,0.715769,0.862686,0.893021,0.508250,0.908915,0.110667,0.305484,0.633995,0.621897,0.011952,0.729148,0.473547,0.522239,0.225405,0.693220,0.945261,0.346142],
[0.746517,0.368460,0.210300,0.198843,0.457533,0.366458,0.227005,0.079087,0.804426,0.649523,0.838492,0.714622,0.261240,0.821501,0.430391,0.123926,0.714522,0.938641,0.032840,0.825189,0.244125,0.666836,0.447086,0.256077,0.395984,0.920633,0.778316,0.621389,0.613853,0.723577],
[0.967531,0.360371,0.092036,0.177831,0.559214,0.549570,0.544289,0.786218,0.628657,0.348716,0.435742,0.467149,0.063338,0.696982,0.288649,0.493728,0.820908,0.003172,0.432370,0.853748,0.828361,0.676495,0.520584,0.275448,0.932572,0.916567,0.196081,0.710887,0.537956,0.809934],
[0.434464,0.505487,0.170305,0.526500,0.683318,0.729518,0.076070,0.227607,0.515737,0.704727,0.576323,0.951478,0.171875,0.639660,0.648460,0.460525,0.133389,0.469368,0.463696,0.565758,0.323116,0.292058,0.242253,0.843699,0.567505,0.174825,0.760266,0.763586,0.885712,0.298222],
[0.573520,0.320176,0.803709,0.743824,0.846677,0.487027,0.473343,0.922747,0.714634,0.989079,0.627473,0.290957,0.940557,0.799348,0.930617,0.589018,0.259873,0.064006,0.058385,0.723569,0.629764,0.381501,0.015627,0.872018,0.225200,0.583132,0.046842,0.985467,0.346717,0.932554],
[0.283689,0.920237,0.252730,0.087398,0.664062,0.099407,0.574425,0.137404,0.022154,0.289060,0.126484,0.649627,0.580017,0.067041,0.448975,0.510634,0.656059,0.708848,0.574640,0.714444,0.432417,0.204404,0.095945,0.448043,0.076422,0.321145,0.031175,0.123264,0.306612,0.377892],
[0.055818,0.590301,0.298130,0.308549,0.677700,0.962192,0.407956,0.252125,0.099596,0.430109,0.541185,0.226079,0.079736,0.121202,0.293120,0.528711,0.631835,0.949179,0.237559,0.206475,0.663623,0.669975,0.410880,0.759568,0.118019,0.487302,0.080713,0.149194,0.610566,0.387325],
[0.527086,0.666384,0.977627,0.825216,0.974933,0.655327,0.787407,0.382889,0.907452,0.887003,0.812999,0.448637,0.113083,0.892735,0.569838,0.406203,0.421446,0.201674,0.355382,0.659004,0.408149,0.019005,0.328980,0.819029,0.778573,0.446999,0.306331,0.859286,0.596192,0.916897],
[0.246612,0.123278,0.583281,0.224239,0.948494,0.558214,0.879565,0.735901,0.941104,0.787017,0.622904,0.754102,0.235654,0.735987,0.646837,0.805493,0.142190,0.068282,0.007166,0.497572,0.727287,0.415316,0.516577,0.056267,0.234345,0.295150,0.503266,0.540675,0.154436,0.099458],
[0.457572,0.401048,0.222736,0.040853,0.625287,0.171230,0.599068,0.504852,0.907131,0.540171,0.291869,0.530035,0.294273,0.527524,0.266022,0.941110,0.333016,0.408212,0.009392,0.340183,0.905784,0.736679,0.755498,0.422361,0.792946,0.989843,0.717511,0.296212,0.530518,0.871947],
[0.395670,0.988091,0.272995,0.618405,0.028944,0.898282,0.789635,0.628012,0.403134,0.696766,0.168183,0.695004,0.226801,0.462456,0.222527,0.492823,0.403566,0.555544,0.901035,0.412959,0.895726,0.806819,0.149638,0.651225,0.229180,0.942585,0.641068,0.946690,0.238796,0.171586],
[0.818637,0.634466,0.159677,0.091633,0.252871,0.188621,0.989915,0.042507,0.816633,0.393049,0.739273,0.984816,0.088053,0.966074,0.447272,0.310580,0.458897,0.850839,0.866124,0.359933,0.263798,0.761851,0.166751,0.413436,0.413075,0.395931,0.356021,0.054143,0.342621,0.594817],
[0.225730,0.161258,0.229283,0.385407,0.252891,0.482154,0.574028,0.242806,0.524661,0.390660,0.635855,0.263934,0.375476,0.723908,0.230008,0.822749,0.034488,0.688905,0.673587,0.900612,0.048838,0.937385,0.662463,0.215589,0.350821,0.075538,0.611521,0.706841,0.129682,0.954142],
[0.301658,0.355411,0.115400,0.530941,0.740818,0.368291,0.013095,0.314845,0.611097,0.537756,0.705506,0.246952,0.801690,0.080982,0.970859,0.031698,0.903731,0.005347,0.720603,0.577318,0.905959,0.769441,0.514703,0.568422,0.985031,0.865524,0.643960,0.596551,0.572365,0.773642],
[0.550693,0.874023,0.129053,0.666093,0.404965,0.869871,0.034384,0.418060,0.184716,0.645481,0.955816,0.890222,0.892433,0.757506,0.971204,0.863292,0.789204,0.874935,0.868639,0.509808,0.452254,0.774598,0.279249,0.966957,0.343021,0.264280,0.832481,0.986981,0.860831,0.404846],
[0.760623,0.411524,0.278870,0.889676,0.077617,0.683834,0.759547,0.112002,0.101894,0.944263,0.757483,0.057710,0.834485,0.649915,0.815217,0.805690,0.513207,0.604421,0.680625,0.381846,0.114229,0.132879,0.156445,0.393478,0.099836,0.499465,0.657757,0.932316,0.486446,0.518589],
[0.337162,0.247069,0.930113,0.616032,0.136746,0.007730,0.299866,0.896292,0.119731,0.401760,0.840556,0.877214,0.459471,0.675041,0.527129,0.274687,0.480731,0.040337,0.879109,0.161356,0.422183,0.993337,0.294235,0.578627,0.386815,0.394070,0.078093,0.044573,0.326387,0.564539],
[0.563161,0.663549,0.811609,0.493274,0.279581,0.948354,0.501003,0.579447,0.844647,0.620735,0.981208,0.685202,0.497949,0.440678,0.360243,0.025078,0.715366,0.840974,0.065415,0.594474,0.002330,0.487598,0.587812,0.296564,0.066225,0.974627,0.690635,0.144318,0.019199,0.017022],
[0.708857,0.582360,0.680571,0.520466,0.075634,0.960153,0.468820,0.576638,0.539600,0.313466,0.197372,0.520808,0.998669,0.695321,0.961486,0.358912,0.720400,0.676852,0.199885,0.785815,0.271326,0.202215,0.273413,0.859138,0.498779,0.339638,0.833765,0.189414,0.483956,0.852964],
[0.206436,0.192813,0.435325,0.887007,0.713279,0.510959,0.847160,0.182099,0.087596,0.386760,0.495565,0.284969,0.907568,0.494234,0.980290,0.869054,0.853145,0.700690,0.545905,0.053031,0.486505,0.817232,0.255246,0.759918,0.676370,0.754025,0.099556,0.510134,0.943439,0.583511]],
[[0.363099,0.149876,0.776324,0.798423,0.036883,0.489603,0.309382,0.884043,0.671702,0.396978,0.270803,0.167267,0.681947,0.178370,0.661500,0.662237,0.047424,0.514646,0.362927,0.593329,0.567676,0.849432,0.410561,0.822922,0.609349,0.086930,0.576947,0.708905,0.597065,0.520386],
[0.292416,0.960163,0.670262,0.068741,0.758586,0.707145,0.558344,0.067968,0.591187,0.230045,0.464946,0.861990,0.397312,0.146893,0.040360,0.058812,0.809130,0.087784,0.573458,0.172056,0.681113,0.141134,0.021488,0.091674,0.964056,0.630838,0.178604,0.541002,0.339742,0.775669],
[0.061389,0.632159,0.735832,0.731650,0.700899,0.494418,0.438795,0.259243,0.562386,0.029982,0.489288,0.027332,0.891972,0.886600,0.174225,0.932332,0.945413,0.983355,0.020116,0.518870,0.155411,0.701229,0.660004,0.176900,0.792902,0.624060,0.807737,0.971506,0.165063,0.147480],
[0.747175,0.226451,0.779638,0.483006,0.958102,0.480538,0.977424,0.396896,0.739781,0.539811,0.426879,0.229069,0.567143,0.318851,0.115669,0.741368,0.251183,0.061082,0.724723,0.271298,0.579952,0.880134,0.972527,0.239957,0.057034,0.765429,0.864017,0.864771,0.736936,0.029079],
[0.012250,0.484110,0.255531,0.791889,0.967117,0.213632,0.272426,0.944541,0.610529,0.012207,0.484352,0.037407,0.241276,0.051494,0.356258,0.356945,0.792862,0.607441,0.418027,0.517585,0.878739,0.997980,0.397720,0.851266,0.237937,0.454753,0.616696,0.101954,0.319524,0.353631],
[0.131033,0.331775,0.837742,0.386564,0.123663,0.804859,0.600196,0.396090,0.749400,0.210725,0.408297,0.233751,0.248132,0.649573,0.285246,0.604390,0.006518,0.078108,0.211831,0.424546,0.595693,0.090570,0.422526,0.993413,0.941836,0.660462,0.448166,0.558532,0.762416,0.767690],
[0.912163,0.893449,0.099465,0.749905,0.280013,0.223129,0.554764,0.880209,0.619218,0.304163,0.090934,0.027515,0.537915,0.339066,0.677088,0.823160,0.943456,0.683607,0.901269,0.155287,0.108152,0.496962,0.245857,0.530678,0.490375,0.187693,0.191140,0.938541,0.746225,0.953556],
[0.706232,0.658389,0.847005,0.805697,0.408294,0.127018,0.028826,0.963058,0.007227,0.648044,0.267221,0.098160,0.675559,0.805136,0.437226,0.352648,0.628296,0.380682,0.036254,0.529565,0.535969,0.144407,0.026527,0.781826,0.675085,0.516902,0.969519,0.866225,0.455443,0.715744],
[0.819781,0.161675,0.374133,0.666786,0.967372,0.782427,0.793804,0.996197,0.745484,0.801031,0.644241,0.012706,0.899191,0.319801,0.817841,0.336417,0.672448,0.446137,0.717099,0.708703,0.975702,0.253067,0.853109,0.002229,0.034893,0.528194,0.519130,0.004412,0.394419,0.974573],
[0.720156,0.214200,0.136248,0.094289,0.880987,0.103620,0.876716,0.674791,0.099817,0.622200,0.475822,0.744058,0.634906,0.375013,0.063859,0.452747,0.711430,0.736307,0.898885,0.428528,0.445010,0.874587,0.681596,0.298119,0.876815,0.716489,0.826313,0.395946,0.720901,0.220732],
[0.370519,0.441057,0.434932,0.506768,0.535346,0.315919,0.610388,0.412062,0.990710,0.710205,0.034263,0.466532,0.454263,0.669169,0.841545,0.518122,0.121916,0.552974,0.254429,0.020800,0.981502,0.699439,0.895387,0.663098,0.997558,0.772203,0.379587,0.823871,0.168148,0.100488],
[0.044603,0.538668,0.541545,0.479535,0.045435,0.076891,0.795455,0.655823,0.488953,0.786165,0.366027,0.523216,0.252697,0.820291,0.192384,0.094241,0.338413,0.314300,0.647215,0.592842,0.335100,0.628717,0.292281,0.230488,0.291815,0.289839,0.002690,0.671402,0.113710,0.170839],
[0.771890,0.158313,0.709506,0.313434,0.637848,0.754941,0.390325,0.433303,0.410764,0.879278,0.219468,0.776791,0.402494,0.472164,0.597082,0.594878,0.566405,0.935495,0.909178,0.213620,0.528336,0.244279,0.842338,0.820617,0.474766,0.134153,0.110456,0.477457,0.805555,0.224166],
[0.648295,0.577445,0.382479,0.357801,0.890879,0.020327,0.112742,0.281204,0.453630,0.523506,0.160483,0.673098,0.300298,0.562977,0.145262,0.897380,0.157855,0.711667,0.832874,0.067033,0.925287,0.361211,0.311312,0.767625,0.181828,0.786079,0.901778,0.292284,0.263535,0.707333],
[0.516451,0.911830,0.284777,0.898930,0.269631,0.175656,0.919257,0.382374,0.456861,0.372887,0.905880,0.617343,0.045985,0.206178,0.180320,0.191247,0.103557,0.338175,0.902914,0.936431,0.405209,0.828201,0.297642,0.716521,0.595826,0.479470,0.502600,0.497603,0.771754,0.766135],
[0.204936,0.288205,0.677965,0.489713,0.187134,0.947596,0.665370,0.106391,0.329970,0.122230,0.479279,0.235850,0.739573,0.525264,0.442028,0.919894,0.716510,0.545586,0.258069,0.619424,0.482017,0.663277,0.447625,0.779659,0.379798,0.043451,0.259129,0.882398,0.541054,0.030883],
[0.648533,0.745990,0.319088,0.326497,0.235704,0.506223,0.274094,0.901073,0.612614,0.604064,0.023304,0.091892,0.839914,0.762877,0.617156,0.281943,0.682771,0.333667,0.827528,0.940839,0.953091,0.309545,0.604117,0.400716,0.089205,0.983915,0.444166,0.348334,0.866313,0.985220],
[0.379217,0.514846,0.731210,0.698305,0.841343,0.966914,0.204528,0.115437,0.867987,0.817142,0.719501,0.891291,0.909034,0.559415,0.654168,0.526190,0.841358,0.336938,0.859857,0.668886,0.277777,0.812947,0.978431,0.881894,0.213663,0.067636,0.865809,0.657829,0.415970,0.732122],
[0.643049,0.795187,0.246968,0.374260,0.493492,0.088311,0.341174,0.698020,0.203748,0.209161,0.515162,0.923249,0.100452,0.424196,0.482664,0.754620,0.950386,0.324021,0.091558,0.810243,0.992907,0.369335,0.623190,0.971338,0.251230,0.836853,0.038974,0.117039,0.494683,0.454944],
[0.849161,0.137732,0.250130,0.096129,0.511992,0.743622,0.184440,0.853166,0.441642,0.388189,0.062327,0.956804,0.311437,0.162779,0.381000,0.794101,0.917398,0.331386,0.118123,0.008956,0.141629,0.111030,0.378292,0.764819,0.082368,0.629521,0.601672,0.121342,0.746560,0.096355],
[0.576286,0.595721,0.234087,0.826416,0.691851,0.746079,0.570039,0.876291,0.599245,0.011681,0.264480,0.661572,0.968485,0.575917,0.824350,0.349485,0.370019,0.741749,0.680871,0.488141,0.750705,0.822500,0.599171,0.128997,0.587319,0.681539,0.758518,0.188991,0.802882,0.505078],
[0.285346,0.379167,0.100799,0.519433,0.205584,0.792650,0.265512,0.775623,0.668941,0.864756,0.787304,0.933421,0.526328,0.755789,0.509338,0.350678,0.105274,0.879357,0.092427,0.786145,0.367498,0.843132,0.608644,0.966669,0.972129,0.195963,0.648209,0.730647,0.384954,0.451090],
[0.235725,0.670300,0.830257,0.336524,0.189733,0.035841,0.129174,0.455244,0.811464,0.798115,0.320001,0.598768,0.731536,0.846329,0.354556,0.240874,0.197007,0.459830,0.120231,0.289435,0.245975,0.487729,0.132567,0.854619,0.454398,0.104695,0.050582,0.102607,0.835342,0.435536],
[0.553697,0.071067,0.105835,0.383954,0.407590,0.295568,0.419795,0.536764,0.750812,0.231259,0.334879,0.070813,0.830027,0.066415,0.917142,0.184583,0.307289,0.114150,0.644413,0.427520,0.403584,0.890388,0.915248,0.536151,0.745007,0.369646,0.640846,0.795589,0.472253,0.476188],
[0.231125,0.025950,0.547255,0.336960,0.409904,0.954845,0.632528,0.829699,0.491610,0.383341,0.060958,0.826489,0.454154,0.890984,0.892904,0.371296,0.075567,0.200192,0.485446,0.719981,0.627712,0.889030,0.610369,0.542960,0.425181,0.355376,0.912607,0.066027,0.150966,0.384860],
[0.542216,0.382091,0.410809,0.089471,0.719051,0.820713,0.044316,0.351579,0.650412,0.535926,0.734920,0.711369,0.362414,0.189074,0.602354,0.255318,0.560370,0.677921,0.455510,0.045815,0.397902,0.083222,0.934845,0.008270,0.626183,0.360026,0.363647,0.538790,0.426053,0.514612],
[0.923649,0.968269,0.896703,0.334459,0.057739,0.615753,0.155171,0.102055,0.967333,0.805583,0.637981,0.702252,0.516952,0.000395,0.891326,0.119306,0.255713,0.451695,0.797227,0.711224,0.497511,0.195129,0.794446,0.432356,0.203399,0.420629,0.792382,0.567046,0.959419,0.218435],
[0.081658,0.883068,0.186704,0.978361,0.217527,0.244443,0.594114,0.372698,0.346498,0.561447,0.178281,0.984479,0.263699,0.695234,0.984874,0.155025,0.814540,0.240588,0.606720,0.611767,0.951812,0.104231,0.806896,0.746258,0.536587,0.010295,0.166887,0.328969,0.577341,0.126306],
[0.547404,0.658999,0.009375,0.734107,0.637359,0.226902,0.978550,0.231473,0.599600,0.325048,0.792920,0.777881,0.309527,0.056619,0.473115,0.294401,0.211643,0.287656,0.534989,0.818363,0.899423,0.486801,0.922594,0.706319,0.233059,0.459181,0.716614,0.399947,0.788149,0.293955],
[0.526253,0.335553,0.952954,0.535628,0.069661,0.590313,0.762529,0.048211,0.821786,0.362129,0.373259,0.614706,0.140011,0.682786,0.671325,0.613126,0.977187,0.882968,0.900782,0.512176,0.701331,0.800205,0.998977,0.623925,0.506524,0.232036,0.083106,0.223138,0.631983,0.871255]],
[[0.517093,0.158236,0.206808,0.470046,0.693864,0.276469,0.060359,0.456393,0.324679,0.882146,0.818523,0.697938,0.496852,0.958534,0.380723,0.168177,0.571660,0.357910,0.051145,0.472442,0.870086,0.752476,0.272646,0.869064,0.376401,0.779170,0.101100,0.459507,0.002307,0.733083],
[0.330762,0.519400,0.891319,0.537570,0.989446,0.585183,0.814039,0.049806,0.041576,0.138718,0.931952,0.860099,0.836655,0.428804,0.818633,0.217379,0.596981,0.390292,0.575289,0.648126,0.862734,0.445376,0.400603,0.135380,0.314439,0.777004,0.914550,0.415539,0.236511,0.916858],
[0.148622,0.567273,0.436258,0.039941,0.104843,0.425704,0.625124,0.918882,0.475510,0.666700,0.057600,0.407461,0.526799,0.894255,0.836265,0.345432,0.111634,0.433246,0.735724,0.686923,0.081372,0.598459,0.132299,0.481975,0.733839,0.446738,0.258979,0.648389,0.862277,0.495491],
[0.565247,0.010899,0.062764,0.001504,0.050841,0.167607,0.427208,0.675965,0.086489,0.902718,0.342665,0.144089,0.310179,0.869464,0.038344,0.146444,0.214896,0.149978,0.579690,0.950621,0.836901,0.661062,0.549079,0.969200,0.143037,0.282918,0.415938,0.402016,0.931307,0.278215],
[0.897507,0.496554,0.289114,0.960271,0.498058,0.339955,0.127878,0.925266,0.015920,0.214367,0.827984,0.358585,0.358456,0.138163,0.228049,0.396800,0.284606,0.442945,0.546777,0.864296,0.393566,0.383678,0.525358,0.942645,0.352878,0.668395,0.225563,0.768815,0.070411,0.156870],
[0.047030,0.967917,0.653424,0.336145,0.928188,0.151483,0.676100,0.056066,0.076749,0.692019,0.270433,0.904733,0.050604,0.628888,0.042896,0.278653,0.025688,0.327502,0.721598,0.572465,0.191798,0.115163,0.956143,0.717156,0.057808,0.309021,0.385550,0.283371,0.077836,0.455961],
[0.440241,0.124867,0.423878,0.093666,0.461012,0.352066,0.245148,0.137112,0.408132,0.321897,0.829131,0.678565,0.226630,0.879735,0.307453,0.269526,0.158388,0.333141,0.597028,0.879985,0.905606,0.788826,0.995149,0.861749,0.505982,0.052957,0.170770,0.891533,0.336328,0.248607],
[0.347494,0.776570,0.373474,0.771372,0.870236,0.834486,0.123438,0.115384,0.971598,0.531570,0.437281,0.800729,0.210135,0.663911,0.680464,0.517588,0.933437,0.838851,0.850729,0.530466,0.718837,0.756335,0.319292,0.713986,0.618085,0.825275,0.766943,0.788855,0.716808,0.103271],
[0.037462,0.064302,0.879841,0.410936,0.835674,0.750077,0.245422,0.959112,0.865461,0.217019,0.490683,0.302742,0.017748,0.700818,0.966653,0.698212,0.218405,0.900091,0.537063,0.069134,0.430556,0.255900,0.825469,0.749849,0.969886,0.443554,0.575123,0.736829,0.232409,0.291931],
[0.840100,0.269871,0.356233,0.719941,0.680807,0.191907,0.470018,0.926229,0.151019,0.335479,0.143248,0.641702,0.638221,0.160996,0.342519,0.604874,0.859208,0.560925,0.504965,0.396271,0.630059,0.935521,0.652171,0.455529,0.685370,0.622056,0.899083,0.260494,0.358885,0.131492],
[0.552425,0.198985,0.401363,0.908657,0.918926,0.082170,0.100564,0.388944,0.008399,0.251583,0.724423,0.151647,0.893285,0.362644,0.312644,0.235804,0.967518,0.171851,0.796729,0.472483,0.568122,0.426788,0.408004,0.220293,0.882317,0.093374,0.842349,0.781400,0.353868,0.201234],
[0.912892,0.906293,0.400219,0.314255,0.814950,0.319146,0.396425,0.915514,0.708090,0.404824,0.167097,0.432514,0.556472,0.060382,0.795158,0.869115,0.296187,0.762676,0.040967,0.092916,0.235159,0.609089,0.519704,0.643163,0.829382,0.402022,0.736538,0.671732,0.183422,0.090406],
[0.872966,0.096313,0.996698,0.273185,0.410568,0.811648,0.592331,0.806993,0.727162,0.300421,0.211818,0.894260,0.732934,0.768289,0.954642,0.528092,0.637405,0.250829,0.290768,0.678371,0.343745,0.525927,0.287461,0.863449,0.169091,0.116843,0.265471,0.905629,0.788574,0.448892],
[0.996034,0.661540,0.545206,0.992733,0.934725,0.955774,0.804381,0.527056,0.762767,0.531543,0.827477,0.974585,0.425803,0.560411,0.742874,0.380445,0.088504,0.380279,0.631274,0.379272,0.058650,0.975019,0.905199,0.346111,0.838468,0.074290,0.462954,0.103939,0.979919,0.251528],
[0.552832,0.975953,0.913068,0.098037,0.968686,0.847793,0.053812,0.773067,0.374849,0.816579,0.304611,0.202326,0.791164,0.730414,0.762738,0.534038,0.110859,0.851241,0.914317,0.742133,0.230513,0.972968,0.717152,0.135713,0.319078,0.555620,0.210003,0.782032,0.659560,0.189922],
[0.033560,0.212391,0.165875,0.946628,0.310429,0.134561,0.794421,0.364240,0.907629,0.169270,0.180819,0.212239,0.371597,0.971984,0.942653,0.134334,0.506022,0.053512,0.985576,0.420339,0.795645,0.216089,0.393307,0.512797,0.351802,0.712385,0.068418,0.561804,0.494417,0.727977],
[0.751726,0.527976,0.940369,0.917602,0.474604,0.250798,0.052163,0.269025,0.615038,0.959792,0.438295,0.795857,0.172031,0.809891,0.767841,0.114684,0.944226,0.273863,0.168196,0.929801,0.694202,0.963841,0.145890,0.087509,0.476638,0.497692,0.799894,0.545056,0.059497,0.294311],
[0.273033,0.811223,0.822287,0.213402,0.728824,0.296891,0.464200,0.780987,0.565916,0.079238,0.740779,0.004211,0.875095,0.912810,0.814102,0.642936,0.027494,0.758328,0.916799,0.195690,0.688130,0.611001,0.159531,0.834020,0.698510,0.636169,0.331712,0.498404,0.181225,0.391209],
[0.792715,0.454259,0.202431,0.615002,0.667661,0.931256,0.911893,0.131861,0.712243,0.477809,0.211099,0.453023,0.482020,0.086194,0.365833,0.296122,0.729130,0.393327,0.054451,0.645930,0.589017,0.742580,0.256931,0.748548,0.576600,0.955441,0.384718,0.908313,0.453845,0.565943],
[0.299521,0.246560,0.020202,0.501953,0.861562,0.687863,0.433209,0.773455,0.819724,0.145452,0.251264,0.030822,0.598475,0.733284,0.117016,0.964307,0.029407,0.846147,0.357634,0.083858,0.492076,0.946651,0.826438,0.749007,0.695200,0.403038,0.704448,0.079917,0.311351,0.158294],
[0.645860,0.610872,0.404854,0.666062,0.112825,0.266416,0.353925,0.546033,0.039871,0.173649,0.691485,0.291135,0.204471,0.289960,0.024419,0.321488,0.254267,0.053826,0.167634,0.611902,0.137684,0.659711,0.558553,0.964122,0.408718,0.253753,0.367160,0.113167,0.333670,0.678511],
[0.271460,0.979530,0.289383,0.676314,0.645592,0.402208,0.942729,0.999517,0.948241,0.982600,0.173165,0.639726,0.273735,0.377637,0.929686,0.298155,0.699124,0.183954,0.351981,0.866759,0.795855,0.489665,0.526469,0.354408,0.453787,0.935187,0.608161,0.820946,0.048354,0.941830],
[0.499457,0.319814,0.921360,0.788840,0.996128,0.566952,0.191048,0.938857,0.566469,0.139289,0.921458,0.739634,0.779015,0.195193,0.117271,0.708702,0.493348,0.816395,0.892655,0.845329,0.683154,0.688510,0.334993,0.209623,0.042918,0.788780,0.144810,0.651079,0.609726,0.193164],
[0.592909,0.109184,0.512978,0.514270,0.898024,0.509106,0.081222,0.089071,0.447963,0.647691,0.228360,0.369421,0.387325,0.007376,0.564614,0.504596,0.716077,0.057961,0.320992,0.608733,0.903290,0.004145,0.297243,0.238284,0.213768,0.340162,0.027064,0.358578,0.991241,0.636790],
[0.551742,0.584150,0.745974,0.064720,0.098420,0.643997,0.573826,0.179642,0.733069,0.021790,0.827333,0.961429,0.391211,0.214658,0.968805,0.955825,0.719255,0.684882,0.013786,0.040246,0.293615,0.917076,0.044391,0.590858,0.155360,0.258160,0.931020,0.182423,0.616738,0.922260],
[0.819213,0.168480,0.506411,0.565187,0.233201,0.604830,0.209184,0.807027,0.784472,0.942253,0.828817,0.611805,0.903682,0.220028,0.826463,0.872487,0.175852,0.545718,0.557369,0.189639,0.585964,0.850984,0.106715,0.630355,0.441842,0.262074,0.888515,0.372862,0.444498,0.505253],
[0.295122,0.263711,0.673733,0.801533,0.828898,0.906934,0.406363,0.038082,0.713961,0.190836,0.980335,0.542778,0.802641,0.884017,0.762806,0.629104,0.756504,0.938658,0.174821,0.313873,0.128297,0.760785,0.164858,0.235012,0.391140,0.606700,0.497086,0.279655,0.979562,0.941584],
[0.784908,0.274685,0.205295,0.458641,0.076218,0.034193,0.365574,0.482581,0.072275,0.079535,0.673417,0.052611,0.622313,0.476057,0.936628,0.385119,0.105161,0.693132,0.323778,0.279983,0.007006,0.452075,0.040768,0.171863,0.687087,0.431908,0.778563,0.184173,0.711563,0.758125],
[0.125757,0.496471,0.032810,0.331052,0.955111,0.109027,0.365245,0.320686,0.591609,0.437520,0.400221,0.265025,0.490131,0.022535,0.741083,0.426759,0.407654,0.846244,0.119891,0.731432,0.126226,0.126897,0.183507,0.166994,0.298760,0.870594,0.598902,0.077324,0.054767,0.310465],
[0.835449,0.180524,0.806936,0.868259,0.511575,0.762048,0.977286,0.876820,0.082733,0.568895,0.314340,0.482955,0.833920,0.804471,0.505489,0.575003,0.231230,0.913143,0.421246,0.351121,0.644575,0.547473,0.478017,0.828082,0.714467,0.776777,0.698676,0.313369,0.854101,0.753443]],
[[0.623834,0.689550,0.933966,0.430770,0.557809,0.445542,0.192818,0.535096,0.322362,0.275551,0.103991,0.636702,0.758506,0.937911,0.441173,0.263995,0.512914,0.672403,0.177139,0.934160,0.023523,0.821714,0.481633,0.501540,0.649796,0.196099,0.278318,0.348473,0.509468,0.132419],
[0.101915,0.133302,0.821969,0.035882,0.564072,0.379778,0.481424,0.756890,0.914874,0.803786,0.032441,0.018865,0.440488,0.790947,0.956776,0.881661,0.054942,0.469690,0.554064,0.232080,0.403850,0.577587,0.053794,0.885482,0.079127,0.703591,0.081582,0.357445,0.052063,0.591050],
[0.489864,0.153979,0.724351,0.311834,0.189861,0.288423,0.691612,0.671284,0.045313,0.606486,0.475070,0.077754,0.625351,0.915558,0.868701,0.582127,0.797219,0.923642,0.051817,0.351283,0.155723,0.455666,0.928870,0.209517,0.341149,0.007997,0.913108,0.422730,0.365443,0.965171],
[0.013780,0.855307,0.119150,0.738131,0.167140,0.309010,0.026555,0.858753,0.980295,0.071868,0.465239,0.455365,0.149622,0.090590,0.370923,0.018322,0.672717,0.168142,0.941965,0.724534,0.519425,0.097688,0.180200,0.448295,0.307205,0.521348,0.456293,0.220312,0.944079,0.821735],
[0.185483,0.957859,0.677042,0.304633,0.695990,0.844182,0.613643,0.722545,0.702935,0.593938,0.794412,0.168174,0.049303,0.944034,0.258764,0.420226,0.962356,0.931481,0.588368,0.904321,0.656014,0.107794,0.002009,0.836214,0.556089,0.309213,0.357563,0.012382,0.529526,0.301642],
[0.834117,0.715009,0.259500,0.511159,0.019642,0.955490,0.355341,0.633285,0.678035,0.058276,0.227223,0.472447,0.226450,0.276526,0.416481,0.485213,0.696752,0.378838,0.416694,0.285121,0.283159,0.072709,0.392914,0.285167,0.908923,0.949003,0.594381,0.266486,0.961385,0.123906],
[0.568127,0.795501,0.838915,0.827628,0.306660,0.858557,0.783118,0.662001,0.491842,0.461153,0.720277,0.719065,0.933600,0.946726,0.995592,0.350081,0.431940,0.692344,0.728919,0.848634,0.977464,0.012078,0.921343,0.370379,0.297245,0.830266,0.319382,0.891626,0.096752,0.280767],
[0.015532,0.664879,0.076268,0.854447,0.492507,0.382928,0.713004,0.275625,0.044929,0.204846,0.736777,0.765206,0.923912,0.670377,0.711932,0.919503,0.020459,0.143872,0.611847,0.749378,0.992506,0.589312,0.761455,0.913849,0.959690,0.058700,0.744115,0.279072,0.950326,0.840866],
[0.559839,0.965858,0.505745,0.636107,0.820305,0.998252,0.019035,0.533308,0.273877,0.063964,0.738155,0.010654,0.829170,0.662066,0.681032,0.541103,0.581570,0.701490,0.684975,0.193417,0.450868,0.677481,0.782728,0.212323,0.591330,0.742419,0.271024,0.335444,0.021491,0.221350],
[0.176311,0.581329,0.187207,0.682056,0.217436,0.007512,0.680308,0.236471,0.540820,0.954185,0.300435,0.278975,0.964839,0.129605,0.941041,0.645870,0.670708,0.522611,0.347361,0.355683,0.716028,0.798228,0.033164,0.498756,0.010552,0.624494,0.241175,0.281576,0.959938,0.262665],
[0.502925,0.136248,0.843995,0.690133,0.818304,0.061431,0.697645,0.498612,0.297902,0.238465,0.452797,0.598338,0.517440,0.417636,0.727943,0.458482,0.063506,0.398651,0.981093,0.410866,0.754334,0.697120,0.209095,0.787498,0.195877,0.219646,0.411991,0.437051,0.501222,0.371929],
[0.699717,0.004147,0.508177,0.543712,0.694280,0.326481,0.605142,0.391925,0.825093,0.903045,0.630390,0.277890,0.501382,0.147830,0.695526,0.229325,0.606311,0.759032,0.627976,0.587404,0.169898,0.382310,0.284524,0.378993,0.169808,0.480401,0.598639,0.581799,0.917453,0.099861],
[0.953728,0.617169,0.104008,0.461905,0.160881,0.798288,0.788386,0.766023,0.190213,0.613480,0.669068,0.820603,0.891370,0.170450,0.968432,0.586896,0.399775,0.574744,0.345927,0.027752,0.162148,0.515825,0.410062,0.446672,0.894818,0.579869,0.927073,0.493457,0.161668,0.844526],
[0.593318,0.115396,0.461695,0.697326,0.577301,0.622576,0.495615,0.365687,0.388599,0.685827,0.979167,0.057667,0.506430,0.870537,0.228117,0.474862,0.457433,0.627893,0.049606,0.803360,0.655644,0.211754,0.319185,0.065706,0.658426,0.214003,0.645575,0.585499,0.707459,0.807243],
[0.430025,0.300777,0.922639,0.891720,0.998103,0.499940,0.514296,0.493718,0.865627,0.902895,0.179545,0.844793,0.960562,0.685975,0.715330,0.188679,0.160838,0.172763,0.816572,0.210444,0.976123,0.472216,0.422198,0.295308,0.537922,0.080624,0.509310,0.183497,0.666123,0.216769],
[0.990740,0.096148,0.517547,0.913380,0.987868,0.515650,0.413319,0.502164,0.009368,0.278946,0.405059,0.188914,0.123739,0.365621,0.874889,0.839070,0.554300,0.035727,0.011832,0.370872,0.246171,0.987955,0.843088,0.668369,0.283263,0.381010,0.748993,0.792573,0.564507,0.415116],
[0.009342,0.555248,0.511264,0.526889,0.468627,0.499132,0.042539,0.881947,0.001296,0.051907,0.160892,0.406355,0.240821,0.284632,0.771975,0.115710,0.123701,0.326276,0.151437,0.135534,0.697148,0.397608,0.123489,0.540236,0.065977,0.406751,0.921247,0.814970,0.199324,0.485754],
[0.230086,0.208666,0.041002,0.741351,0.735555,0.509629,0.240483,0.778094,0.391576,0.241779,0.830001,0.552468,0.648133,0.070822,0.837100,0.420109,0.186532,0.960801,0.746385,0.337968,0.096335,0.443533,0.735576,0.219824,0.983769,0.801553,0.626575,0.905015,0.616523,0.825899],
[0.390769,0.846609,0.034565,0.431771,0.587960,0.770120,0.941400,0.828443,0.548214,0.332976,0.070222,0.378215,0.885444,0.718355,0.449036,0.722543,0.138464,0.635568,0.683345,0.884849,0.973536,0.779680,0.328381,0.709112,0.999504,0.312150,0.510665,0.626079,0.217166,0.127188],
[0.451978,0.607935,0.973798,0.486543,0.039706,0.561758,0.256663,0.981106,0.390201,0.804876,0.314082,0.460423,0.183091,0.199525,0.178779,0.632128,0.922069,0.317243,0.267696,0.605413,0.202091,0.241232,0.385093,0.530473,0.950344,0.384596,0.842623,0.461010,0.010675,0.059789],
[0.588198,0.462653,0.667724,0.561996,0.949196,0.707430,0.123754,0.205858,0.688536,0.513955,0.010735,0.002617,0.974378,0.193826,0.202142,0.153157,0.825953,0.124211,0.470400,0.093649,0.729624,0.672491,0.334881,0.114717,0.202964,0.285225,0.499313,0.045587,0.746235,0.509988],
[0.105376,0.334433,0.972641,0.773099,0.896429,0.921837,0.480529,0.020183,0.127695,0.169065,0.534138,0.138430,0.171682,0.508516,0.332256,0.373825,0.661673,0.158209,0.498036,0.132073,0.251858,0.227660,0.804564,0.586739,0.342377,0.007527,0.871964,0.841690,0.053114,0.618198],
[0.351679,0.158490,0.952631,0.324320,0.931589,0.849060,0.246157,0.412118,0.869242,0.373852,0.581183,0.403380,0.512282,0.752865,0.911896,0.844537,0.126690,0.573569,0.002746,0.624725,0.705642,0.254604,0.852385,0.510206,0.841343,0.194762,0.517733,0.713306,0.036452,0.570847],
[0.331504,0.388131,0.729337,0.284135,0.712450,0.660926,0.133195,0.958607,0.073044,0.002437,0.332459,0.654227,0.405817,0.844740,0.407092,0.317714,0.689278,0.533782,0.891283,0.692024,0.158507,0.596925,0.946628,0.010892,0.107131,0.787970,0.205654,0.624864,0.501276,0.242106],
[0.195711,0.832781,0.630236,0.925048,0.116916,0.342687,0.585974,0.250111,0.301294,0.659019,0.252548,0.633752,0.313246,0.658366,0.478493,0.720338,0.976079,0.167770,0.254120,0.867363,0.859794,0.412626,0.464288,0.806422,0.423518,0.571418,0.594392,0.629172,0.196282,0.095668],
[0.871278,0.391993,0.928449,0.501514,0.317042,0.045365,0.844201,0.903016,0.295476,0.145495,0.562035,0.548024,0.779247,0.875280,0.206390,0.257740,0.595618,0.182470,0.425510,0.849738,0.049832,0.285304,0.262364,0.514120,0.091726,0.685883,0.085538,0.686117,0.315055,0.281820],
[0.781786,0.186333,0.673814,0.710235,0.687847,0.990855,0.755600,0.532048,0.893872,0.051076,0.677542,0.455906,0.599100,0.456789,0.331187,0.805490,0.714529,0.926805,0.987960,0.140039,0.776543,0.037792,0.425343,0.038907,0.551912,0.517069,0.724789,0.637450,0.203186,0.039844],
[0.919270,0.984972,0.226176,0.593084,0.695206,0.914023,0.583939,0.450806,0.446071,0.477811,0.501882,0.123613,0.933717,0.100982,0.580402,0.264904,0.906473,0.294931,0.191709,0.894433,0.434971,0.968251,0.932225,0.860314,0.007158,0.484136,0.377382,0.731947,0.121586,0.580569],
[0.771791,0.040856,0.565540,0.997967,0.633940,0.260747,0.911991,0.217879,0.711553,0.358061,0.695690,0.213435,0.481675,0.629407,0.314417,0.062077,0.894311,0.220890,0.357008,0.086020,0.115323,0.791979,0.054271,0.047547,0.652293,0.061428,0.531684,0.029675,0.793375,0.653270],
[0.610244,0.565166,0.694127,0.175784,0.563134,0.328067,0.436531,0.475124,0.545946,0.148084,0.833186,0.241637,0.361519,0.314860,0.871044,0.675936,0.376937,0.765355,0.896826,0.733946,0.851374,0.012148,0.525925,0.905645,0.059696,0.178217,0.967073,0.591380,0.207893,0.760449]]];

c=[[6,8,3,1,2,6,6,5,4,2,2,8,1,4,1,6,10,3,7,2,1,3,2,5,6,2,6,7,8,10],
[4,3,9,7,5,2,4,10,6,7,4,9,5,4,4,7,1,4,1,9,7,2,1,8,8,8,1,4,5,9],
[3,8,3,3,6,8,4,9,9,2,8,2,10,4,7,6,10,7,1,2,5,7,5,8,6,3,5,6,6,9],
[6,10,9,9,2,4,8,7,5,6,10,2,8,10,5,4,7,6,3,7,7,9,3,2,6,8,6,1,5,1],
[1,3,2,9,3,5,5,10,1,1,5,3,2,4,2,8,10,10,5,4,6,3,2,8,4,8,7,9,10,3],
[1,10,5,2,1,9,8,7,8,1,7,5,3,8,10,6,7,1,5,1,4,10,3,8,7,9,5,5,9,4],
[7,2,5,4,5,7,4,3,3,2,3,9,8,5,8,9,10,6,10,6,8,5,5,3,2,3,1,6,9,1],
[1,7,2,8,10,7,4,4,1,7,7,3,7,6,9,7,4,10,2,3,5,2,8,1,4,1,3,6,7,1],
[6,9,7,10,6,9,6,2,4,8,10,2,10,8,7,10,4,2,9,8,5,5,9,4,5,4,4,9,9,2],
[1,4,3,7,3,10,7,10,1,2,7,10,5,8,8,1,7,3,5,7,10,1,1,10,4,7,3,9,5,1],
[3,5,7,5,4,9,4,2,1,7,4,9,6,8,7,5,1,5,8,7,2,9,7,4,1,10,1,5,10,7],
[6,2,4,4,8,7,4,4,10,4,10,5,3,5,3,1,2,5,5,1,1,8,9,7,2,1,8,4,6,9],
[2,3,3,5,6,10,3,9,3,3,3,2,7,7,9,1,7,2,7,1,2,9,1,2,7,2,3,6,7,8],
[5,8,10,7,5,7,8,7,5,1,1,9,4,10,5,4,10,1,5,9,4,6,7,6,10,4,7,2,9,5],
[1,5,4,2,3,10,8,1,9,4,3,9,3,8,8,7,2,10,10,6,8,5,4,6,10,5,1,8,6,10],
[4,8,6,9,1,9,9,10,9,7,3,3,5,7,10,5,4,1,6,5,9,5,1,4,10,2,8,1,1,5],
[2,4,4,7,2,4,7,10,5,7,6,7,9,3,4,9,9,9,1,4,5,1,8,5,4,7,8,3,9,8],
[9,10,3,2,9,4,7,7,6,1,4,3,8,2,5,3,2,5,1,5,8,7,5,5,3,1,4,10,5,2],
[9,4,4,1,7,2,4,4,8,1,4,3,4,3,5,10,5,8,5,7,4,4,5,1,9,7,3,2,6,7],
[5,4,2,8,6,9,1,2,2,9,2,7,1,7,10,7,9,6,7,5,5,10,8,9,10,6,8,4,9,5],
[1,4,9,2,3,6,10,4,7,3,2,9,10,4,7,1,3,5,8,1,9,2,10,7,3,2,4,10,7,3],
[4,7,8,4,1,10,10,2,3,6,5,6,6,6,2,5,6,6,9,3,6,10,7,7,6,9,10,1,10,7],
[5,3,5,2,9,5,4,10,7,8,5,1,6,3,8,7,7,5,4,7,7,9,6,5,7,3,5,7,4,4],
[3,8,9,9,2,9,4,7,8,10,4,2,2,9,6,9,7,4,3,10,1,1,10,8,6,7,3,2,3,6],
[8,7,5,6,5,6,4,8,4,1,9,8,4,10,6,2,10,5,5,2,4,7,5,4,7,2,10,9,3,4],
[6,10,10,10,7,6,8,2,6,1,4,4,10,8,6,8,1,5,2,7,9,7,6,3,10,2,4,1,2,8],
[6,7,10,7,8,6,3,5,10,10,8,3,3,7,2,8,4,2,5,7,9,3,4,4,7,5,7,10,6,8],
[9,3,6,8,10,3,6,2,10,5,1,9,7,5,5,1,5,1,2,9,9,2,3,2,7,9,7,3,10,4],
[10,10,6,7,8,5,10,5,8,9,9,10,7,7,7,3,9,3,5,1,3,4,4,5,5,1,5,3,3,4],
[6,5,3,4,1,2,10,2,6,10,10,6,1,8,5,7,3,3,9,7,5,1,10,9,7,7,9,1,9,3],
];
