m=40;
n=40;
p=3;
q=3;

alpha=[0.576547,0.932956,0.991250,0.662536,0.639738,0.948744];

proba=[[[0.959340,0.396303,0.488179,0.196562,0.365482,0.727497,0.335241,0.411926,0.774697,0.852075,0.499402,0.417198,0.686309,0.792506,0.077041,0.143558,0.859236,0.054636,0.659986,0.508822,0.459274,0.058208,0.635567,0.528851,0.027604,0.788662,0.394762,0.010105,0.113734,0.674238,0.907593,0.073073,0.070540,0.395773,0.269636,0.436022,0.123270,0.604876,0.847948,0.897967],
[0.456951,0.347350,0.315164,0.143260,0.139856,0.392206,0.286818,0.999092,0.446842,0.946804,0.507914,0.906115,0.005012,0.143481,0.434967,0.032616,0.932143,0.829729,0.042721,0.045877,0.503967,0.950315,0.118950,0.574507,0.346087,0.388586,0.010529,0.469357,0.993462,0.858477,0.367324,0.450413,0.205827,0.682489,0.593673,0.345683,0.074694,0.880491,0.344775,0.521536],
[0.827295,0.852689,0.427651,0.832306,0.996170,0.862618,0.864922,0.928313,0.692347,0.907644,0.974189,0.196313,0.857958,0.093139,0.770821,0.204045,0.481725,0.781350,0.673402,0.475187,0.639827,0.040726,0.925599,0.845654,0.723215,0.519272,0.191338,0.797909,0.399763,0.536113,0.319445,0.227058,0.388801,0.747097,0.059364,0.384971,0.609715,0.924287,0.313284,0.302061],
[0.831930,0.287474,0.498375,0.689888,0.380613,0.269196,0.893934,0.862338,0.050545,0.567336,0.337525,0.690373,0.608063,0.263124,0.536027,0.331278,0.782396,0.727365,0.129187,0.182160,0.263477,0.448632,0.409218,0.652279,0.195729,0.468582,0.037250,0.805444,0.392868,0.350534,0.107505,0.224799,0.638007,0.605880,0.914687,0.018620,0.875076,0.808621,0.880958,0.925621],
[0.375957,0.218483,0.615994,0.984020,0.481607,0.152021,0.315297,0.264004,0.879386,0.444484,0.446163,0.142863,0.893117,0.855381,0.795142,0.088846,0.323962,0.832391,0.894290,0.716831,0.182925,0.001795,0.941630,0.820933,0.607675,0.856317,0.839553,0.482751,0.664938,0.720511,0.408372,0.040895,0.938994,0.024366,0.024915,0.420601,0.176387,0.340212,0.684605,0.055772],
[0.784696,0.130768,0.198635,0.677813,0.986149,0.993777,0.766659,0.310111,0.826168,0.660948,0.026942,0.009094,0.662743,0.968572,0.830026,0.270418,0.824888,0.669579,0.753169,0.489826,0.390091,0.161541,0.530721,0.329085,0.185906,0.555635,0.749686,0.362293,0.895847,0.434291,0.418065,0.680544,0.565059,0.616700,0.358356,0.551208,0.610477,0.125015,0.861319,0.436645],
[0.785963,0.888261,0.445739,0.448706,0.856832,0.275765,0.719124,0.681721,0.945345,0.472293,0.171547,0.335435,0.633833,0.702268,0.664521,0.819740,0.257904,0.414207,0.182032,0.153751,0.848498,0.600098,0.834294,0.413557,0.216798,0.192651,0.964765,0.827275,0.317666,0.826084,0.263920,0.103629,0.714344,0.709659,0.552335,0.571177,0.985424,0.271460,0.252898,0.930769],
[0.743752,0.424445,0.266205,0.377586,0.126713,0.930725,0.197325,0.384617,0.344932,0.379358,0.538367,0.193430,0.979455,0.372662,0.606987,0.196253,0.565313,0.571752,0.023528,0.882979,0.397836,0.287449,0.986608,0.112180,0.997108,0.538943,0.683357,0.982532,0.810403,0.936254,0.913301,0.554155,0.360699,0.179506,0.931741,0.487412,0.110231,0.129066,0.872029,0.455163],
[0.508424,0.410396,0.648593,0.487879,0.783058,0.255580,0.684132,0.348371,0.827332,0.707660,0.231349,0.225168,0.995109,0.217957,0.337348,0.992217,0.756900,0.020704,0.974749,0.567303,0.956959,0.888050,0.121458,0.317658,0.067556,0.053199,0.805070,0.177787,0.182264,0.677099,0.632950,0.690688,0.087495,0.281543,0.178567,0.870553,0.537123,0.862699,0.218924,0.364455],
[0.570359,0.450273,0.589623,0.565468,0.668230,0.926970,0.557685,0.425131,0.947675,0.532434,0.992434,0.904634,0.420484,0.113892,0.222292,0.488040,0.167090,0.027362,0.665828,0.349355,0.704461,0.298778,0.040043,0.791956,0.580321,0.218610,0.662509,0.117444,0.081308,0.881433,0.481899,0.651667,0.331706,0.071522,0.217135,0.999936,0.998492,0.774820,0.425067,0.946167],
[0.307253,0.417501,0.850801,0.727738,0.531393,0.073092,0.215778,0.698483,0.100454,0.881606,0.047838,0.804915,0.180384,0.087881,0.596871,0.760705,0.306490,0.259380,0.878149,0.387799,0.140812,0.360048,0.039466,0.472518,0.431570,0.256601,0.472455,0.430062,0.031421,0.897522,0.376229,0.338674,0.315023,0.227030,0.066412,0.846416,0.300122,0.282190,0.544899,0.400576],
[0.163796,0.592737,0.205492,0.344179,0.680618,0.802362,0.104884,0.987108,0.061742,0.983032,0.374907,0.202554,0.343080,0.414373,0.675073,0.774650,0.670974,0.147527,0.204712,0.702395,0.045049,0.580941,0.041069,0.360072,0.807970,0.107481,0.206488,0.108092,0.389671,0.751387,0.508669,0.553466,0.344124,0.714160,0.897645,0.024742,0.516523,0.002529,0.011850,0.578265],
[0.985561,0.386757,0.780819,0.328642,0.801130,0.455892,0.103291,0.472104,0.603419,0.308003,0.174499,0.648468,0.888943,0.215569,0.008541,0.696914,0.323050,0.215029,0.805006,0.712720,0.966416,0.313675,0.266186,0.310540,0.027835,0.163832,0.335282,0.544358,0.166361,0.347132,0.122623,0.151922,0.733889,0.903442,0.480564,0.535020,0.359334,0.583855,0.007124,0.962753],
[0.891858,0.181624,0.611221,0.780801,0.397192,0.619762,0.477715,0.720242,0.834791,0.282721,0.432962,0.801207,0.596395,0.699148,0.111747,0.624231,0.862980,0.447029,0.168589,0.029341,0.794161,0.291211,0.181264,0.528050,0.194653,0.661828,0.063070,0.553987,0.245683,0.070194,0.516739,0.137541,0.251818,0.127960,0.918342,0.649010,0.747722,0.396057,0.369252,0.582513],
[0.678777,0.802214,0.383720,0.275173,0.501362,0.495466,0.899403,0.364343,0.942495,0.067992,0.393684,0.736656,0.359203,0.574948,0.264706,0.553857,0.236775,0.327776,0.107843,0.482458,0.397970,0.624583,0.619999,0.649788,0.752543,0.538341,0.298798,0.500266,0.934398,0.668050,0.082779,0.613175,0.470264,0.466498,0.888348,0.971626,0.961964,0.787752,0.335969,0.904459],
[0.855744,0.729653,0.641115,0.214947,0.304600,0.905821,0.768804,0.541376,0.233596,0.876647,0.023834,0.631567,0.501230,0.643833,0.281355,0.253773,0.182175,0.580153,0.754039,0.116573,0.248203,0.836817,0.729748,0.718467,0.303315,0.618096,0.690093,0.265280,0.405848,0.026061,0.169739,0.261592,0.755714,0.810854,0.476539,0.060314,0.716674,0.245342,0.601690,0.950271],
[0.121990,0.625524,0.581837,0.623220,0.269358,0.863192,0.876993,0.451532,0.443345,0.631032,0.568105,0.691547,0.467849,0.297854,0.410014,0.771164,0.915950,0.100106,0.036444,0.321798,0.126168,0.206183,0.583390,0.881882,0.017037,0.059928,0.942196,0.733711,0.305271,0.543887,0.683982,0.427260,0.169411,0.265820,0.050480,0.438768,0.129012,0.927472,0.890301,0.572356],
[0.558504,0.458406,0.263903,0.026353,0.756259,0.673917,0.797517,0.672209,0.774024,0.833961,0.994007,0.900192,0.040144,0.577397,0.782074,0.057181,0.637325,0.724270,0.790892,0.942595,0.268157,0.474875,0.369856,0.437567,0.740694,0.420335,0.876336,0.869706,0.347808,0.766636,0.442062,0.906312,0.225042,0.705965,0.932664,0.981302,0.379883,0.730182,0.653511,0.153906],
[0.564143,0.647518,0.054098,0.604287,0.224915,0.836171,0.661468,0.862240,0.560442,0.452361,0.804835,0.828598,0.927235,0.174691,0.266166,0.667930,0.595026,0.142501,0.537636,0.942833,0.909138,0.979698,0.849145,0.134180,0.685663,0.781809,0.115481,0.065546,0.511991,0.768992,0.219452,0.076134,0.416510,0.273549,0.680421,0.641425,0.109721,0.341889,0.503665,0.670162],
[0.794249,0.308500,0.498761,0.721485,0.483190,0.764926,0.389414,0.078216,0.907427,0.927050,0.021050,0.816565,0.906747,0.870194,0.950745,0.592410,0.652004,0.066226,0.657956,0.163995,0.835218,0.877408,0.240128,0.251728,0.150957,0.920549,0.893153,0.260678,0.262438,0.396817,0.930840,0.056687,0.705317,0.429601,0.778172,0.188507,0.194527,0.167586,0.266724,0.101955],
[0.094636,0.287773,0.918519,0.001383,0.157967,0.869264,0.593794,0.809971,0.935490,0.251749,0.973966,0.770708,0.129157,0.214094,0.022435,0.280114,0.134643,0.915588,0.540792,0.397080,0.312406,0.471633,0.453767,0.017723,0.901234,0.231939,0.206230,0.095761,0.399525,0.472953,0.197716,0.494160,0.760726,0.116235,0.495543,0.918694,0.985499,0.089337,0.728665,0.920989],
[0.341086,0.702631,0.691696,0.470244,0.916725,0.714132,0.750358,0.051368,0.629720,0.291150,0.448448,0.942126,0.762783,0.902215,0.959848,0.664017,0.134154,0.166078,0.759778,0.533679,0.639031,0.957493,0.027839,0.399758,0.073728,0.523382,0.318452,0.059227,0.612719,0.047117,0.980216,0.953806,0.749748,0.671912,0.424049,0.666473,0.386044,0.174407,0.717841,0.015764],
[0.465558,0.166289,0.957890,0.228341,0.068504,0.917738,0.892357,0.202658,0.083816,0.652135,0.736337,0.722848,0.609628,0.764176,0.122606,0.683356,0.287558,0.441058,0.742584,0.900277,0.488175,0.722800,0.854083,0.237923,0.394712,0.278133,0.904396,0.780756,0.452540,0.622236,0.796521,0.918097,0.788525,0.754411,0.146438,0.857029,0.672149,0.038795,0.059688,0.755965],
[0.690930,0.796024,0.478813,0.300559,0.560200,0.601418,0.983915,0.847758,0.042476,0.726499,0.748036,0.530650,0.449299,0.602119,0.768573,0.844011,0.880252,0.672969,0.624767,0.332792,0.295205,0.421288,0.250889,0.083730,0.175698,0.397327,0.940760,0.847847,0.436123,0.000447,0.603812,0.127053,0.796472,0.082625,0.427612,0.356672,0.684043,0.411527,0.204430,0.726519],
[0.138026,0.952466,0.257169,0.587325,0.554585,0.025742,0.431335,0.434837,0.698710,0.056102,0.767629,0.993916,0.477390,0.018518,0.077646,0.653089,0.415845,0.018406,0.500936,0.851968,0.018853,0.104748,0.979021,0.815325,0.187373,0.406633,0.171997,0.871416,0.818160,0.376428,0.597934,0.956186,0.328894,0.855103,0.543510,0.883479,0.880845,0.974846,0.318317,0.579555],
[0.030948,0.085945,0.573471,0.508338,0.104463,0.651117,0.161426,0.520308,0.669522,0.662362,0.372276,0.688376,0.767110,0.351297,0.503701,0.954483,0.757930,0.675698,0.825899,0.576090,0.052126,0.423833,0.532275,0.381020,0.278936,0.075786,0.264500,0.159781,0.050631,0.582816,0.739336,0.081579,0.668762,0.312806,0.589917,0.773225,0.963923,0.751344,0.293533,0.633445],
[0.413706,0.665810,0.321821,0.180816,0.017107,0.825522,0.135299,0.775037,0.501221,0.961198,0.351126,0.553347,0.385031,0.883402,0.934367,0.663967,0.959188,0.198867,0.823748,0.009819,0.781683,0.563084,0.091398,0.450444,0.875890,0.681315,0.223669,0.839813,0.432659,0.517202,0.473258,0.846365,0.183012,0.795079,0.027181,0.200119,0.620602,0.162481,0.975155,0.121822],
[0.123679,0.326282,0.675169,0.508711,0.209684,0.609536,0.172678,0.168871,0.808402,0.996426,0.178690,0.590085,0.559509,0.270089,0.040529,0.435399,0.951404,0.264198,0.275212,0.384063,0.781401,0.748470,0.230428,0.964413,0.543549,0.257610,0.164532,0.164151,0.420091,0.139687,0.285973,0.543770,0.465969,0.961142,0.052480,0.675652,0.570678,0.225158,0.844524,0.379080],
[0.221584,0.023214,0.969165,0.781093,0.293303,0.009695,0.216492,0.244707,0.273893,0.491704,0.628770,0.055294,0.240174,0.859199,0.019707,0.783723,0.116808,0.184238,0.947874,0.536899,0.323925,0.233847,0.080669,0.789894,0.194989,0.133149,0.465546,0.765667,0.358307,0.310070,0.144748,0.579891,0.333284,0.113913,0.360985,0.626587,0.123608,0.577477,0.871294,0.397501],
[0.069181,0.500064,0.452795,0.309355,0.359263,0.472502,0.093079,0.476071,0.656740,0.040953,0.012970,0.980665,0.274800,0.093639,0.770559,0.469790,0.226788,0.236105,0.235457,0.585095,0.546175,0.380205,0.164987,0.879459,0.494117,0.525971,0.506046,0.617725,0.103448,0.377340,0.015226,0.172629,0.877404,0.468021,0.481984,0.236667,0.940523,0.575063,0.712738,0.597263],
[0.616016,0.725707,0.577928,0.890816,0.819346,0.348487,0.360606,0.046134,0.584593,0.596063,0.631230,0.130768,0.976267,0.796216,0.010228,0.470385,0.322188,0.516274,0.088110,0.425636,0.893614,0.103336,0.598265,0.771018,0.571357,0.080249,0.007685,0.511880,0.655312,0.720422,0.109143,0.271327,0.446130,0.687071,0.162143,0.265476,0.035559,0.522749,0.311610,0.620152],
[0.118812,0.942840,0.750920,0.095079,0.739057,0.761148,0.565463,0.061244,0.277422,0.653573,0.486880,0.171036,0.756909,0.085145,0.942055,0.328267,0.165394,0.949739,0.840147,0.820706,0.670162,0.949290,0.092033,0.116292,0.636361,0.254176,0.381768,0.671920,0.776925,0.693379,0.292072,0.895737,0.636219,0.042992,0.990815,0.375275,0.804140,0.556279,0.436520,0.081562],
[0.209852,0.923400,0.252598,0.966762,0.008545,0.194653,0.295029,0.173940,0.144392,0.135175,0.994645,0.814554,0.084466,0.086678,0.930846,0.720827,0.340855,0.312614,0.392747,0.117780,0.005993,0.684819,0.013517,0.642212,0.727811,0.004332,0.017487,0.531951,0.560611,0.454007,0.613513,0.770463,0.377407,0.866111,0.737225,0.385953,0.060764,0.032253,0.559892,0.205156],
[0.167429,0.554538,0.019710,0.251895,0.641216,0.950556,0.972722,0.982071,0.263170,0.365469,0.099851,0.269163,0.050288,0.113367,0.911375,0.778100,0.117699,0.928862,0.310051,0.678310,0.382869,0.923564,0.448773,0.760276,0.789675,0.185998,0.146229,0.850439,0.218252,0.706121,0.055595,0.385681,0.260659,0.075305,0.637575,0.901875,0.025861,0.610297,0.883946,0.289032],
[0.975766,0.983797,0.558195,0.026054,0.097164,0.469570,0.804154,0.214864,0.398432,0.114204,0.893174,0.781301,0.037768,0.341947,0.541577,0.827443,0.527945,0.687806,0.677882,0.746197,0.393927,0.733476,0.131878,0.654586,0.808781,0.769453,0.556461,0.834643,0.379750,0.440407,0.123675,0.355516,0.424205,0.681870,0.381570,0.521369,0.151439,0.185723,0.736233,0.549871],
[0.299927,0.629406,0.331172,0.337695,0.971354,0.872749,0.165138,0.499299,0.560555,0.843019,0.245496,0.954482,0.576496,0.377374,0.609068,0.385277,0.146827,0.165529,0.219920,0.526577,0.605936,0.343595,0.882093,0.030141,0.025464,0.263662,0.551510,0.176904,0.449385,0.287742,0.726775,0.749313,0.917149,0.057947,0.087008,0.888502,0.930696,0.252146,0.387801,0.491251],
[0.095165,0.633297,0.445732,0.671661,0.010671,0.054800,0.056938,0.157498,0.220329,0.276859,0.684075,0.826265,0.620453,0.566168,0.856406,0.645917,0.829830,0.407916,0.822821,0.279215,0.695659,0.549596,0.028528,0.612807,0.607543,0.115536,0.501310,0.538239,0.367682,0.889111,0.029490,0.462848,0.522408,0.475222,0.134509,0.533079,0.530022,0.191447,0.690578,0.750351],
[0.468306,0.374653,0.576617,0.088759,0.940820,0.433023,0.734677,0.770650,0.840939,0.557498,0.049865,0.536598,0.107094,0.078393,0.149406,0.714637,0.193930,0.650715,0.252875,0.561612,0.539826,0.282365,0.024459,0.062234,0.757587,0.158968,0.595314,0.287609,0.350416,0.285891,0.037961,0.818722,0.660544,0.614577,0.907481,0.601364,0.047600,0.642157,0.372014,0.888540],
[0.199655,0.421879,0.425138,0.306749,0.500272,0.574543,0.021385,0.694202,0.225259,0.274261,0.255814,0.765085,0.556626,0.280273,0.827319,0.314213,0.439242,0.422633,0.601822,0.789657,0.708524,0.639783,0.608379,0.369068,0.254360,0.515860,0.970432,0.301960,0.158017,0.342446,0.190500,0.357672,0.764325,0.615638,0.664420,0.264597,0.190181,0.685806,0.958799,0.415440],
[0.960066,0.214613,0.180525,0.516692,0.494886,0.007844,0.830904,0.934127,0.430477,0.432726,0.723785,0.139001,0.072509,0.332163,0.508070,0.326869,0.848023,0.478502,0.628829,0.006040,0.820947,0.819330,0.363712,0.585272,0.434968,0.028132,0.849869,0.625149,0.713938,0.808668,0.040589,0.674004,0.023280,0.221114,0.190695,0.518166,0.228958,0.021600,0.452294,0.659436]],
[[0.454326,0.176078,0.798437,0.526835,0.508242,0.306507,0.853704,0.356265,0.785008,0.482534,0.362304,0.605956,0.301863,0.726016,0.191227,0.736831,0.754148,0.041096,0.361980,0.468086,0.849764,0.402569,0.142090,0.873045,0.623683,0.332785,0.391211,0.852642,0.354385,0.843504,0.512078,0.808711,0.019582,0.310515,0.335546,0.527824,0.617021,0.189251,0.884089,0.402030],
[0.671784,0.246393,0.007985,0.973647,0.972409,0.199213,0.710478,0.726557,0.240309,0.072458,0.194643,0.090073,0.475027,0.336733,0.963118,0.098711,0.669518,0.354328,0.951353,0.023903,0.197833,0.463430,0.832614,0.217415,0.773945,0.168161,0.745239,0.390966,0.357411,0.629328,0.792996,0.029195,0.875721,0.800981,0.002842,0.848130,0.000194,0.713320,0.574687,0.240503],
[0.785778,0.769331,0.330576,0.260806,0.106064,0.293694,0.359517,0.775582,0.648022,0.310869,0.799485,0.845855,0.774299,0.632100,0.063270,0.548244,0.800260,0.808509,0.939211,0.157671,0.437837,0.732206,0.186867,0.313558,0.533187,0.189709,0.161688,0.533381,0.903029,0.736375,0.773884,0.688808,0.505706,0.104460,0.949614,0.611769,0.398153,0.309130,0.387351,0.046175],
[0.619999,0.186837,0.892030,0.394299,0.818936,0.955300,0.942543,0.619196,0.763809,0.881754,0.776868,0.201646,0.613960,0.963734,0.515204,0.147148,0.153443,0.676892,0.680529,0.056473,0.413266,0.454412,0.745281,0.918972,0.558872,0.694894,0.530741,0.957025,0.004024,0.918093,0.003200,0.624024,0.104930,0.895231,0.018323,0.923866,0.850531,0.960866,0.543062,0.614340],
[0.842620,0.319930,0.815987,0.456580,0.283664,0.331191,0.603728,0.437107,0.008083,0.284256,0.493580,0.421349,0.738669,0.238861,0.340321,0.297541,0.933755,0.871063,0.254566,0.937779,0.789155,0.257767,0.561803,0.894085,0.152997,0.580125,0.817951,0.003528,0.540991,0.361013,0.617868,0.383611,0.680943,0.433855,0.840190,0.964607,0.765046,0.443918,0.401715,0.773129],
[0.728174,0.895295,0.194478,0.466843,0.134155,0.534799,0.764384,0.067910,0.405862,0.018950,0.005689,0.195017,0.276717,0.567492,0.089102,0.429714,0.147617,0.907053,0.433242,0.688608,0.268066,0.051110,0.072219,0.949009,0.484966,0.912409,0.913616,0.250012,0.356327,0.315330,0.023141,0.084502,0.210625,0.217619,0.551345,0.344780,0.752418,0.315729,0.412690,0.158280],
[0.334680,0.418379,0.353297,0.611396,0.985871,0.442399,0.041110,0.133488,0.349452,0.474352,0.822096,0.617518,0.525463,0.894315,0.566526,0.010428,0.806724,0.480142,0.260440,0.163052,0.795472,0.283581,0.247554,0.006097,0.501200,0.798899,0.350877,0.253618,0.114628,0.763567,0.411898,0.449308,0.181947,0.765196,0.060704,0.167818,0.207595,0.101814,0.301306,0.557047],
[0.576167,0.123402,0.174565,0.101629,0.017717,0.741091,0.112057,0.824442,0.221233,0.372498,0.987494,0.016705,0.656078,0.235047,0.022802,0.157278,0.033946,0.373679,0.410897,0.148575,0.137247,0.822795,0.597882,0.319193,0.587990,0.658586,0.487011,0.795585,0.760401,0.788316,0.352632,0.336567,0.911718,0.527197,0.438196,0.929436,0.268288,0.550254,0.753877,0.489520],
[0.922751,0.741371,0.506225,0.578830,0.976418,0.529027,0.736108,0.010364,0.902706,0.147005,0.158939,0.039953,0.969799,0.756821,0.359146,0.557790,0.415408,0.846156,0.353375,0.175808,0.634473,0.706007,0.512376,0.546191,0.233204,0.950572,0.475627,0.501491,0.500826,0.229504,0.991011,0.423577,0.970875,0.497237,0.002407,0.947293,0.026264,0.738515,0.957657,0.928970],
[0.885519,0.116596,0.968922,0.855319,0.873418,0.328068,0.413108,0.288825,0.174224,0.766483,0.464634,0.808697,0.472490,0.977009,0.354888,0.705693,0.927581,0.830515,0.207185,0.428407,0.060019,0.198196,0.851984,0.030894,0.695433,0.854391,0.978187,0.721696,0.592905,0.935844,0.650666,0.478425,0.052440,0.619588,0.333743,0.925858,0.947656,0.746851,0.214683,0.121880],
[0.513334,0.679316,0.930578,0.985824,0.656326,0.285466,0.691517,0.583907,0.115981,0.898702,0.012314,0.176000,0.096898,0.864298,0.206893,0.792331,0.718688,0.185080,0.514027,0.311594,0.120924,0.164693,0.790018,0.173364,0.784281,0.123761,0.099221,0.731937,0.870613,0.313904,0.853817,0.383947,0.993220,0.784395,0.369771,0.649546,0.069860,0.061288,0.233453,0.185841],
[0.959990,0.245767,0.361841,0.056888,0.110064,0.568734,0.849219,0.828753,0.753813,0.363245,0.140346,0.874737,0.527938,0.930365,0.048101,0.312218,0.054126,0.147322,0.044155,0.924739,0.461226,0.897972,0.308685,0.454446,0.682367,0.678456,0.103992,0.752227,0.739744,0.337445,0.938068,0.699734,0.583212,0.299909,0.756622,0.693276,0.868643,0.605841,0.522029,0.622456],
[0.969086,0.662375,0.497193,0.497024,0.592740,0.545294,0.809243,0.646866,0.692616,0.853398,0.571605,0.153841,0.751370,0.880290,0.608287,0.433737,0.558746,0.712279,0.185964,0.298490,0.049724,0.124033,0.998225,0.632936,0.423942,0.754847,0.326212,0.292585,0.360688,0.848240,0.915041,0.329775,0.510616,0.412234,0.826799,0.103356,0.957528,0.636042,0.750222,0.650144],
[0.489440,0.321826,0.803985,0.240810,0.202116,0.412272,0.674548,0.760862,0.124552,0.860512,0.059353,0.174276,0.984545,0.057577,0.807211,0.408487,0.812425,0.133423,0.701071,0.173113,0.981663,0.616112,0.502888,0.492279,0.028347,0.329687,0.595634,0.985875,0.965729,0.345856,0.636018,0.455169,0.667682,0.440003,0.695980,0.869798,0.852276,0.370527,0.630660,0.976827],
[0.231039,0.690013,0.151103,0.215584,0.747590,0.958314,0.624071,0.560015,0.091737,0.325143,0.733128,0.073400,0.941255,0.236015,0.565679,0.969602,0.565702,0.161313,0.955477,0.531431,0.507169,0.591495,0.986600,0.174851,0.031498,0.682580,0.044650,0.883774,0.053107,0.675310,0.860601,0.284146,0.365323,0.011704,0.499731,0.112913,0.970018,0.123802,0.672928,0.061755],
[0.448944,0.406055,0.135155,0.390199,0.642071,0.700834,0.359801,0.207773,0.862147,0.315278,0.739204,0.369316,0.906773,0.725804,0.544168,0.938271,0.408384,0.588818,0.822045,0.461491,0.264128,0.682647,0.745637,0.629451,0.694351,0.245367,0.742364,0.664369,0.369169,0.415292,0.726125,0.818113,0.821347,0.861280,0.208313,0.463418,0.562114,0.568114,0.671190,0.424261],
[0.883391,0.410394,0.793577,0.790164,0.136198,0.337745,0.728435,0.544582,0.926563,0.550480,0.006072,0.190690,0.233127,0.751709,0.820141,0.927478,0.997076,0.562505,0.591847,0.366245,0.977796,0.317972,0.184358,0.799143,0.179252,0.392671,0.262561,0.741366,0.960785,0.933751,0.165626,0.844176,0.344146,0.959204,0.634339,0.480344,0.296949,0.362774,0.024925,0.223512],
[0.913254,0.030998,0.414202,0.146381,0.782707,0.234343,0.073859,0.779783,0.796848,0.665706,0.146028,0.774644,0.983678,0.330387,0.573788,0.162930,0.723058,0.836349,0.904295,0.683842,0.770100,0.069922,0.528018,0.114246,0.029126,0.162357,0.594590,0.326075,0.525132,0.619515,0.549587,0.438386,0.650513,0.963789,0.584767,0.433219,0.198133,0.658626,0.213002,0.994981],
[0.324332,0.359030,0.769625,0.308010,0.689417,0.343413,0.470940,0.412474,0.179762,0.375236,0.096316,0.949862,0.445158,0.624334,0.064108,0.474283,0.786692,0.658698,0.800358,0.311823,0.278213,0.349945,0.750209,0.928726,0.313734,0.334976,0.361945,0.511867,0.993602,0.574947,0.506848,0.317934,0.933977,0.276473,0.625945,0.623394,0.619886,0.096885,0.035868,0.799647],
[0.472121,0.132185,0.749510,0.917278,0.756519,0.813618,0.391561,0.543210,0.472316,0.191920,0.855034,0.750529,0.541865,0.605243,0.679254,0.855599,0.940219,0.041199,0.367466,0.933821,0.616146,0.874314,0.251756,0.550123,0.150787,0.877700,0.173517,0.770672,0.974585,0.209385,0.570320,0.446706,0.341569,0.319829,0.363984,0.098088,0.133447,0.755545,0.641299,0.605763],
[0.947465,0.496332,0.356291,0.489330,0.101576,0.035546,0.344929,0.041795,0.076745,0.712396,0.975616,0.692891,0.586709,0.227372,0.243014,0.737496,0.105073,0.416531,0.508168,0.079658,0.625915,0.078488,0.526364,0.967485,0.398317,0.890348,0.065573,0.531764,0.645893,0.706872,0.137526,0.593358,0.203204,0.493818,0.082688,0.304780,0.529363,0.427617,0.346575,0.606108],
[0.140013,0.322191,0.298999,0.726722,0.549563,0.542012,0.464219,0.654636,0.958543,0.972387,0.734293,0.584458,0.050875,0.260657,0.551943,0.449191,0.151005,0.617516,0.980955,0.796898,0.324388,0.118481,0.390256,0.527592,0.612299,0.472944,0.832372,0.141662,0.900562,0.178946,0.747770,0.040575,0.501137,0.046768,0.767297,0.050700,0.588781,0.231516,0.705336,0.547323],
[0.203902,0.439629,0.131782,0.254777,0.700286,0.683725,0.703968,0.851291,0.301241,0.684923,0.648189,0.625628,0.803405,0.038445,0.153220,0.415703,0.511389,0.985592,0.557365,0.411951,0.164539,0.305135,0.452525,0.665676,0.351903,0.219823,0.716376,0.940684,0.451338,0.421711,0.488007,0.655241,0.861340,0.619789,0.910018,0.561627,0.303513,0.613986,0.412918,0.604754],
[0.298909,0.061106,0.230382,0.102314,0.099551,0.383603,0.518017,0.610940,0.369195,0.075382,0.022891,0.533733,0.380517,0.475417,0.199409,0.732420,0.695239,0.915785,0.673104,0.146577,0.337496,0.161112,0.801818,0.198837,0.780900,0.711836,0.760463,0.084414,0.325822,0.173381,0.689168,0.624731,0.234487,0.919550,0.727045,0.334038,0.303153,0.245062,0.944979,0.672347],
[0.320444,0.967870,0.206081,0.700962,0.443286,0.405490,0.433382,0.138525,0.321274,0.106486,0.285103,0.658771,0.267598,0.086921,0.857607,0.048498,0.798757,0.618070,0.132912,0.124579,0.791451,0.822080,0.749310,0.025938,0.741629,0.476355,0.359976,0.044782,0.721417,0.304955,0.717129,0.041862,0.272825,0.923210,0.742823,0.716111,0.328700,0.176205,0.854637,0.649974],
[0.282692,0.139740,0.308745,0.550289,0.226661,0.166352,0.598788,0.025418,0.784422,0.731700,0.149996,0.575873,0.553779,0.899306,0.601811,0.295409,0.375661,0.961788,0.340191,0.097079,0.266743,0.057320,0.138940,0.539568,0.980530,0.881763,0.255679,0.309230,0.057968,0.110316,0.959204,0.340660,0.250055,0.267949,0.890949,0.476716,0.434301,0.489737,0.502134,0.218723],
[0.221437,0.652130,0.794596,0.775216,0.551436,0.396408,0.070625,0.927098,0.358196,0.410815,0.024176,0.624939,0.468136,0.163117,0.164507,0.448666,0.044880,0.420186,0.757896,0.102848,0.530502,0.717100,0.443508,0.780557,0.985048,0.334458,0.257273,0.419349,0.824195,0.759407,0.638072,0.045631,0.411537,0.432668,0.820847,0.962974,0.829076,0.891472,0.890072,0.187272],
[0.302287,0.914248,0.812211,0.770423,0.077365,0.976718,0.219089,0.122244,0.396904,0.976984,0.225093,0.927406,0.694084,0.668601,0.707963,0.679132,0.003058,0.965236,0.098481,0.827253,0.724644,0.736553,0.872885,0.136181,0.169222,0.693732,0.099154,0.998298,0.585204,0.989226,0.185570,0.887491,0.903474,0.997781,0.657914,0.980838,0.974499,0.877003,0.103083,0.371403],
[0.853987,0.328175,0.298808,0.548071,0.996776,0.006771,0.227203,0.999834,0.972008,0.325684,0.827088,0.696651,0.062238,0.699972,0.832832,0.231459,0.393704,0.931986,0.229757,0.978908,0.921212,0.415327,0.866400,0.824686,0.413108,0.524314,0.805524,0.387607,0.401317,0.908607,0.759009,0.255304,0.236782,0.057818,0.803375,0.233558,0.064589,0.030579,0.233393,0.036597],
[0.356263,0.060481,0.733249,0.418500,0.760453,0.566081,0.649960,0.154157,0.498067,0.879717,0.133065,0.419279,0.295044,0.999465,0.243965,0.708152,0.523779,0.049489,0.095758,0.925096,0.958096,0.854768,0.180401,0.194879,0.912586,0.983776,0.428437,0.977175,0.014355,0.661830,0.013772,0.370618,0.722311,0.747021,0.789118,0.482763,0.313101,0.439078,0.636920,0.811169],
[0.318795,0.769986,0.230448,0.613838,0.769451,0.474413,0.321990,0.293230,0.523902,0.417749,0.218326,0.481999,0.272516,0.398727,0.676878,0.185102,0.382503,0.105315,0.162277,0.396858,0.767145,0.176049,0.767476,0.489455,0.923070,0.556595,0.972219,0.236171,0.995673,0.609139,0.047340,0.314468,0.379125,0.277788,0.928306,0.148575,0.752201,0.250296,0.441805,0.276103],
[0.668045,0.660131,0.758102,0.940561,0.058859,0.434979,0.125663,0.441362,0.540294,0.287940,0.838221,0.307439,0.463989,0.605697,0.796894,0.387059,0.162292,0.769113,0.623230,0.157965,0.378252,0.670570,0.472432,0.757377,0.948357,0.400739,0.905953,0.700558,0.651035,0.347758,0.976661,0.319080,0.007889,0.734763,0.259641,0.066748,0.169742,0.385305,0.508110,0.710036],
[0.673245,0.346330,0.017475,0.137234,0.952027,0.814370,0.524293,0.114319,0.583483,0.147523,0.272284,0.961735,0.818093,0.744716,0.719113,0.766451,0.145455,0.625065,0.467009,0.796490,0.972823,0.443670,0.115570,0.980712,0.178433,0.375211,0.047460,0.348175,0.760516,0.555570,0.058211,0.433761,0.901900,0.075687,0.570995,0.853928,0.890057,0.095288,0.968247,0.473540],
[0.242812,0.240531,0.435275,0.060905,0.985247,0.154388,0.827355,0.130702,0.779453,0.294364,0.927192,0.752276,0.738034,0.042762,0.732988,0.916466,0.417973,0.780448,0.264641,0.178489,0.336018,0.322852,0.612249,0.237918,0.398539,0.183244,0.091846,0.288596,0.278532,0.060093,0.762135,0.521344,0.300623,0.197410,0.582249,0.285870,0.351798,0.409604,0.416572,0.131250],
[0.703968,0.343764,0.883526,0.442002,0.386526,0.616514,0.358468,0.804499,0.396962,0.623109,0.982988,0.732980,0.945961,0.595237,0.970899,0.344500,0.778481,0.062745,0.633096,0.057013,0.122837,0.395231,0.578357,0.423461,0.592641,0.160606,0.709331,0.944439,0.570210,0.125903,0.075689,0.274178,0.469667,0.959215,0.716179,0.856193,0.575729,0.074647,0.660692,0.972692],
[0.697756,0.643680,0.705672,0.643717,0.238917,0.676571,0.988217,0.017398,0.739315,0.621313,0.074411,0.862152,0.016544,0.652768,0.285613,0.609184,0.813374,0.994944,0.553623,0.383583,0.120847,0.629312,0.657761,0.590514,0.588527,0.373940,0.446708,0.164256,0.448587,0.107400,0.136948,0.146343,0.751080,0.842620,0.790060,0.989997,0.519190,0.778277,0.007394,0.258506],
[0.399590,0.081805,0.120658,0.416134,0.734573,0.406271,0.025318,0.547946,0.401215,0.578941,0.931529,0.522062,0.208253,0.589290,0.112576,0.796780,0.963230,0.559284,0.961036,0.411818,0.666684,0.097984,0.558161,0.417764,0.940604,0.348221,0.407761,0.459794,0.126498,0.415155,0.718300,0.526089,0.496959,0.838958,0.942222,0.231532,0.245229,0.967541,0.779478,0.646444],
[0.546482,0.711008,0.168506,0.754735,0.300298,0.281082,0.551514,0.263528,0.840366,0.512551,0.675346,0.507050,0.610535,0.233507,0.924814,0.551139,0.581728,0.332574,0.010933,0.708226,0.747729,0.729233,0.234315,0.244688,0.568191,0.176537,0.476220,0.813420,0.144078,0.255699,0.459864,0.690560,0.966707,0.628369,0.445294,0.267005,0.909451,0.996809,0.530533,0.749817],
[0.509359,0.205879,0.256866,0.119894,0.439386,0.181680,0.671032,0.021113,0.514254,0.681966,0.729339,0.261983,0.411199,0.963654,0.506671,0.979390,0.140191,0.982892,0.792810,0.284269,0.238590,0.252673,0.974828,0.205297,0.881043,0.420122,0.472301,0.790493,0.416931,0.002834,0.540310,0.926290,0.208713,0.797176,0.046184,0.648099,0.978856,0.717216,0.669212,0.493110],
[0.399182,0.398551,0.755093,0.810380,0.362205,0.261764,0.789770,0.502396,0.244656,0.582580,0.786665,0.483246,0.835253,0.761493,0.688543,0.716296,0.181616,0.160844,0.506789,0.598546,0.163678,0.047099,0.524836,0.372391,0.844275,0.571020,0.020490,0.823131,0.288236,0.689702,0.316241,0.687418,0.088253,0.071334,0.497799,0.450459,0.333098,0.287569,0.952855,0.577754]],
[[0.870149,0.739520,0.060999,0.705402,0.501013,0.749542,0.421697,0.682628,0.910386,0.928486,0.281175,0.074064,0.975585,0.806011,0.446455,0.819860,0.377032,0.466945,0.642991,0.665268,0.156647,0.959232,0.352686,0.244901,0.030566,0.850485,0.695359,0.363664,0.138054,0.648214,0.941418,0.008202,0.387734,0.002417,0.713604,0.888746,0.751959,0.135301,0.571375,0.662345],
[0.063787,0.852550,0.736409,0.039372,0.658561,0.182864,0.859232,0.035593,0.649809,0.502223,0.700861,0.806456,0.461456,0.053547,0.051357,0.492022,0.904032,0.746716,0.855686,0.042086,0.394930,0.797104,0.050289,0.782664,0.799521,0.763893,0.671410,0.551480,0.899194,0.242785,0.213825,0.962981,0.095335,0.950233,0.002353,0.753896,0.133097,0.861586,0.789489,0.782906],
[0.363809,0.490349,0.589362,0.825265,0.543896,0.640719,0.317287,0.447929,0.387435,0.172973,0.490015,0.782366,0.970076,0.540303,0.565029,0.769597,0.304196,0.236440,0.321077,0.203390,0.479225,0.534902,0.166371,0.574560,0.485136,0.168724,0.328456,0.618233,0.030310,0.117944,0.401139,0.394119,0.608293,0.990501,0.219384,0.152190,0.631220,0.536670,0.600118,0.018655],
[0.709643,0.090133,0.801021,0.679719,0.630437,0.366050,0.449317,0.934633,0.602490,0.770394,0.138022,0.081715,0.305296,0.304393,0.656274,0.790432,0.473117,0.984730,0.408665,0.503427,0.102674,0.809803,0.897546,0.710967,0.800304,0.116930,0.863157,0.431524,0.653600,0.463276,0.450180,0.363243,0.553409,0.251200,0.042963,0.183845,0.617251,0.492279,0.118478,0.219740],
[0.262673,0.256500,0.301455,0.567969,0.560894,0.957729,0.358401,0.034011,0.942459,0.767066,0.537438,0.045133,0.576869,0.434985,0.756100,0.377174,0.551914,0.619257,0.808698,0.205515,0.082532,0.258878,0.568758,0.635941,0.510078,0.611720,0.819787,0.127329,0.104000,0.938265,0.347069,0.366673,0.194765,0.648524,0.934642,0.755659,0.606253,0.293043,0.789670,0.548712],
[0.060109,0.327109,0.593844,0.636978,0.762093,0.349944,0.014152,0.314008,0.969201,0.822850,0.519522,0.051734,0.081728,0.088280,0.687675,0.591806,0.700001,0.507462,0.719135,0.804000,0.445726,0.066204,0.170673,0.640491,0.714728,0.105315,0.396150,0.320981,0.398359,0.185820,0.869692,0.458468,0.512929,0.463537,0.095446,0.275022,0.813481,0.109598,0.589030,0.782682],
[0.932448,0.108552,0.834416,0.014176,0.196832,0.522091,0.605983,0.896833,0.029553,0.325117,0.700833,0.475279,0.391321,0.871506,0.115770,0.106049,0.976821,0.511920,0.427029,0.375180,0.697741,0.296722,0.833648,0.210670,0.760259,0.929094,0.485692,0.573740,0.038692,0.074722,0.356422,0.971141,0.183274,0.190838,0.985317,0.380106,0.712929,0.591300,0.276939,0.742482],
[0.916417,0.977772,0.217761,0.307738,0.849278,0.333531,0.413787,0.826100,0.845451,0.840816,0.201280,0.543192,0.137538,0.034927,0.753862,0.897797,0.964021,0.239554,0.471537,0.002714,0.314276,0.827959,0.973854,0.497550,0.018797,0.959171,0.877656,0.731726,0.550471,0.154595,0.474208,0.466888,0.132367,0.691969,0.774626,0.981645,0.025500,0.188413,0.807745,0.870951],
[0.029229,0.009024,0.414143,0.166767,0.043952,0.168006,0.064564,0.007973,0.407560,0.536101,0.010687,0.721836,0.364059,0.984541,0.219385,0.382856,0.943712,0.097041,0.114582,0.494183,0.251635,0.588790,0.961071,0.384002,0.280759,0.735697,0.365647,0.306259,0.924110,0.173392,0.177210,0.953339,0.182416,0.591354,0.120106,0.226368,0.759359,0.184670,0.234341,0.166919],
[0.720770,0.245028,0.888755,0.084829,0.229569,0.108140,0.467686,0.173281,0.205181,0.582268,0.667465,0.456816,0.171059,0.628536,0.840818,0.451818,0.364233,0.206465,0.758077,0.288342,0.379856,0.935287,0.241681,0.562272,0.526641,0.361786,0.788640,0.286001,0.546456,0.022981,0.452920,0.267226,0.268009,0.341674,0.352056,0.497578,0.449814,0.819741,0.670860,0.654995],
[0.402009,0.338324,0.111811,0.573068,0.966860,0.952629,0.024886,0.331093,0.159093,0.782963,0.619435,0.538950,0.718251,0.861116,0.101222,0.244892,0.222902,0.889863,0.530893,0.769358,0.912844,0.983812,0.036584,0.180853,0.325487,0.388640,0.678432,0.775301,0.208382,0.349292,0.430295,0.610391,0.687616,0.542106,0.183459,0.654476,0.494734,0.208345,0.985569,0.653828],
[0.991308,0.605004,0.192778,0.709558,0.466120,0.294000,0.954450,0.689022,0.183863,0.485343,0.458380,0.096707,0.469155,0.494965,0.277560,0.794642,0.883605,0.955992,0.569942,0.091987,0.305283,0.000238,0.702378,0.992900,0.542344,0.885837,0.647376,0.037078,0.094181,0.632945,0.690906,0.085489,0.237949,0.883683,0.795048,0.704069,0.177683,0.749498,0.393091,0.361546],
[0.234841,0.851472,0.458253,0.703996,0.346437,0.735813,0.498638,0.230042,0.691804,0.068580,0.322029,0.997088,0.068818,0.024406,0.989987,0.611161,0.910243,0.637363,0.648239,0.004424,0.270308,0.339145,0.089913,0.508258,0.222828,0.884961,0.212327,0.400512,0.634459,0.605418,0.762058,0.869300,0.456890,0.220310,0.573297,0.803327,0.956123,0.071934,0.033369,0.647927],
[0.140515,0.355397,0.645015,0.209332,0.379803,0.635003,0.820494,0.290046,0.272366,0.468733,0.294470,0.542675,0.807878,0.384383,0.050932,0.030707,0.269344,0.263259,0.431219,0.903804,0.868677,0.193276,0.773104,0.325567,0.413587,0.346401,0.128893,0.369710,0.418335,0.162262,0.017637,0.558849,0.517659,0.662653,0.768182,0.897462,0.297656,0.588676,0.187507,0.570022],
[0.057409,0.481977,0.112696,0.865287,0.866360,0.163628,0.895993,0.135704,0.426887,0.327212,0.039508,0.295564,0.520488,0.812612,0.621130,0.934075,0.159013,0.750024,0.303785,0.577348,0.912285,0.321423,0.136197,0.429944,0.984075,0.904379,0.327406,0.281731,0.493055,0.514913,0.851753,0.550463,0.996890,0.964449,0.415750,0.863251,0.128077,0.311744,0.998955,0.554965],
[0.638955,0.038463,0.850528,0.159444,0.851075,0.471659,0.093519,0.010088,0.221682,0.397304,0.587436,0.133968,0.718727,0.723633,0.563912,0.702802,0.628012,0.891317,0.984533,0.121067,0.406231,0.836286,0.671530,0.403121,0.800735,0.087281,0.266372,0.928812,0.399024,0.265327,0.483777,0.037980,0.303790,0.334305,0.197423,0.154865,0.805964,0.290942,0.164953,0.027646],
[0.688246,0.752389,0.161614,0.406973,0.476022,0.725526,0.109775,0.104034,0.616843,0.094308,0.225101,0.023074,0.930594,0.896631,0.426195,0.731329,0.983912,0.692567,0.660141,0.382936,0.957893,0.143918,0.420916,0.261683,0.478223,0.618339,0.416548,0.284187,0.909282,0.581501,0.311833,0.597528,0.333890,0.473447,0.004501,0.809912,0.198972,0.114276,0.913946,0.815815],
[0.208584,0.139047,0.838889,0.139178,0.035678,0.265084,0.870506,0.019590,0.957651,0.530647,0.402527,0.915544,0.674565,0.823443,0.177227,0.152788,0.441782,0.593775,0.436974,0.351064,0.175276,0.748807,0.948592,0.509166,0.222254,0.953093,0.319078,0.421227,0.067369,0.233023,0.237042,0.275953,0.372070,0.075931,0.415131,0.407748,0.341015,0.285637,0.427338,0.298666],
[0.816284,0.829865,0.214210,0.490849,0.653307,0.391437,0.643637,0.095089,0.985213,0.080611,0.446153,0.160489,0.829418,0.394745,0.669655,0.051673,0.347837,0.988732,0.472899,0.415206,0.221756,0.709941,0.691159,0.593825,0.785873,0.106290,0.001573,0.126888,0.391927,0.428911,0.425554,0.208211,0.258776,0.639764,0.699060,0.912083,0.031202,0.342697,0.007172,0.016414],
[0.423308,0.453325,0.176903,0.252726,0.848070,0.846558,0.304399,0.195907,0.835291,0.777298,0.611113,0.057046,0.487240,0.302272,0.650872,0.273112,0.408562,0.652445,0.400001,0.800488,0.081356,0.825555,0.008699,0.340131,0.465319,0.707760,0.252214,0.496521,0.050456,0.259386,0.512936,0.473764,0.712711,0.689839,0.726491,0.560780,0.536397,0.030889,0.756687,0.371688],
[0.808188,0.367800,0.428734,0.295427,0.670072,0.079606,0.568540,0.078634,0.732051,0.968540,0.879122,0.813406,0.794095,0.887822,0.153538,0.259415,0.595581,0.405752,0.755936,0.646038,0.665138,0.268872,0.119802,0.377849,0.958711,0.846293,0.938629,0.495108,0.877182,0.695316,0.866796,0.685370,0.063117,0.295531,0.980797,0.733189,0.375137,0.549337,0.811823,0.107188],
[0.517877,0.690945,0.920594,0.311973,0.578767,0.074132,0.571388,0.174349,0.479884,0.327324,0.820387,0.145021,0.596196,0.940189,0.522870,0.554907,0.786482,0.461499,0.050015,0.663664,0.156815,0.916812,0.349034,0.219932,0.212342,0.329831,0.953121,0.587479,0.879168,0.764944,0.694667,0.397045,0.455889,0.615261,0.709018,0.034657,0.689393,0.280405,0.209005,0.169276],
[0.607729,0.029392,0.314298,0.203925,0.969581,0.837168,0.758831,0.756062,0.298667,0.808847,0.419726,0.455482,0.725658,0.768760,0.675414,0.938000,0.098590,0.628534,0.525480,0.977758,0.393478,0.220146,0.374803,0.849367,0.835407,0.083821,0.884024,0.524800,0.364226,0.093029,0.694076,0.971955,0.122421,0.008374,0.175880,0.092002,0.845541,0.934712,0.848064,0.144208],
[0.743558,0.267790,0.599690,0.469216,0.036550,0.275104,0.407217,0.135140,0.903638,0.932696,0.112898,0.297116,0.152842,0.487701,0.146484,0.988249,0.571522,0.030508,0.513049,0.935748,0.123537,0.207125,0.907704,0.245958,0.215499,0.083584,0.337960,0.061040,0.018295,0.186024,0.205249,0.761854,0.453813,0.804939,0.231070,0.490363,0.080043,0.638286,0.625503,0.983681],
[0.570983,0.738401,0.280797,0.723825,0.226102,0.427281,0.712074,0.797624,0.457788,0.225124,0.733372,0.581325,0.432249,0.641076,0.827283,0.647748,0.724659,0.165243,0.708788,0.742955,0.351267,0.914036,0.504808,0.805080,0.718975,0.735878,0.295443,0.799018,0.374165,0.920946,0.782698,0.945147,0.659347,0.063495,0.668972,0.885449,0.490776,0.381047,0.683073,0.948565],
[0.606170,0.416444,0.529890,0.038419,0.057520,0.357174,0.686166,0.782179,0.522417,0.394954,0.525134,0.873683,0.308991,0.029942,0.678763,0.027966,0.765820,0.974206,0.826984,0.139985,0.895152,0.609682,0.085132,0.554499,0.673178,0.754104,0.439948,0.163954,0.135151,0.123020,0.112519,0.741321,0.539465,0.642409,0.779740,0.596985,0.999582,0.465906,0.379164,0.521999],
[0.860861,0.904298,0.395682,0.169851,0.934240,0.074445,0.197817,0.700060,0.048652,0.024801,0.840045,0.943804,0.634483,0.925177,0.498303,0.307661,0.679281,0.938250,0.471615,0.814432,0.061270,0.584133,0.555753,0.600735,0.226542,0.335493,0.197719,0.226124,0.801399,0.576883,0.748123,0.662260,0.481181,0.143805,0.832111,0.415421,0.218251,0.029928,0.115481,0.266902],
[0.054729,0.955526,0.210706,0.689213,0.880703,0.709008,0.996873,0.559984,0.647259,0.468488,0.374416,0.708529,0.052621,0.930169,0.309263,0.279164,0.265662,0.506983,0.505288,0.067061,0.083866,0.253411,0.729320,0.565046,0.397217,0.561431,0.980467,0.615468,0.591360,0.095948,0.882370,0.646089,0.051474,0.093076,0.335301,0.932177,0.802084,0.332175,0.492161,0.449343],
[0.800663,0.866577,0.157871,0.853284,0.796746,0.467135,0.132448,0.062408,0.974117,0.637736,0.129469,0.057983,0.891147,0.858790,0.623029,0.288364,0.420221,0.603496,0.903832,0.011580,0.699444,0.786201,0.657669,0.750918,0.879277,0.992971,0.683094,0.681361,0.325146,0.175255,0.130704,0.125809,0.041832,0.288575,0.979093,0.838579,0.755710,0.111541,0.900987,0.729827],
[0.749277,0.030456,0.787810,0.640424,0.889246,0.410840,0.928788,0.309467,0.014336,0.832619,0.321047,0.713780,0.618821,0.978716,0.464697,0.498098,0.971687,0.147792,0.179459,0.296833,0.323047,0.310163,0.422641,0.364879,0.598738,0.401734,0.203458,0.354449,0.513275,0.104445,0.084276,0.262552,0.134901,0.872086,0.902975,0.024147,0.282926,0.831763,0.333613,0.297262],
[0.664383,0.654660,0.011041,0.283204,0.633377,0.475739,0.781301,0.605064,0.623530,0.960761,0.901896,0.946577,0.270924,0.324538,0.311456,0.869662,0.726272,0.514914,0.224111,0.239547,0.619359,0.308386,0.502098,0.754260,0.180473,0.405074,0.778406,0.463399,0.236837,0.112020,0.760661,0.901220,0.766680,0.771702,0.184423,0.400057,0.247441,0.965725,0.005121,0.870971],
[0.926485,0.907017,0.817548,0.197409,0.231555,0.129004,0.067071,0.957827,0.643918,0.291181,0.197374,0.263277,0.599568,0.699472,0.017536,0.780041,0.104546,0.795943,0.243440,0.341383,0.907963,0.004100,0.242603,0.674643,0.775802,0.427026,0.074700,0.023243,0.392751,0.079821,0.894214,0.319237,0.986839,0.711762,0.516646,0.218394,0.840767,0.583716,0.176221,0.484685],
[0.874898,0.373595,0.747961,0.474466,0.073067,0.765497,0.254507,0.177613,0.561440,0.497946,0.518996,0.469403,0.502046,0.761599,0.144046,0.277849,0.188625,0.218746,0.301092,0.581377,0.298567,0.195306,0.900613,0.285406,0.907068,0.417259,0.503800,0.747835,0.000975,0.680020,0.232519,0.875873,0.053615,0.980480,0.350339,0.126682,0.745978,0.604846,0.304295,0.307417],
[0.102792,0.823290,0.776820,0.604838,0.584889,0.920866,0.882687,0.773515,0.139612,0.183779,0.354891,0.438179,0.379085,0.255505,0.723585,0.286153,0.672763,0.227385,0.033987,0.673739,0.907405,0.266507,0.549612,0.961020,0.246987,0.899951,0.087702,0.992964,0.504797,0.391996,0.300382,0.607589,0.215287,0.077202,0.212427,0.800176,0.998068,0.095114,0.573691,0.137680],
[0.278893,0.928582,0.575859,0.657977,0.184087,0.299444,0.944130,0.856850,0.526828,0.978118,0.530589,0.434233,0.244624,0.080201,0.395253,0.491611,0.980152,0.482955,0.484575,0.484949,0.874951,0.784957,0.092537,0.090238,0.862159,0.304964,0.890414,0.860227,0.400079,0.464105,0.997907,0.678972,0.392687,0.573766,0.336949,0.576774,0.873209,0.281079,0.433624,0.400038],
[0.259197,0.964213,0.834271,0.503821,0.044414,0.229524,0.995432,0.024566,0.712479,0.480007,0.509515,0.587430,0.264964,0.602052,0.677668,0.127124,0.907016,0.568081,0.987351,0.307095,0.032186,0.985258,0.986067,0.424873,0.559023,0.323016,0.001647,0.432232,0.604095,0.435271,0.832270,0.863292,0.399484,0.666541,0.367113,0.443899,0.896065,0.362545,0.468465,0.608544],
[0.842552,0.977980,0.195974,0.107517,0.580032,0.873641,0.234640,0.487048,0.441723,0.221991,0.794143,0.473909,0.207249,0.780210,0.898782,0.766272,0.103226,0.900428,0.198504,0.707322,0.335699,0.030774,0.570614,0.735183,0.697315,0.937727,0.179082,0.593379,0.300272,0.647547,0.201923,0.142824,0.625527,0.397896,0.250341,0.205558,0.271538,0.484981,0.692607,0.713260],
[0.706972,0.486750,0.187169,0.914221,0.266960,0.085951,0.680493,0.370187,0.986379,0.878997,0.077508,0.322078,0.909771,0.648122,0.057261,0.607086,0.585849,0.236343,0.200465,0.886120,0.883890,0.402388,0.028944,0.509417,0.800284,0.279285,0.714975,0.071822,0.764266,0.407582,0.785082,0.471238,0.894332,0.972251,0.385459,0.161293,0.058202,0.065952,0.531479,0.044580],
[0.944949,0.608988,0.366658,0.854720,0.257109,0.423919,0.461806,0.842958,0.660263,0.662271,0.729078,0.544153,0.064659,0.758022,0.053570,0.864943,0.037307,0.768545,0.936765,0.801573,0.176127,0.721847,0.272811,0.070459,0.694098,0.658270,0.231752,0.752300,0.724222,0.763231,0.796880,0.669172,0.372219,0.163539,0.523892,0.629328,0.587458,0.985698,0.472286,0.247721],
[0.647968,0.201365,0.791873,0.712627,0.959387,0.845443,0.577570,0.996694,0.613988,0.514335,0.798267,0.790115,0.236182,0.071078,0.860575,0.930281,0.729349,0.092327,0.682581,0.453571,0.855558,0.479461,0.122743,0.227777,0.643000,0.646634,0.857106,0.230458,0.632332,0.329392,0.478178,0.280300,0.530757,0.270052,0.992928,0.490144,0.115495,0.570498,0.486838,0.729483]],
[[0.084833,0.285105,0.519598,0.321015,0.356183,0.380173,0.251296,0.085531,0.472500,0.933877,0.539102,0.328058,0.413338,0.661845,0.555835,0.056337,0.308479,0.412941,0.286795,0.940811,0.742333,0.764974,0.221111,0.273089,0.035025,0.214039,0.763233,0.150520,0.784537,0.250070,0.880003,0.869370,0.535175,0.399602,0.190385,0.891358,0.779775,0.441681,0.976890,0.252275],
[0.375558,0.515992,0.580333,0.788895,0.177837,0.136168,0.845233,0.486316,0.549109,0.132028,0.427127,0.291441,0.897002,0.648239,0.564531,0.932027,0.862277,0.327763,0.082547,0.646814,0.577834,0.962551,0.516184,0.113009,0.362152,0.706569,0.004367,0.141927,0.148250,0.981256,0.394202,0.523808,0.497248,0.974535,0.312703,0.675085,0.110703,0.157936,0.161401,0.659812],
[0.289964,0.588529,0.951253,0.186966,0.236767,0.515784,0.118993,0.099045,0.843547,0.201540,0.745859,0.421381,0.164091,0.262043,0.534390,0.526243,0.968612,0.538757,0.668170,0.116863,0.520013,0.062372,0.640671,0.017262,0.036906,0.953374,0.692347,0.147609,0.111310,0.853749,0.807421,0.401275,0.442277,0.758674,0.588241,0.679044,0.274457,0.707233,0.778089,0.118005],
[0.908773,0.523948,0.539386,0.072864,0.785991,0.073776,0.599107,0.754603,0.612532,0.267276,0.871466,0.132546,0.329648,0.512136,0.149808,0.366555,0.465511,0.842155,0.514164,0.576821,0.695903,0.321585,0.978096,0.138181,0.080258,0.566336,0.817225,0.354716,0.273569,0.595314,0.472720,0.182343,0.119262,0.012106,0.255207,0.905253,0.085881,0.854313,0.659856,0.698414],
[0.121590,0.531322,0.830960,0.451238,0.043459,0.980767,0.817793,0.508969,0.822922,0.331957,0.085790,0.518826,0.653541,0.063886,0.657006,0.733799,0.630222,0.474232,0.088515,0.903792,0.069546,0.561235,0.086134,0.188808,0.573341,0.341341,0.094061,0.659222,0.195654,0.753918,0.357636,0.317244,0.285240,0.188596,0.768482,0.328699,0.169363,0.586274,0.837668,0.992285],
[0.918231,0.923458,0.511111,0.571772,0.987344,0.168117,0.305571,0.617566,0.642349,0.394086,0.521358,0.711895,0.955321,0.607492,0.900703,0.528662,0.948833,0.994764,0.187885,0.144488,0.748682,0.545521,0.461731,0.033922,0.734116,0.230213,0.362621,0.903479,0.816487,0.200288,0.895764,0.734718,0.123746,0.406875,0.306490,0.111090,0.574992,0.612061,0.728657,0.217341],
[0.006147,0.250015,0.929235,0.961469,0.857507,0.829938,0.490131,0.806341,0.824703,0.678016,0.950828,0.573385,0.223536,0.412559,0.607307,0.957652,0.642772,0.969927,0.861131,0.459259,0.170216,0.756895,0.193977,0.293962,0.163770,0.500467,0.405052,0.738762,0.112528,0.133709,0.956103,0.118675,0.383724,0.885339,0.080144,0.241231,0.715277,0.570275,0.047572,0.539980],
[0.248291,0.998400,0.113364,0.471827,0.410959,0.720671,0.429480,0.053731,0.690598,0.290611,0.512991,0.860814,0.047507,0.706968,0.154776,0.211277,0.207435,0.559828,0.950039,0.319963,0.693537,0.906142,0.438638,0.077261,0.791481,0.518782,0.318492,0.506758,0.089057,0.366063,0.046737,0.337349,0.364463,0.160101,0.809176,0.775422,0.880772,0.238656,0.829153,0.571370],
[0.529267,0.342144,0.432184,0.576773,0.049112,0.586960,0.788050,0.256546,0.146788,0.738089,0.576509,0.840325,0.644232,0.015146,0.917586,0.435712,0.533929,0.236078,0.942470,0.622986,0.602141,0.989207,0.960335,0.966604,0.149309,0.769510,0.742026,0.030081,0.008166,0.571180,0.601451,0.537433,0.913324,0.033635,0.114206,0.962435,0.620595,0.902256,0.218981,0.767383],
[0.640345,0.795490,0.607707,0.284577,0.810636,0.525293,0.720289,0.344565,0.761370,0.662760,0.967551,0.363511,0.651967,0.927885,0.330116,0.801275,0.697396,0.072142,0.831356,0.705562,0.643322,0.432807,0.242995,0.556645,0.466443,0.357201,0.519080,0.087038,0.259457,0.738062,0.854420,0.899802,0.533552,0.462127,0.184379,0.344188,0.987420,0.904669,0.688753,0.748791],
[0.567428,0.656304,0.112302,0.219395,0.584189,0.442418,0.020670,0.281585,0.514560,0.852027,0.987147,0.157881,0.284834,0.230141,0.714527,0.751277,0.587342,0.233607,0.838314,0.846799,0.971669,0.692734,0.746601,0.505220,0.154862,0.930981,0.849408,0.142282,0.835649,0.538161,0.891073,0.403078,0.194465,0.003375,0.622473,0.778654,0.445792,0.643143,0.060238,0.960352],
[0.495170,0.047385,0.118233,0.780004,0.277526,0.832760,0.531280,0.864868,0.066367,0.369595,0.711667,0.038036,0.062329,0.458268,0.543256,0.217191,0.389249,0.392665,0.359473,0.224898,0.930826,0.250545,0.627976,0.125291,0.253920,0.250449,0.903944,0.699713,0.893592,0.964183,0.660065,0.388761,0.011568,0.778298,0.168765,0.289094,0.611058,0.700045,0.153963,0.677425],
[0.069640,0.865630,0.715461,0.131969,0.323899,0.258718,0.349159,0.713148,0.651382,0.708632,0.938046,0.582208,0.959177,0.566022,0.707499,0.213097,0.816471,0.611444,0.912810,0.710062,0.575626,0.572875,0.098823,0.587194,0.351173,0.267588,0.876289,0.962231,0.967633,0.030251,0.639656,0.037273,0.895881,0.355117,0.169241,0.219780,0.613835,0.518401,0.932928,0.265217],
[0.227033,0.870974,0.847426,0.186210,0.436995,0.554925,0.399308,0.253466,0.166368,0.312118,0.963528,0.741995,0.884993,0.062351,0.329189,0.236165,0.329939,0.205478,0.198396,0.297573,0.235729,0.838052,0.334845,0.131610,0.193170,0.504087,0.351390,0.807005,0.022488,0.284318,0.072222,0.249521,0.155292,0.919648,0.435731,0.592287,0.474573,0.835039,0.845753,0.640941],
[0.147157,0.809281,0.382936,0.032149,0.871633,0.712125,0.268314,0.201572,0.917603,0.466711,0.499145,0.153332,0.304763,0.833990,0.284942,0.497933,0.338077,0.636332,0.304938,0.360565,0.920650,0.377160,0.610085,0.075942,0.296808,0.045816,0.668229,0.771381,0.880855,0.513983,0.412323,0.028011,0.323264,0.795259,0.060160,0.194897,0.507384,0.328475,0.396469,0.424986],
[0.795185,0.895614,0.578318,0.099948,0.729604,0.863260,0.597881,0.067681,0.499592,0.902819,0.428246,0.420243,0.279980,0.038331,0.496185,0.576788,0.084147,0.164414,0.348169,0.965002,0.678397,0.760492,0.993013,0.001661,0.555751,0.053174,0.196557,0.063134,0.381648,0.593026,0.488121,0.176834,0.488640,0.066439,0.276782,0.218243,0.929698,0.874663,0.285924,0.429290],
[0.777483,0.714170,0.849533,0.057462,0.752501,0.345718,0.634250,0.836648,0.510132,0.982419,0.801649,0.188528,0.742911,0.794663,0.190189,0.298662,0.847836,0.386746,0.361796,0.229484,0.979772,0.849917,0.406318,0.468411,0.916356,0.683100,0.686655,0.846054,0.557763,0.972579,0.275344,0.335246,0.686749,0.124877,0.392708,0.439250,0.470595,0.026958,0.275897,0.980727],
[0.009377,0.077547,0.169255,0.752289,0.872210,0.359444,0.050951,0.720046,0.746190,0.412747,0.949530,0.725962,0.262664,0.355848,0.194373,0.179020,0.038948,0.881028,0.025074,0.596711,0.853607,0.300418,0.931956,0.540356,0.425295,0.324664,0.979606,0.895890,0.351622,0.255504,0.876616,0.360999,0.333051,0.045871,0.113288,0.205260,0.405315,0.164238,0.925306,0.151505],
[0.576985,0.874836,0.877467,0.839649,0.230684,0.071840,0.018669,0.269632,0.952868,0.043743,0.866343,0.806475,0.344160,0.798299,0.346832,0.769455,0.122963,0.326438,0.665345,0.474585,0.581941,0.541961,0.835584,0.914992,0.587832,0.948872,0.120252,0.993147,0.113110,0.045558,0.144652,0.690096,0.920394,0.022118,0.529745,0.151078,0.093958,0.548414,0.420710,0.046826],
[0.592157,0.287053,0.853301,0.936317,0.085352,0.200133,0.705772,0.208315,0.526571,0.371117,0.682900,0.108512,0.913078,0.518484,0.023504,0.500910,0.467357,0.143756,0.494057,0.580467,0.189314,0.638709,0.270563,0.109708,0.660827,0.800308,0.260786,0.754785,0.348722,0.681496,0.801611,0.940878,0.968548,0.654913,0.877195,0.053900,0.855046,0.582967,0.262215,0.381617],
[0.954084,0.945115,0.490128,0.867162,0.463599,0.513632,0.368072,0.930956,0.657388,0.862129,0.511423,0.846702,0.500837,0.781986,0.956410,0.161664,0.582293,0.217196,0.916449,0.931015,0.898692,0.718061,0.871893,0.867240,0.372973,0.749088,0.921140,0.228019,0.332056,0.183355,0.609636,0.286140,0.128470,0.099764,0.153302,0.592069,0.613397,0.521374,0.523025,0.270785],
[0.383502,0.034447,0.117487,0.884340,0.816433,0.073897,0.046004,0.398726,0.291092,0.962453,0.329741,0.189784,0.680513,0.201634,0.057024,0.053487,0.950723,0.978164,0.281506,0.282778,0.161519,0.891142,0.568918,0.289988,0.990906,0.722220,0.882057,0.604302,0.243594,0.405082,0.875087,0.627096,0.439529,0.992574,0.511435,0.255962,0.066470,0.557439,0.654688,0.357563],
[0.519892,0.984429,0.547347,0.200405,0.186063,0.604371,0.253892,0.136786,0.582535,0.535398,0.419564,0.744054,0.426539,0.988482,0.034042,0.417445,0.710702,0.916099,0.021748,0.954295,0.321180,0.896835,0.581391,0.760709,0.889409,0.092827,0.016671,0.955879,0.650266,0.671359,0.313442,0.170158,0.655788,0.860789,0.370563,0.841852,0.465160,0.624455,0.978637,0.047695],
[0.159853,0.398201,0.791748,0.586392,0.386683,0.825790,0.003837,0.097385,0.741889,0.025585,0.051681,0.063069,0.922420,0.633072,0.823778,0.811828,0.725899,0.840450,0.767708,0.376165,0.511809,0.081150,0.546323,0.167597,0.941938,0.916885,0.009449,0.407098,0.541340,0.988087,0.454793,0.701193,0.386288,0.246541,0.287585,0.772971,0.072330,0.291422,0.870357,0.814219],
[0.317007,0.922037,0.877288,0.239426,0.555109,0.701066,0.051255,0.281008,0.541516,0.818962,0.657173,0.053325,0.900112,0.203495,0.220923,0.842050,0.120381,0.230372,0.249148,0.661721,0.218458,0.703941,0.362913,0.604746,0.950481,0.650498,0.377718,0.022812,0.941920,0.248074,0.837031,0.258927,0.170111,0.714319,0.498353,0.725220,0.415386,0.549608,0.006228,0.956902],
[0.368570,0.663401,0.010227,0.268682,0.866896,0.231149,0.110732,0.987276,0.461521,0.359880,0.648997,0.679979,0.063821,0.011911,0.284726,0.014303,0.662409,0.662444,0.037115,0.604329,0.910518,0.874146,0.863255,0.080629,0.588465,0.361608,0.805850,0.003850,0.911216,0.812078,0.960752,0.279786,0.475479,0.970979,0.548468,0.342375,0.202128,0.659200,0.329651,0.663649],
[0.019081,0.978648,0.343628,0.082902,0.990559,0.628354,0.097205,0.652967,0.290797,0.134319,0.257296,0.201315,0.008465,0.120551,0.281945,0.596930,0.482159,0.087794,0.600780,0.393375,0.899872,0.561532,0.673161,0.375351,0.532510,0.221629,0.717726,0.734638,0.880829,0.047377,0.398287,0.899909,0.026025,0.741915,0.982811,0.016584,0.370269,0.080016,0.669551,0.661067],
[0.214335,0.926847,0.862382,0.222800,0.047398,0.144327,0.819729,0.529558,0.232121,0.420509,0.922933,0.131993,0.982041,0.596094,0.507345,0.514551,0.817723,0.225070,0.249190,0.698552,0.272447,0.647477,0.598461,0.298472,0.389392,0.581272,0.315055,0.759661,0.661288,0.984606,0.420728,0.875623,0.911453,0.283110,0.098423,0.958851,0.427437,0.918152,0.488409,0.659558],
[0.338661,0.411342,0.791551,0.320702,0.007435,0.298896,0.835253,0.825158,0.523966,0.084443,0.523710,0.796413,0.731920,0.122171,0.094885,0.121312,0.703443,0.409940,0.880974,0.364732,0.394546,0.301702,0.240355,0.305999,0.584812,0.338778,0.264851,0.012249,0.256930,0.753260,0.671807,0.595591,0.164602,0.463358,0.916293,0.172037,0.762254,0.751547,0.997195,0.286220],
[0.835990,0.520905,0.082633,0.567910,0.643076,0.177518,0.689222,0.346519,0.587458,0.570196,0.711251,0.982004,0.871898,0.951605,0.288003,0.456710,0.290383,0.552854,0.468959,0.547313,0.306114,0.140765,0.142904,0.470715,0.604123,0.059197,0.642752,0.366377,0.810744,0.639947,0.652597,0.646734,0.160852,0.735230,0.214644,0.803928,0.912748,0.903866,0.150448,0.500206],
[0.474062,0.861698,0.482209,0.345960,0.813304,0.770212,0.802670,0.103687,0.323066,0.271629,0.651000,0.629180,0.412394,0.793904,0.099895,0.016517,0.853101,0.742648,0.382894,0.663846,0.382595,0.035491,0.310580,0.543447,0.770721,0.525224,0.347376,0.683469,0.429090,0.497823,0.183675,0.903153,0.359522,0.665885,0.249113,0.172826,0.436097,0.051783,0.276513,0.759163],
[0.323412,0.927513,0.388344,0.735806,0.721417,0.488239,0.752323,0.574518,0.230886,0.135217,0.238364,0.613481,0.170708,0.548943,0.156929,0.941429,0.074167,0.504305,0.624899,0.503257,0.002128,0.808574,0.406410,0.361650,0.474458,0.655523,0.534476,0.910555,0.707306,0.810989,0.669719,0.030717,0.738501,0.058062,0.766523,0.459918,0.546301,0.518846,0.034437,0.777188],
[0.654062,0.272800,0.390669,0.824770,0.821744,0.547598,0.766199,0.895911,0.051903,0.391098,0.399168,0.054031,0.199671,0.805578,0.415681,0.674130,0.461100,0.950156,0.584685,0.168406,0.761145,0.254404,0.199123,0.499646,0.312466,0.965646,0.959565,0.858768,0.484492,0.994001,0.635955,0.138554,0.266802,0.026624,0.963324,0.088545,0.574222,0.729523,0.984456,0.626125],
[0.120620,0.383624,0.680155,0.320292,0.189202,0.095836,0.994421,0.650302,0.045992,0.579107,0.818708,0.807137,0.833511,0.017832,0.306784,0.145977,0.983478,0.266348,0.004745,0.467970,0.260349,0.640700,0.606524,0.527151,0.667324,0.569847,0.615696,0.241547,0.299370,0.600153,0.867671,0.419990,0.983777,0.547827,0.740282,0.172979,0.643662,0.734703,0.823281,0.689655],
[0.313810,0.641990,0.496792,0.147320,0.659821,0.803576,0.293298,0.643299,0.069924,0.298042,0.111269,0.330273,0.938743,0.717793,0.857424,0.606067,0.287640,0.473121,0.847614,0.587010,0.073274,0.715285,0.007001,0.057051,0.263112,0.747282,0.230030,0.906774,0.481986,0.053311,0.596429,0.795795,0.695301,0.093221,0.943116,0.355122,0.896797,0.236413,0.998422,0.966721],
[0.534456,0.109691,0.296994,0.473198,0.827484,0.154419,0.079266,0.115124,0.627540,0.926879,0.702135,0.700813,0.642164,0.709135,0.757864,0.905276,0.456418,0.987894,0.812050,0.938403,0.041205,0.408479,0.734198,0.736506,0.501700,0.677314,0.091628,0.398497,0.913728,0.090050,0.365218,0.448183,0.199741,0.662212,0.921382,0.027225,0.816631,0.000647,0.142349,0.444171],
[0.927527,0.844484,0.144984,0.569691,0.553619,0.902848,0.474967,0.010036,0.890742,0.287017,0.948440,0.931947,0.695496,0.682638,0.668453,0.197197,0.359952,0.760081,0.595694,0.273680,0.850131,0.960912,0.721863,0.049872,0.623124,0.643245,0.077096,0.439755,0.643892,0.219445,0.883926,0.571419,0.063929,0.028911,0.141110,0.617548,0.931759,0.616078,0.627585,0.822501],
[0.903095,0.576024,0.754447,0.598592,0.258662,0.422900,0.795788,0.618615,0.182981,0.391482,0.892294,0.033111,0.352393,0.614158,0.082983,0.975517,0.257402,0.160079,0.415273,0.901295,0.379525,0.299199,0.472714,0.443454,0.328110,0.613824,0.061002,0.259869,0.229902,0.688586,0.082370,0.132997,0.264611,0.836817,0.731589,0.523273,0.259717,0.527377,0.141888,0.442697],
[0.918859,0.034182,0.475809,0.271252,0.648339,0.558792,0.246769,0.905742,0.718871,0.662041,0.807037,0.098396,0.961240,0.279751,0.541850,0.289350,0.893575,0.602852,0.549219,0.123477,0.291438,0.631589,0.256474,0.556049,0.468406,0.988063,0.079322,0.728122,0.515440,0.221209,0.170820,0.434299,0.255391,0.646628,0.705550,0.903731,0.205420,0.952319,0.809473,0.924291],
[0.614361,0.616509,0.022687,0.575601,0.896260,0.564537,0.864951,0.789835,0.167388,0.414171,0.913312,0.458827,0.045759,0.169786,0.014875,0.514165,0.157849,0.094197,0.242287,0.673289,0.315406,0.413107,0.107588,0.570798,0.059735,0.813138,0.474528,0.265156,0.765457,0.284001,0.189447,0.379818,0.900510,0.212134,0.955419,0.796770,0.776671,0.820371,0.586605,0.944059]],
[[0.234541,0.499917,0.402886,0.280301,0.669703,0.417761,0.794465,0.827553,0.511958,0.036752,0.500842,0.827365,0.449859,0.608430,0.398162,0.509595,0.421568,0.872690,0.774750,0.187026,0.156691,0.964197,0.566844,0.057201,0.176331,0.522263,0.853971,0.953001,0.342634,0.440576,0.897060,0.577175,0.940493,0.299946,0.857475,0.610197,0.717707,0.651941,0.437750,0.229665],
[0.688693,0.938592,0.057030,0.138552,0.547022,0.455192,0.648147,0.968590,0.327882,0.422897,0.155615,0.484573,0.387094,0.722459,0.541774,0.563425,0.244722,0.395746,0.516426,0.587355,0.836322,0.413487,0.164530,0.776815,0.713433,0.022005,0.387012,0.431140,0.673946,0.824762,0.660805,0.362639,0.763353,0.717835,0.501192,0.310375,0.173027,0.149339,0.278965,0.500910],
[0.572236,0.434580,0.985483,0.959330,0.157039,0.527257,0.522755,0.401761,0.923003,0.039181,0.989116,0.759325,0.452668,0.153646,0.536140,0.166101,0.175651,0.923152,0.597240,0.849597,0.747914,0.258045,0.212237,0.511267,0.975880,0.713428,0.821642,0.148908,0.862767,0.100607,0.649817,0.435003,0.535187,0.635300,0.394333,0.692227,0.162558,0.917088,0.093987,0.085560],
[0.956269,0.083103,0.844885,0.408937,0.236750,0.381025,0.575038,0.412401,0.304177,0.172278,0.261998,0.052090,0.430323,0.474235,0.563357,0.406204,0.187663,0.384999,0.555112,0.050430,0.485606,0.204929,0.485433,0.020794,0.840229,0.879766,0.713020,0.002787,0.796854,0.807008,0.088347,0.753123,0.890111,0.933232,0.162061,0.126861,0.314257,0.737098,0.539262,0.618434],
[0.909376,0.801260,0.670525,0.339700,0.275495,0.233882,0.745904,0.463158,0.618881,0.301015,0.513589,0.104488,0.505944,0.999021,0.125281,0.346173,0.878787,0.838302,0.348960,0.675641,0.645309,0.437307,0.428764,0.535420,0.370539,0.590825,0.662281,0.684796,0.327923,0.201543,0.303230,0.237300,0.002803,0.973755,0.577000,0.278298,0.207637,0.322903,0.741456,0.826518],
[0.623919,0.255045,0.931006,0.129863,0.254066,0.056287,0.476036,0.132854,0.894589,0.824996,0.808495,0.539898,0.262302,0.237259,0.075318,0.632841,0.828084,0.737599,0.317637,0.156007,0.939141,0.620867,0.393307,0.941944,0.594622,0.970306,0.220242,0.802258,0.293210,0.961698,0.628776,0.917128,0.216743,0.559782,0.046991,0.470810,0.616069,0.523027,0.603663,0.510658],
[0.348023,0.412158,0.050555,0.610325,0.649416,0.125873,0.243166,0.477500,0.863472,0.560803,0.633507,0.802613,0.181670,0.026814,0.744557,0.776292,0.997120,0.964799,0.578550,0.290330,0.926497,0.207326,0.207458,0.143241,0.767108,0.254450,0.614050,0.383177,0.777477,0.217713,0.893835,0.125500,0.629871,0.944390,0.735825,0.279288,0.070263,0.978990,0.756788,0.933735],
[0.539793,0.390295,0.736348,0.721463,0.417109,0.480905,0.497755,0.414229,0.445704,0.076305,0.704559,0.372202,0.283631,0.912017,0.515442,0.050739,0.166467,0.129493,0.433916,0.943943,0.347206,0.327751,0.069443,0.977077,0.272141,0.805268,0.256365,0.342404,0.784258,0.013152,0.276139,0.324051,0.403447,0.012487,0.045514,0.820556,0.493393,0.543269,0.234784,0.939097],
[0.619573,0.939343,0.311299,0.903204,0.851360,0.826741,0.953943,0.017826,0.956234,0.387859,0.961770,0.303440,0.715610,0.031213,0.280517,0.987751,0.836480,0.536881,0.330155,0.620739,0.550033,0.606295,0.944790,0.953480,0.618782,0.990304,0.774036,0.112175,0.533573,0.008820,0.051272,0.153146,0.948163,0.362571,0.056351,0.799522,0.189312,0.010294,0.817349,0.145546],
[0.398153,0.779118,0.448985,0.113763,0.810331,0.729502,0.101515,0.646811,0.266383,0.431670,0.267550,0.816417,0.037965,0.212340,0.769897,0.656747,0.202644,0.543933,0.768922,0.736217,0.552753,0.820193,0.889363,0.500916,0.182764,0.945714,0.300438,0.372076,0.956007,0.117787,0.517622,0.354160,0.896905,0.966607,0.467924,0.707236,0.696109,0.569438,0.354047,0.962492],
[0.001109,0.621597,0.778908,0.039073,0.833937,0.548805,0.695820,0.036581,0.092738,0.464742,0.772797,0.645491,0.284935,0.662160,0.146407,0.467699,0.607874,0.446846,0.839775,0.563881,0.564633,0.357397,0.918042,0.461538,0.324003,0.385965,0.168774,0.020112,0.955404,0.522821,0.982604,0.956512,0.144419,0.761512,0.995586,0.978355,0.310317,0.691406,0.014936,0.403055],
[0.156147,0.787733,0.048546,0.441082,0.449894,0.194954,0.908781,0.057768,0.641799,0.748557,0.621649,0.206432,0.105953,0.539690,0.667970,0.429957,0.925656,0.836744,0.450069,0.881060,0.359565,0.432672,0.837572,0.503984,0.194184,0.833158,0.482339,0.504501,0.524563,0.497275,0.907556,0.680711,0.285009,0.956103,0.121793,0.734902,0.151057,0.030575,0.792670,0.792856],
[0.779131,0.414319,0.999288,0.885084,0.954009,0.667258,0.315041,0.879665,0.504002,0.765109,0.760725,0.863567,0.197782,0.598296,0.367551,0.391966,0.431454,0.849890,0.896467,0.956018,0.347165,0.804023,0.636728,0.632174,0.760126,0.758522,0.367076,0.911183,0.789096,0.159746,0.704039,0.568227,0.574065,0.703327,0.453312,0.528074,0.370586,0.768353,0.407739,0.874587],
[0.533462,0.168464,0.738155,0.731243,0.766760,0.105705,0.123209,0.198214,0.955595,0.019676,0.154232,0.302760,0.823699,0.790960,0.934934,0.583826,0.549482,0.302010,0.495009,0.338578,0.461756,0.199048,0.906806,0.035820,0.902376,0.360117,0.563895,0.272961,0.128470,0.971634,0.147549,0.661932,0.140098,0.885703,0.393175,0.906858,0.991408,0.516384,0.105072,0.947003],
[0.536060,0.259304,0.249764,0.359760,0.050264,0.184697,0.943585,0.599746,0.486707,0.438594,0.938324,0.948463,0.637643,0.845130,0.984283,0.540018,0.205247,0.548178,0.812979,0.333717,0.519812,0.960528,0.995649,0.659909,0.846231,0.388824,0.566767,0.837639,0.905208,0.671839,0.784643,0.441268,0.931143,0.034406,0.801028,0.981407,0.219104,0.744614,0.581153,0.705810],
[0.183208,0.519477,0.654273,0.820851,0.364607,0.638556,0.360869,0.569854,0.186734,0.173848,0.903571,0.706545,0.134376,0.899220,0.366454,0.980607,0.288044,0.933221,0.818246,0.193253,0.605060,0.602889,0.634521,0.536203,0.637295,0.435549,0.517609,0.856399,0.180163,0.098762,0.562209,0.363371,0.618239,0.216482,0.184221,0.982846,0.855038,0.545090,0.552700,0.041772],
[0.718938,0.456272,0.748317,0.853314,0.355492,0.114771,0.833921,0.643536,0.047993,0.652167,0.836789,0.653052,0.255056,0.471310,0.189255,0.892351,0.906859,0.706864,0.748750,0.087022,0.805626,0.310959,0.450393,0.423866,0.527442,0.634614,0.406712,0.382480,0.179704,0.959412,0.424252,0.898643,0.415684,0.172569,0.751957,0.771176,0.287341,0.585877,0.414712,0.335333],
[0.238044,0.251501,0.988386,0.493100,0.722810,0.177641,0.385451,0.629669,0.884505,0.134201,0.716691,0.690131,0.445161,0.167083,0.113997,0.972602,0.801697,0.520709,0.355082,0.981402,0.480121,0.779335,0.880044,0.895805,0.951904,0.632001,0.666980,0.239244,0.217878,0.081692,0.574578,0.455923,0.333193,0.562963,0.949023,0.056003,0.740604,0.334474,0.685672,0.625109],
[0.468676,0.402363,0.315240,0.913837,0.569447,0.429236,0.886439,0.371144,0.949945,0.241522,0.352546,0.430066,0.020856,0.232590,0.325870,0.972760,0.864591,0.992850,0.212004,0.082469,0.074543,0.786582,0.538392,0.407736,0.349545,0.487414,0.463739,0.090149,0.821889,0.149411,0.715258,0.290565,0.551775,0.030497,0.204401,0.121221,0.459734,0.090840,0.492365,0.409679],
[0.332362,0.844911,0.839744,0.353218,0.077501,0.165615,0.325978,0.942091,0.158465,0.537982,0.024560,0.233008,0.324564,0.562952,0.640744,0.674109,0.050366,0.104483,0.764258,0.872255,0.253894,0.479516,0.162820,0.805669,0.510013,0.367221,0.926890,0.969747,0.458061,0.419255,0.379426,0.790423,0.264166,0.219170,0.143641,0.341667,0.384785,0.469618,0.283758,0.543250],
[0.007600,0.308319,0.776258,0.332164,0.871270,0.417002,0.006273,0.921637,0.521484,0.770532,0.793892,0.775378,0.250048,0.956711,0.581047,0.760061,0.323932,0.507937,0.729808,0.781993,0.927192,0.109234,0.572416,0.191358,0.328404,0.716057,0.533025,0.713189,0.185675,0.816783,0.256439,0.193276,0.125101,0.032697,0.525440,0.996372,0.449699,0.531713,0.918008,0.971183],
[0.302245,0.711900,0.746561,0.552292,0.668611,0.327608,0.312353,0.992544,0.835545,0.042161,0.774537,0.762736,0.151394,0.346953,0.954094,0.479798,0.063010,0.487119,0.192987,0.248685,0.303902,0.449426,0.441961,0.429003,0.482123,0.967401,0.425375,0.931822,0.499114,0.343383,0.903005,0.801359,0.055284,0.649567,0.353651,0.723895,0.977175,0.666004,0.716439,0.812720],
[0.708165,0.490976,0.575456,0.859560,0.837929,0.529550,0.339358,0.900939,0.016669,0.532346,0.149624,0.320571,0.981772,0.591585,0.749574,0.463895,0.558986,0.174949,0.395718,0.058099,0.518332,0.298723,0.859458,0.573616,0.948290,0.213110,0.297511,0.925465,0.879114,0.013950,0.738184,0.587279,0.504926,0.313640,0.446839,0.342855,0.843191,0.786198,0.243794,0.859860],
[0.318543,0.393418,0.180430,0.300315,0.985003,0.930004,0.764210,0.543988,0.104953,0.159928,0.602088,0.623286,0.458651,0.461546,0.196902,0.406941,0.674655,0.494413,0.332406,0.553769,0.508363,0.070590,0.141049,0.013289,0.384231,0.587888,0.356143,0.227421,0.374086,0.599937,0.087281,0.692629,0.993355,0.267711,0.992944,0.978358,0.197715,0.757154,0.522346,0.302669],
[0.917082,0.124433,0.925954,0.375733,0.585979,0.122856,0.782674,0.260635,0.617269,0.115080,0.814404,0.125631,0.185670,0.955453,0.138920,0.569900,0.543341,0.495063,0.797321,0.917427,0.095000,0.884602,0.610055,0.088355,0.152313,0.602999,0.066713,0.350029,0.360153,0.589058,0.652697,0.277234,0.713492,0.578651,0.652967,0.299471,0.701507,0.435641,0.560106,0.318775],
[0.550721,0.374510,0.444407,0.736390,0.329963,0.583327,0.306291,0.873304,0.078390,0.103612,0.790730,0.173390,0.988214,0.400785,0.261746,0.140527,0.003784,0.328458,0.490556,0.363937,0.917517,0.143253,0.641171,0.631008,0.721904,0.294139,0.930479,0.423411,0.729780,0.490585,0.742186,0.280500,0.865095,0.186593,0.016891,0.195057,0.769920,0.323181,0.068361,0.848310],
[0.426793,0.859091,0.021700,0.415007,0.259876,0.283446,0.555535,0.263660,0.611904,0.046091,0.627597,0.529421,0.189343,0.268768,0.160429,0.911247,0.562907,0.090909,0.334658,0.292687,0.581494,0.076844,0.573187,0.446588,0.263437,0.590078,0.641646,0.033357,0.913260,0.710007,0.881667,0.340053,0.569097,0.903367,0.755060,0.828974,0.186813,0.310595,0.092634,0.798717],
[0.356686,0.720231,0.328138,0.546029,0.989000,0.488567,0.457276,0.551907,0.579476,0.791934,0.844594,0.160970,0.868779,0.417781,0.607558,0.132216,0.007859,0.249204,0.165573,0.921119,0.959210,0.047240,0.261172,0.528308,0.950607,0.016232,0.357281,0.137420,0.326827,0.449915,0.936137,0.683513,0.170146,0.264276,0.229542,0.159146,0.752843,0.686819,0.711053,0.332319],
[0.478753,0.555647,0.493288,0.347532,0.973428,0.100846,0.479748,0.981287,0.350050,0.645321,0.902405,0.309260,0.692560,0.163577,0.837568,0.643167,0.179809,0.194849,0.780587,0.506637,0.644764,0.716725,0.190150,0.814911,0.981000,0.419692,0.974057,0.733843,0.106511,0.685110,0.066162,0.585264,0.240756,0.559450,0.932796,0.214184,0.660297,0.412544,0.195471,0.010347],
[0.057864,0.097876,0.319607,0.750425,0.261453,0.157175,0.393592,0.441263,0.352024,0.174179,0.947899,0.996789,0.890904,0.138050,0.811700,0.871904,0.557742,0.785757,0.605747,0.664253,0.470867,0.671909,0.249518,0.711623,0.231359,0.182314,0.925807,0.891656,0.594858,0.121277,0.902003,0.652722,0.219153,0.221610,0.403147,0.480607,0.378785,0.796738,0.921869,0.730809],
[0.970917,0.869769,0.727598,0.861821,0.007818,0.539298,0.733725,0.565560,0.325055,0.339472,0.229813,0.795921,0.011380,0.479331,0.507544,0.242740,0.661644,0.433351,0.134396,0.256502,0.554629,0.036399,0.909224,0.773782,0.258009,0.312370,0.254389,0.636794,0.109109,0.176258,0.367604,0.080026,0.046026,0.095202,0.941847,0.053844,0.634500,0.675572,0.619404,0.959555],
[0.015043,0.849218,0.755476,0.026424,0.328548,0.263020,0.269164,0.990193,0.696371,0.403559,0.246695,0.251000,0.439958,0.155919,0.024782,0.697967,0.468289,0.279171,0.334762,0.577398,0.455428,0.702366,0.657424,0.501455,0.797568,0.599271,0.555299,0.432068,0.274843,0.174703,0.391622,0.289886,0.023921,0.147098,0.316310,0.352469,0.410118,0.585474,0.342662,0.106490],
[0.989033,0.589357,0.357490,0.428991,0.745276,0.382272,0.126959,0.213565,0.661442,0.461721,0.790963,0.116871,0.164086,0.448387,0.618325,0.961654,0.047658,0.173625,0.393721,0.322501,0.348328,0.785343,0.612388,0.372249,0.932442,0.928698,0.724718,0.342560,0.514171,0.067381,0.449049,0.503205,0.656738,0.806539,0.932196,0.402014,0.188810,0.059155,0.615579,0.850253],
[0.520875,0.406542,0.967123,0.684962,0.854929,0.585449,0.646615,0.902587,0.759073,0.040337,0.225089,0.107401,0.825680,0.837476,0.479650,0.758122,0.766174,0.204369,0.100681,0.280346,0.271750,0.549731,0.783550,0.928488,0.356269,0.715746,0.330501,0.545080,0.774901,0.946080,0.395332,0.295777,0.352622,0.362456,0.980738,0.207551,0.947905,0.627353,0.110139,0.706978],
[0.667690,0.335227,0.814379,0.493370,0.172704,0.294029,0.251492,0.938878,0.498398,0.352173,0.219223,0.770148,0.901903,0.002774,0.698635,0.258173,0.718520,0.029137,0.803253,0.493421,0.975217,0.198585,0.789198,0.327839,0.561041,0.769936,0.535390,0.508945,0.397289,0.645529,0.215923,0.064979,0.980757,0.030302,0.558349,0.153460,0.324332,0.809841,0.092338,0.822730],
[0.162014,0.311561,0.592878,0.063917,0.314335,0.291513,0.322090,0.032855,0.320650,0.125343,0.526276,0.295867,0.323928,0.315473,0.623706,0.884969,0.085409,0.159097,0.393914,0.482698,0.804626,0.609837,0.547678,0.785382,0.640140,0.106027,0.938842,0.964472,0.915868,0.031180,0.787202,0.077881,0.342742,0.380080,0.141798,0.657077,0.671593,0.463888,0.689932,0.992243],
[0.589231,0.216207,0.288110,0.913159,0.531681,0.911816,0.798128,0.617090,0.070913,0.192042,0.099788,0.875538,0.801879,0.647466,0.660921,0.442019,0.753492,0.599763,0.406491,0.669360,0.630944,0.193693,0.747241,0.973685,0.573773,0.889040,0.630762,0.245366,0.352928,0.320694,0.237610,0.942159,0.536901,0.525720,0.855318,0.068582,0.437536,0.653446,0.685672,0.508449],
[0.845488,0.785460,0.383988,0.647367,0.432926,0.044908,0.089386,0.186418,0.644671,0.495878,0.855778,0.275615,0.689571,0.603020,0.249300,0.263344,0.492059,0.880062,0.508710,0.844987,0.200756,0.746320,0.787147,0.737657,0.272040,0.642465,0.806239,0.709576,0.295911,0.491911,0.218026,0.141399,0.277372,0.602013,0.788766,0.710298,0.646921,0.878153,0.896716,0.291593],
[0.374030,0.752494,0.567208,0.063601,0.355514,0.816508,0.326945,0.847573,0.696570,0.835655,0.692561,0.897327,0.581976,0.479707,0.634984,0.854016,0.122172,0.441223,0.563592,0.418083,0.933135,0.781618,0.559483,0.210506,0.383631,0.348249,0.920804,0.030552,0.226402,0.817520,0.322145,0.600432,0.570014,0.889352,0.664033,0.925528,0.705860,0.990978,0.773102,0.402431],
[0.826633,0.465662,0.299757,0.408609,0.945370,0.934741,0.262625,0.067542,0.375965,0.826217,0.485626,0.309099,0.607834,0.045108,0.519606,0.991465,0.393357,0.440410,0.022017,0.619759,0.257930,0.344162,0.220191,0.827944,0.233515,0.884224,0.753472,0.939375,0.875202,0.526574,0.341805,0.701835,0.992236,0.641563,0.110444,0.937606,0.576304,0.373069,0.005148,0.952268]],
[[0.199285,0.490774,0.261367,0.807120,0.535882,0.780973,0.798585,0.929239,0.221383,0.820602,0.548997,0.479313,0.164765,0.769188,0.307257,0.398279,0.653412,0.060729,0.337654,0.528613,0.587303,0.679460,0.230448,0.579539,0.321022,0.340892,0.517145,0.897326,0.713961,0.522293,0.849594,0.913246,0.013066,0.110961,0.720366,0.548948,0.891935,0.518951,0.478187,0.113318],
[0.339553,0.027184,0.592630,0.504318,0.796372,0.899887,0.902597,0.449783,0.960616,0.240251,0.978397,0.547918,0.919711,0.208845,0.127457,0.240733,0.549737,0.644602,0.138058,0.263698,0.166894,0.987652,0.176944,0.179960,0.098613,0.897310,0.728908,0.990548,0.416261,0.207095,0.103866,0.755814,0.234279,0.696496,0.260132,0.030651,0.596383,0.162729,0.480434,0.556999],
[0.402981,0.458831,0.104917,0.322691,0.667675,0.232374,0.563424,0.217413,0.876976,0.701483,0.481111,0.043870,0.689135,0.658055,0.223831,0.787748,0.555365,0.952739,0.778296,0.971626,0.159834,0.882162,0.727441,0.394113,0.578658,0.987573,0.424764,0.175041,0.150302,0.905198,0.732040,0.553283,0.364028,0.836958,0.875974,0.031704,0.069332,0.439398,0.249116,0.946308],
[0.140881,0.730227,0.990178,0.830016,0.388282,0.214009,0.617764,0.943648,0.166748,0.396060,0.915274,0.326582,0.278222,0.642715,0.720695,0.856881,0.630288,0.145459,0.031922,0.780590,0.050656,0.763962,0.333873,0.414684,0.600920,0.209847,0.446388,0.670252,0.649245,0.695504,0.616561,0.790126,0.425732,0.606739,0.620142,0.814014,0.820748,0.237906,0.757661,0.987496],
[0.633966,0.672936,0.314078,0.912189,0.315650,0.034773,0.769069,0.945938,0.180231,0.800991,0.726529,0.230888,0.564954,0.060402,0.645572,0.165874,0.270249,0.091960,0.836126,0.919494,0.787464,0.452686,0.709620,0.213196,0.059425,0.329762,0.027210,0.880173,0.567668,0.784871,0.867669,0.201634,0.457807,0.181747,0.113823,0.773457,0.216520,0.882892,0.719396,0.396752],
[0.683883,0.445924,0.627639,0.248837,0.506326,0.273211,0.414710,0.776574,0.365171,0.250836,0.696068,0.152635,0.703523,0.405688,0.365831,0.762948,0.735450,0.393041,0.643122,0.303118,0.177912,0.510791,0.504752,0.635718,0.692538,0.618574,0.409175,0.909059,0.501466,0.128571,0.305810,0.185349,0.574495,0.933450,0.434185,0.080821,0.206661,0.848895,0.857395,0.571832],
[0.099732,0.553463,0.724467,0.803254,0.959151,0.090298,0.566202,0.694601,0.483339,0.209324,0.997719,0.661250,0.720115,0.502471,0.296969,0.412653,0.121045,0.706144,0.321712,0.622511,0.834715,0.627522,0.807859,0.409210,0.560972,0.242045,0.490031,0.767633,0.090940,0.347425,0.339465,0.190672,0.900889,0.063932,0.993926,0.860040,0.154230,0.560128,0.554641,0.637568],
[0.769452,0.552360,0.298819,0.489567,0.054831,0.595787,0.902220,0.175876,0.301931,0.223932,0.798386,0.136646,0.851455,0.606246,0.545856,0.412427,0.848290,0.035886,0.180060,0.939231,0.383312,0.519524,0.129902,0.284201,0.583456,0.123828,0.144240,0.737685,0.683957,0.698882,0.375254,0.453409,0.251242,0.674072,0.942976,0.306073,0.269859,0.845196,0.481949,0.571790],
[0.069128,0.280335,0.708436,0.920583,0.886581,0.254292,0.333010,0.734872,0.290178,0.513069,0.674102,0.673490,0.032593,0.804005,0.957691,0.616049,0.927833,0.101931,0.353734,0.611790,0.800813,0.728988,0.065198,0.052055,0.403060,0.008174,0.358129,0.672919,0.853370,0.840078,0.244709,0.922499,0.120413,0.953146,0.843082,0.006994,0.207438,0.176091,0.741866,0.497616],
[0.689161,0.415968,0.171106,0.721754,0.219973,0.128797,0.337803,0.147806,0.230728,0.691538,0.759595,0.031541,0.420526,0.824794,0.083597,0.823586,0.832968,0.441725,0.496505,0.686339,0.281803,0.741214,0.608837,0.402216,0.694360,0.451919,0.409210,0.901797,0.628010,0.151076,0.399413,0.317171,0.567044,0.570519,0.038925,0.787016,0.699316,0.376729,0.934822,0.930045],
[0.068266,0.694418,0.961586,0.488792,0.519212,0.045182,0.312378,0.352180,0.486907,0.808883,0.038518,0.768710,0.550097,0.647356,0.170926,0.244457,0.099274,0.580135,0.146254,0.727284,0.731211,0.545668,0.044455,0.298255,0.116187,0.083380,0.085271,0.815504,0.460109,0.020093,0.745548,0.528375,0.714511,0.707134,0.017167,0.233723,0.752316,0.329545,0.585903,0.239224],
[0.138428,0.624421,0.007934,0.688525,0.271777,0.178859,0.932982,0.371051,0.758995,0.079237,0.098335,0.490206,0.624904,0.142790,0.788460,0.741092,0.226171,0.873732,0.556595,0.686279,0.893825,0.302143,0.214655,0.608336,0.009277,0.231822,0.842059,0.761593,0.561367,0.427962,0.000817,0.699795,0.052383,0.008751,0.388321,0.324160,0.187610,0.321303,0.695211,0.946604],
[0.400540,0.793546,0.436810,0.025444,0.936336,0.225271,0.766536,0.162507,0.099002,0.323131,0.848787,0.992827,0.625274,0.063441,0.601164,0.634551,0.295263,0.443223,0.396144,0.856630,0.871184,0.396961,0.556426,0.923568,0.405712,0.944747,0.247727,0.593322,0.266050,0.942938,0.539926,0.666590,0.736484,0.976736,0.692034,0.672820,0.202007,0.458569,0.835327,0.301009],
[0.781700,0.684114,0.293836,0.406974,0.747555,0.895000,0.041525,0.042818,0.338222,0.437670,0.899448,0.209407,0.834631,0.455874,0.132974,0.240343,0.400621,0.380701,0.833665,0.666671,0.323639,0.373591,0.333260,0.060123,0.350327,0.025294,0.732943,0.552333,0.483864,0.568271,0.853342,0.265564,0.252384,0.147178,0.672538,0.999939,0.042178,0.714063,0.042757,0.380400],
[0.151733,0.942206,0.589807,0.986364,0.398080,0.722781,0.226706,0.798701,0.103482,0.060371,0.465371,0.427122,0.433962,0.798632,0.487245,0.784288,0.823926,0.220188,0.336622,0.307789,0.788459,0.189964,0.573353,0.040843,0.337142,0.245891,0.040782,0.379320,0.959954,0.083540,0.759720,0.111686,0.025745,0.349526,0.098050,0.423825,0.072307,0.324756,0.222525,0.175789],
[0.385127,0.687897,0.602911,0.819089,0.486528,0.090156,0.603377,0.310454,0.310344,0.939999,0.618243,0.098803,0.129963,0.191596,0.139646,0.467105,0.437486,0.180429,0.846425,0.397440,0.263968,0.606144,0.509126,0.289713,0.955670,0.607176,0.713538,0.027977,0.931932,0.936063,0.203767,0.317060,0.623960,0.806677,0.136149,0.110488,0.896833,0.739526,0.420942,0.207177],
[0.679525,0.039185,0.305980,0.809488,0.230781,0.445627,0.276593,0.668268,0.626055,0.123018,0.065708,0.890023,0.729162,0.574834,0.179736,0.684832,0.182010,0.893274,0.712810,0.113943,0.829338,0.916576,0.431002,0.453298,0.723254,0.567151,0.563786,0.620087,0.306677,0.984729,0.827264,0.986202,0.023914,0.133244,0.795691,0.254695,0.578871,0.072284,0.922963,0.204926],
[0.195302,0.988670,0.094949,0.924464,0.563505,0.274686,0.609296,0.745515,0.167960,0.322106,0.859457,0.997298,0.238682,0.290459,0.450596,0.961936,0.857610,0.014383,0.582023,0.164287,0.999111,0.409287,0.150490,0.023025,0.542531,0.946180,0.277720,0.121402,0.018464,0.200683,0.326328,0.213766,0.189354,0.421278,0.138230,0.752858,0.695964,0.747527,0.498373,0.863924],
[0.069633,0.357830,0.861222,0.308315,0.648290,0.311819,0.270251,0.505900,0.326201,0.852274,0.670187,0.325312,0.261561,0.820677,0.348338,0.804092,0.766857,0.626058,0.925494,0.785322,0.826741,0.251823,0.999088,0.016095,0.673101,0.137319,0.768953,0.369064,0.884846,0.267326,0.232989,0.954479,0.625156,0.094211,0.262794,0.273446,0.406030,0.533045,0.779346,0.732231],
[0.385319,0.449533,0.057543,0.646879,0.270210,0.405881,0.450971,0.037067,0.031939,0.376466,0.822389,0.858681,0.628288,0.821477,0.874776,0.301389,0.958796,0.643729,0.670454,0.843641,0.911055,0.903442,0.798120,0.536211,0.997653,0.060913,0.809657,0.403683,0.593958,0.589002,0.135914,0.979277,0.038535,0.193457,0.626157,0.308745,0.599339,0.077128,0.345812,0.631278],
[0.453594,0.168201,0.489959,0.081882,0.989678,0.364734,0.383271,0.948474,0.008463,0.053725,0.792115,0.919518,0.957167,0.590235,0.455729,0.954820,0.651148,0.265386,0.358503,0.245106,0.854388,0.494417,0.224384,0.892924,0.687875,0.850540,0.201669,0.287213,0.927669,0.547481,0.918491,0.381262,0.715682,0.408450,0.463145,0.705360,0.773184,0.846416,0.653834,0.781647],
[0.900141,0.445949,0.701165,0.857308,0.036183,0.156894,0.812128,0.687331,0.422280,0.170632,0.932438,0.276668,0.665049,0.156822,0.169592,0.352924,0.007362,0.371260,0.640137,0.935030,0.918741,0.558628,0.316293,0.634423,0.967078,0.779437,0.339784,0.740262,0.625853,0.993618,0.521909,0.525994,0.439566,0.223073,0.383302,0.475750,0.379967,0.195430,0.163081,0.802247],
[0.366062,0.095519,0.078915,0.031111,0.252340,0.248506,0.384035,0.259702,0.619767,0.024173,0.194733,0.538508,0.582801,0.511025,0.172932,0.549879,0.290463,0.512715,0.290141,0.916316,0.506333,0.812049,0.442310,0.945899,0.035123,0.825612,0.421648,0.415090,0.021042,0.584729,0.217337,0.387104,0.680248,0.296251,0.418215,0.932588,0.544758,0.802250,0.192290,0.164524],
[0.826423,0.387023,0.703032,0.409224,0.898048,0.875964,0.959103,0.188511,0.388679,0.249243,0.104827,0.895012,0.061292,0.547137,0.840911,0.096415,0.372748,0.262559,0.511505,0.393790,0.847289,0.728842,0.780894,0.527536,0.025093,0.199109,0.460125,0.569851,0.001359,0.652415,0.734375,0.827782,0.039438,0.437407,0.237006,0.937486,0.313371,0.196108,0.125997,0.702050],
[0.445351,0.230824,0.597062,0.506644,0.777960,0.437973,0.603059,0.150709,0.700532,0.114564,0.544499,0.547821,0.843406,0.325392,0.075357,0.868499,0.524501,0.535482,0.438350,0.525860,0.187897,0.172725,0.353642,0.227335,0.610132,0.590648,0.164821,0.923503,0.786756,0.290818,0.625554,0.232108,0.521642,0.222616,0.738752,0.299602,0.660589,0.341811,0.450311,0.361121],
[0.456375,0.994809,0.908942,0.299781,0.320202,0.984300,0.168280,0.844703,0.519781,0.606630,0.370563,0.707678,0.779354,0.724205,0.935013,0.389486,0.314853,0.099834,0.312990,0.101610,0.390651,0.938544,0.333717,0.912293,0.161160,0.072469,0.211895,0.821749,0.414280,0.662206,0.182871,0.870655,0.657015,0.091813,0.170436,0.977217,0.076112,0.338716,0.821920,0.595894],
[0.945346,0.192482,0.303572,0.724700,0.916688,0.238585,0.114187,0.231541,0.338418,0.427177,0.333150,0.729070,0.365720,0.666868,0.641363,0.526880,0.739337,0.853258,0.348629,0.153617,0.515464,0.531500,0.024272,0.172480,0.623313,0.194709,0.149697,0.699426,0.533425,0.971616,0.295319,0.478771,0.164099,0.598892,0.203471,0.080786,0.837476,0.317657,0.312327,0.175895],
[0.744834,0.645478,0.904965,0.110554,0.312345,0.546328,0.637435,0.051682,0.399586,0.986064,0.205300,0.915050,0.517564,0.229572,0.087530,0.140877,0.424281,0.237227,0.840303,0.957705,0.208843,0.135622,0.436476,0.372942,0.734514,0.639947,0.453728,0.571990,0.957604,0.766056,0.747885,0.702438,0.411533,0.652850,0.812993,0.723879,0.199178,0.450427,0.775561,0.598763],
[0.436491,0.980861,0.513814,0.954056,0.210433,0.601344,0.094933,0.634713,0.838571,0.935236,0.592419,0.047414,0.070859,0.028895,0.420356,0.805373,0.668841,0.874084,0.377363,0.626446,0.640140,0.125248,0.328884,0.051673,0.778098,0.141877,0.775552,0.977276,0.592304,0.551113,0.576039,0.028795,0.531973,0.089853,0.982851,0.742406,0.691197,0.077784,0.377119,0.529767],
[0.013020,0.969538,0.577181,0.083878,0.998433,0.997537,0.889251,0.667274,0.871621,0.266614,0.293720,0.511760,0.391862,0.622604,0.563433,0.169960,0.764480,0.338985,0.147236,0.356784,0.890098,0.723275,0.385579,0.422071,0.813127,0.368430,0.164477,0.504324,0.446214,0.541597,0.034091,0.459234,0.511135,0.611272,0.543112,0.509567,0.608809,0.432363,0.176841,0.480430],
[0.698977,0.470561,0.992190,0.090839,0.093165,0.555624,0.260799,0.857645,0.894609,0.408035,0.214430,0.784706,0.131310,0.600009,0.206777,0.944437,0.968439,0.371255,0.448761,0.414653,0.912851,0.482853,0.873887,0.423986,0.094125,0.416999,0.933553,0.702934,0.849362,0.110395,0.183364,0.548340,0.580956,0.175554,0.639179,0.674121,0.731178,0.899979,0.531767,0.625787],
[0.308014,0.746196,0.410493,0.439323,0.346205,0.617271,0.383761,0.314644,0.988525,0.832522,0.729297,0.901377,0.315374,0.603184,0.325363,0.409499,0.020183,0.258916,0.112433,0.869545,0.369311,0.295797,0.417885,0.950267,0.471351,0.057064,0.624388,0.202529,0.957042,0.156154,0.828316,0.265056,0.902351,0.238809,0.704380,0.248556,0.856080,0.088140,0.563200,0.844605],
[0.920662,0.292497,0.745982,0.236037,0.895680,0.071345,0.645536,0.915863,0.330261,0.757969,0.785408,0.699572,0.053766,0.203293,0.649839,0.525118,0.260357,0.274227,0.727647,0.217400,0.430381,0.555963,0.482456,0.332731,0.794772,0.186835,0.581287,0.650852,0.274976,0.144487,0.495458,0.195638,0.436983,0.241440,0.431675,0.332664,0.312785,0.077211,0.248527,0.643046],
[0.835180,0.033935,0.342618,0.888946,0.237229,0.992456,0.414064,0.497586,0.266683,0.141711,0.714986,0.697064,0.697674,0.197441,0.029795,0.492446,0.384276,0.611082,0.143299,0.659252,0.755569,0.638756,0.854890,0.192552,0.880196,0.286565,0.525216,0.192981,0.363775,0.773743,0.836027,0.198955,0.807679,0.178645,0.087901,0.044908,0.171101,0.501965,0.542494,0.437784],
[0.643675,0.257479,0.134847,0.341349,0.454920,0.164643,0.833795,0.839197,0.775725,0.977094,0.498449,0.531294,0.615851,0.353339,0.723846,0.496047,0.639903,0.249063,0.689028,0.003678,0.022806,0.525055,0.202633,0.830485,0.703700,0.290535,0.875392,0.874801,0.792499,0.417886,0.312585,0.436175,0.675365,0.447432,0.777524,0.130285,0.612074,0.611319,0.969482,0.387799],
[0.588413,0.467931,0.919093,0.204264,0.821270,0.642939,0.700311,0.461173,0.892002,0.389339,0.464851,0.914808,0.914394,0.667485,0.745293,0.618094,0.958019,0.620685,0.492895,0.750519,0.038571,0.805480,0.186693,0.713936,0.252912,0.964217,0.844221,0.864986,0.575537,0.813703,0.252785,0.163950,0.281634,0.171878,0.368214,0.102904,0.814818,0.068525,0.564077,0.706820],
[0.457864,0.028928,0.621628,0.372258,0.696413,0.366920,0.990353,0.654432,0.987605,0.483248,0.404951,0.026176,0.288728,0.591644,0.740113,0.541639,0.555862,0.584334,0.406625,0.131398,0.398037,0.659411,0.295349,0.679672,0.831289,0.663563,0.782576,0.646107,0.732088,0.346653,0.352926,0.189952,0.375581,0.974554,0.562210,0.071994,0.341474,0.552563,0.726426,0.329079],
[0.035811,0.131377,0.355256,0.324539,0.723021,0.095368,0.866178,0.278883,0.679702,0.272803,0.410281,0.077740,0.932213,0.705630,0.757411,0.763502,0.369192,0.539987,0.409609,0.101280,0.886640,0.762535,0.291232,0.262221,0.737089,0.853442,0.334215,0.078563,0.406005,0.060641,0.407642,0.441816,0.192018,0.762898,0.766355,0.915039,0.858266,0.632532,0.193922,0.537968],
[0.905335,0.604203,0.615708,0.837549,0.309832,0.373119,0.601051,0.679025,0.913107,0.010660,0.780305,0.799746,0.773195,0.071536,0.061967,0.510284,0.924979,0.396181,0.588847,0.330984,0.456822,0.996489,0.772800,0.648840,0.759387,0.539155,0.563879,0.617653,0.171687,0.757800,0.155622,0.077022,0.362003,0.771330,0.914571,0.671835,0.144449,0.515622,0.350860,0.057556],
[0.526282,0.131164,0.857302,0.299477,0.202701,0.919269,0.809761,0.127679,0.315450,0.398608,0.458663,0.772272,0.395097,0.231463,0.421112,0.154484,0.770618,0.984991,0.772137,0.942305,0.742791,0.927758,0.019327,0.104794,0.699088,0.933898,0.776629,0.843537,0.449520,0.127489,0.901092,0.975802,0.258654,0.758394,0.275280,0.461354,0.677663,0.085041,0.589034,0.993113]]];

c=[[8,10,1,6,8,6,8,7,6,4,7,3,1,1,6,1,3,2,8,9,3,2,1,2,10,6,1,5,3,8,5,2,7,7,9,4,2,6,10,8],
[9,9,2,2,9,7,4,4,10,2,2,5,3,4,6,5,10,8,1,4,5,6,5,1,4,5,6,6,1,6,5,1,6,8,2,6,4,6,9,5],
[9,2,9,1,6,6,7,7,4,8,2,8,5,8,1,8,2,6,3,2,3,9,3,10,6,6,6,9,3,4,4,1,8,4,4,5,10,10,3,3],
[7,4,2,1,3,2,9,4,10,3,8,4,2,2,4,7,7,9,8,2,4,3,2,1,8,5,7,7,7,9,1,5,4,3,6,6,6,6,2,7],
[10,1,1,3,2,4,2,10,4,1,1,7,3,5,10,10,9,6,9,7,7,9,2,10,3,9,8,1,6,1,7,5,1,9,10,4,4,1,3,7],
[1,6,6,5,10,7,6,10,4,4,7,10,5,8,2,7,6,1,7,1,1,6,7,3,4,6,6,8,8,10,6,8,7,3,2,6,9,8,8,3],
[3,4,4,7,3,5,4,10,7,2,2,7,7,8,1,3,6,6,2,3,8,7,3,4,2,6,2,10,5,9,4,8,4,8,4,8,4,9,7,1],
[3,8,9,1,7,10,3,4,7,6,9,6,5,1,2,6,8,5,7,3,3,1,2,8,10,7,5,5,8,3,5,10,2,6,10,10,5,5,4,3],
[10,4,9,6,6,2,1,3,6,8,7,10,10,8,7,9,5,3,5,2,5,10,3,8,7,4,7,3,8,2,5,10,5,5,5,10,6,8,5,1],
[7,1,10,8,9,8,8,5,10,2,8,6,3,10,3,9,3,2,1,3,3,8,4,10,2,10,9,10,7,5,10,5,6,2,2,6,9,9,2,1],
[3,9,8,5,10,3,4,4,4,4,6,8,3,9,7,5,9,6,6,7,10,7,4,7,8,7,4,9,8,5,1,10,5,10,4,4,2,7,8,5],
[3,5,3,5,6,1,1,6,6,6,4,8,5,7,6,2,4,10,2,1,6,4,10,1,4,5,6,5,2,3,2,6,10,6,10,5,6,3,10,4],
[10,3,3,4,2,8,8,7,9,9,7,5,3,8,5,6,4,10,2,5,5,3,2,6,10,4,10,6,6,1,9,7,5,3,1,8,10,10,4,1],
[8,2,5,2,1,1,9,5,2,3,1,8,7,3,3,7,6,4,4,3,6,4,1,3,6,1,10,7,10,6,7,10,7,1,3,10,1,4,4,5],
[8,6,2,4,8,5,10,5,10,5,9,6,8,10,8,3,2,9,10,4,4,6,5,3,9,9,2,1,2,5,5,9,10,9,5,10,5,6,6,4],
[1,7,1,8,6,10,3,7,9,4,2,2,1,6,4,9,5,7,2,8,1,6,9,3,6,3,4,10,10,1,6,10,7,6,8,2,6,2,1,4],
[5,4,7,5,10,3,6,6,9,7,5,2,4,5,6,10,9,9,9,9,1,4,8,8,2,7,1,7,8,3,2,4,7,10,9,6,2,4,3,3],
[2,9,6,5,4,1,4,2,1,5,10,1,10,10,8,1,8,1,7,6,3,10,1,9,10,1,6,3,6,8,5,7,9,2,2,2,2,5,3,4],
[1,5,5,1,6,4,1,3,4,10,10,9,1,1,7,10,1,3,5,7,2,9,3,10,3,4,3,4,1,8,10,3,2,4,3,7,9,6,9,5],
[7,9,3,7,1,1,9,1,3,3,9,7,3,2,8,5,7,1,1,9,8,10,2,1,5,6,7,5,1,7,9,9,7,3,6,7,4,6,10,8],
[8,8,4,10,1,2,7,8,4,7,8,1,8,9,1,2,5,9,6,7,7,7,6,4,9,3,2,2,8,3,10,7,1,5,8,3,8,4,2,1],
[2,10,1,9,8,3,2,4,1,10,3,8,6,10,3,4,2,6,8,1,9,9,7,1,5,6,3,3,2,5,3,3,6,6,4,5,8,7,9,9],
[6,3,8,1,2,2,7,3,7,6,5,7,6,3,7,10,8,2,2,9,8,7,4,3,2,9,7,9,5,7,9,3,9,8,3,10,9,1,4,8],
[6,10,4,3,2,3,3,2,4,6,2,1,2,7,5,5,5,1,6,2,8,6,4,8,4,8,8,4,9,3,1,6,3,7,9,6,9,1,7,4],
[8,1,6,10,7,10,4,2,10,1,5,9,7,8,7,10,5,6,5,5,10,8,1,4,4,9,10,4,1,8,7,8,8,2,9,5,3,5,8,2],
[5,2,3,1,1,1,2,7,8,9,2,7,6,2,1,1,2,2,6,4,9,2,1,7,5,10,3,7,6,2,10,10,5,4,3,5,4,6,1,1],
[4,4,10,1,5,10,1,8,3,6,1,1,9,4,9,5,5,3,3,10,4,5,9,8,8,3,4,4,9,7,6,2,10,5,3,7,6,5,4,8],
[3,7,9,3,10,9,8,4,2,2,3,5,6,3,3,6,8,8,9,6,4,4,9,4,1,3,10,6,10,5,4,2,3,4,4,2,2,3,7,3],
[5,1,8,2,6,2,7,3,9,7,10,5,1,8,10,3,3,1,8,2,5,3,5,8,6,10,1,8,3,10,2,7,10,9,8,5,2,7,9,3],
[3,8,7,5,8,6,7,10,6,5,3,2,7,7,1,5,6,4,2,8,3,3,6,2,4,6,9,7,2,7,9,4,5,7,9,2,4,5,3,1],
[1,5,3,10,1,5,4,8,8,7,8,10,1,5,4,4,10,2,3,3,10,3,9,4,10,7,7,5,3,9,6,6,3,10,5,5,4,8,3,4],
[4,2,5,4,6,10,10,8,3,4,10,3,6,10,6,5,6,3,10,1,3,7,6,6,6,2,10,1,9,4,4,4,7,1,9,5,10,10,2,3],
[3,3,5,9,3,2,5,10,6,4,2,9,10,9,4,7,10,5,8,8,1,1,3,7,1,2,1,3,3,4,5,6,7,9,4,1,10,8,2,6],
[4,4,6,5,2,1,2,2,5,9,1,7,1,4,6,4,7,8,6,9,2,10,4,10,10,9,2,1,9,3,6,2,6,3,6,8,3,9,1,10],
[9,1,6,2,6,3,7,4,1,2,3,4,3,8,3,4,7,6,4,5,8,2,8,6,4,5,5,7,4,5,6,4,7,3,5,5,6,1,8,6],
[4,10,9,8,10,3,1,6,10,5,2,9,6,1,4,1,5,10,7,10,4,4,6,3,7,10,7,4,3,4,9,8,6,9,6,5,3,8,2,4],
[2,3,2,9,5,6,10,1,5,8,1,1,4,6,5,10,7,1,5,1,6,3,9,1,3,6,5,7,3,6,10,7,10,1,5,4,8,6,5,3],
[6,7,5,9,4,9,10,2,1,4,3,6,8,3,7,2,8,1,8,10,9,9,8,10,9,5,4,9,2,10,1,7,8,7,7,1,5,6,2,7],
[1,4,2,8,8,8,1,5,1,10,7,1,8,4,10,9,8,3,7,10,4,9,8,1,5,5,3,1,2,5,7,3,10,8,2,8,8,3,4,8],
[2,10,10,2,6,9,10,5,4,6,6,7,4,4,10,10,10,2,10,1,8,8,5,10,7,7,9,4,1,2,3,4,4,2,5,1,1,6,5,4],
];
