m=30;
n=30;
p=3;
q=3;

alpha=[0.703200,0.898065,0.578272,0.632166,0.631567,0.572980];

proba=[[[0.975442,0.919748,0.136875,0.469098,0.995688,0.828079,0.015313,0.781658,0.191217,0.446313,0.583932,0.323533,0.089686,0.811578,0.834821,0.787445,0.641258,0.770401,0.109545,0.215592,0.626119,0.220210,0.290888,0.048840,0.596556,0.697288,0.844970,0.753101,0.961620,0.108105],
[0.899061,0.937063,0.027853,0.035936,0.406161,0.023541,0.864015,0.421473,0.805199,0.055232,0.867786,0.389131,0.378765,0.957472,0.200709,0.213586,0.744917,0.841968,0.983987,0.854462,0.057559,0.610107,0.074672,0.348447,0.658947,0.671228,0.045735,0.503917,0.424329,0.007356],
[0.612022,0.323390,0.944419,0.639875,0.359326,0.350579,0.663416,0.223341,0.772053,0.468614,0.278573,0.639839,0.857745,0.657338,0.597311,0.058454,0.870925,0.342228,0.900422,0.854912,0.196690,0.957981,0.465019,0.271362,0.306428,0.123966,0.942590,0.352164,0.627883,0.366919],
[0.359520,0.239904,0.690309,0.303939,0.879779,0.049634,0.654518,0.543195,0.272975,0.426570,0.011809,0.551548,0.066409,0.869554,0.208886,0.663720,0.928009,0.079811,0.005948,0.828431,0.934723,0.202638,0.786412,0.399742,0.474000,0.092841,0.523707,0.416590,0.445005,0.151590],
[0.783509,0.804524,0.391494,0.473818,0.108463,0.271273,0.523452,0.762981,0.814467,0.796428,0.189551,0.826276,0.347976,0.255961,0.695830,0.556862,0.919681,0.623839,0.636673,0.925629,0.452270,0.571396,0.128267,0.238682,0.971137,0.602268,0.331523,0.494844,0.018858,0.776527],
[0.646434,0.802368,0.581051,0.037928,0.276186,0.689514,0.309201,0.799638,0.452495,0.123668,0.596066,0.642046,0.949944,0.944041,0.898007,0.645775,0.500903,0.817688,0.269614,0.137576,0.743316,0.721884,0.708972,0.871583,0.960565,0.680109,0.473851,0.292088,0.174953,0.492709],
[0.068615,0.821387,0.295077,0.649666,0.859315,0.571262,0.339181,0.168516,0.370900,0.791676,0.292184,0.966966,0.433722,0.242128,0.911007,0.331729,0.887902,0.411911,0.149417,0.157516,0.549487,0.892733,0.879400,0.258458,0.764316,0.839965,0.938567,0.238167,0.132053,0.113521],
[0.730876,0.200668,0.934908,0.025953,0.850335,0.794223,0.597215,0.189516,0.962738,0.968115,0.981191,0.254922,0.935081,0.414914,0.497050,0.846088,0.746643,0.384952,0.257999,0.896059,0.542468,0.807486,0.788792,0.421868,0.065944,0.553109,0.261833,0.004511,0.791276,0.393886],
[0.118032,0.522152,0.594555,0.052940,0.548105,0.444890,0.847163,0.145320,0.634405,0.809901,0.113435,0.615597,0.064823,0.048516,0.030510,0.561873,0.894604,0.777153,0.946825,0.152603,0.673212,0.489293,0.960089,0.462005,0.911161,0.026033,0.015113,0.172994,0.030544,0.806389],
[0.566880,0.148576,0.328541,0.161435,0.201516,0.876645,0.606325,0.048679,0.021965,0.240730,0.858580,0.135400,0.856326,0.923403,0.183916,0.886837,0.485275,0.078520,0.663989,0.432100,0.231123,0.337202,0.921393,0.191212,0.799207,0.832554,0.217245,0.814320,0.005548,0.247789],
[0.620709,0.572429,0.396365,0.949250,0.733864,0.597882,0.825895,0.340189,0.646561,0.847860,0.580919,0.505141,0.983260,0.437245,0.428544,0.167175,0.324082,0.913819,0.245695,0.988071,0.345919,0.476818,0.325273,0.267312,0.668030,0.124479,0.099867,0.885274,0.938799,0.105415],
[0.133063,0.559508,0.677844,0.529428,0.508757,0.411707,0.127310,0.334652,0.751896,0.773870,0.182512,0.332815,0.279011,0.165772,0.770060,0.707555,0.332947,0.094142,0.621374,0.578642,0.082213,0.967293,0.055460,0.407486,0.234606,0.723490,0.531965,0.334472,0.608764,0.470764],
[0.439887,0.741827,0.030272,0.117730,0.271255,0.539030,0.529438,0.398565,0.873682,0.281334,0.172435,0.056194,0.614149,0.451446,0.221966,0.384209,0.159001,0.554913,0.478350,0.780375,0.133555,0.560563,0.747668,0.189016,0.968049,0.982274,0.912505,0.500014,0.316746,0.521269],
[0.970778,0.756633,0.263096,0.001050,0.874363,0.534350,0.540080,0.403801,0.932915,0.413762,0.685135,0.105350,0.469956,0.299284,0.556796,0.691922,0.683493,0.715798,0.246836,0.161844,0.496173,0.380391,0.722407,0.243841,0.569407,0.690455,0.226114,0.481912,0.190469,0.542860],
[0.003181,0.161248,0.299493,0.266276,0.162298,0.173856,0.800627,0.702378,0.577657,0.733542,0.116140,0.262793,0.838892,0.586096,0.562077,0.395688,0.278019,0.245570,0.111486,0.524854,0.407414,0.607658,0.905246,0.129821,0.851499,0.474652,0.820276,0.077614,0.956564,0.010746],
[0.620474,0.959745,0.171993,0.919967,0.226021,0.334291,0.093823,0.026648,0.036669,0.671480,0.760190,0.152809,0.934273,0.599082,0.738905,0.496350,0.994770,0.016924,0.741920,0.106256,0.541778,0.149335,0.713914,0.447024,0.279155,0.565413,0.921676,0.099432,0.643027,0.878240],
[0.110177,0.263501,0.837985,0.282170,0.183467,0.064006,0.616461,0.277290,0.090654,0.653131,0.948770,0.850844,0.805940,0.883043,0.449926,0.544845,0.379393,0.444696,0.561768,0.121314,0.550951,0.103547,0.270648,0.264865,0.550570,0.549804,0.830279,0.472246,0.649235,0.473306],
[0.350486,0.759413,0.736806,0.188471,0.041583,0.920273,0.252478,0.658044,0.197563,0.343132,0.311175,0.146334,0.193976,0.117114,0.029377,0.643902,0.661959,0.408770,0.088597,0.223728,0.530084,0.639548,0.327274,0.800732,0.904414,0.877844,0.350536,0.734692,0.350091,0.999771],
[0.207998,0.700577,0.759184,0.944804,0.889048,0.800766,0.865077,0.141526,0.458811,0.062641,0.484657,0.769986,0.208974,0.678633,0.887100,0.238351,0.322535,0.549059,0.647121,0.411132,0.772787,0.177205,0.050680,0.100061,0.977937,0.955094,0.977906,0.328473,0.689786,0.327996],
[0.328244,0.897784,0.028573,0.087428,0.842588,0.917621,0.888194,0.707666,0.059147,0.347005,0.770307,0.543804,0.116991,0.979281,0.222438,0.004091,0.217632,0.544973,0.553150,0.864754,0.956105,0.325937,0.041959,0.006785,0.425999,0.019896,0.961879,0.403904,0.348369,0.651665],
[0.731901,0.676613,0.549450,0.760474,0.764041,0.392038,0.678095,0.652235,0.099704,0.737242,0.999240,0.870011,0.281047,0.116230,0.849292,0.503485,0.120321,0.066924,0.048457,0.673472,0.931678,0.004562,0.999409,0.973637,0.011347,0.425407,0.993534,0.973226,0.829312,0.341903],
[0.624891,0.561213,0.018516,0.174341,0.321687,0.782557,0.566379,0.999782,0.434792,0.666083,0.737024,0.434032,0.536094,0.018071,0.550262,0.385386,0.521555,0.670584,0.452310,0.570013,0.344055,0.383988,0.574575,0.343464,0.357625,0.585922,0.768872,0.351158,0.559148,0.598183],
[0.693061,0.184039,0.159396,0.711578,0.358380,0.481083,0.494135,0.924759,0.480864,0.928927,0.590843,0.217888,0.362959,0.126937,0.235959,0.913222,0.512322,0.757514,0.583806,0.964632,0.327527,0.927861,0.348620,0.902102,0.271325,0.706245,0.488023,0.040196,0.057403,0.047171],
[0.638380,0.750465,0.231210,0.797776,0.462043,0.589590,0.278858,0.956178,0.514349,0.759722,0.885105,0.105192,0.977611,0.248065,0.232129,0.213570,0.161287,0.744451,0.971084,0.745092,0.709083,0.298611,0.672953,0.057703,0.200713,0.944277,0.763948,0.688736,0.984474,0.821351],
[0.735907,0.622853,0.571816,0.967117,0.420629,0.033858,0.556707,0.699487,0.990036,0.071056,0.459210,0.875141,0.176248,0.436821,0.123206,0.408377,0.650391,0.284493,0.152828,0.621475,0.029585,0.861910,0.920087,0.702537,0.919613,0.120800,0.646815,0.683561,0.809536,0.631289],
[0.504911,0.545443,0.254142,0.076727,0.512560,0.674771,0.110585,0.069267,0.374258,0.100622,0.140323,0.833468,0.975763,0.316571,0.270288,0.098969,0.724948,0.920679,0.383462,0.877776,0.542154,0.413046,0.739686,0.462241,0.115583,0.659299,0.583040,0.762398,0.342860,0.392576],
[0.393687,0.847771,0.938019,0.647829,0.924498,0.450579,0.322600,0.035084,0.519846,0.696858,0.135705,0.660169,0.530326,0.111468,0.976740,0.800614,0.210437,0.701688,0.721293,0.593899,0.579464,0.263447,0.006945,0.319150,0.725688,0.122529,0.978449,0.308728,0.884927,0.321309],
[0.701304,0.278614,0.169080,0.639323,0.926443,0.093578,0.089902,0.249043,0.128662,0.609748,0.945901,0.264367,0.269917,0.476227,0.375836,0.246657,0.276841,0.586273,0.948345,0.998134,0.180172,0.527809,0.261582,0.187117,0.846959,0.987270,0.309646,0.825408,0.295998,0.194573],
[0.146717,0.997302,0.473187,0.315797,0.636625,0.399629,0.409375,0.726527,0.648672,0.538037,0.336275,0.594573,0.802404,0.606192,0.070800,0.178240,0.852849,0.347641,0.764513,0.801194,0.345775,0.944685,0.329004,0.607357,0.131802,0.175963,0.594627,0.441448,0.001371,0.890624],
[0.636021,0.148088,0.887926,0.109207,0.463885,0.524551,0.508837,0.873260,0.251078,0.157509,0.411297,0.587353,0.752081,0.213701,0.193544,0.822881,0.391941,0.046393,0.170521,0.156455,0.847588,0.516296,0.101140,0.176591,0.123653,0.232942,0.352554,0.718280,0.674390,0.353925]],
[[0.608904,0.310411,0.502013,0.496830,0.419619,0.965898,0.021381,0.928455,0.839158,0.272459,0.085964,0.250455,0.859811,0.838045,0.464156,0.053356,0.660926,0.856098,0.099749,0.831447,0.012552,0.947336,0.347744,0.113692,0.123928,0.471397,0.346634,0.476482,0.189677,0.021025],
[0.830408,0.798581,0.331436,0.332421,0.295411,0.751055,0.298319,0.316792,0.679510,0.137477,0.589250,0.765474,0.387932,0.449061,0.603519,0.852089,0.502417,0.264445,0.708186,0.602166,0.095892,0.720739,0.549502,0.443635,0.834431,0.673430,0.915032,0.181065,0.149912,0.104709],
[0.202090,0.980320,0.903290,0.533526,0.312741,0.198701,0.284581,0.611060,0.515492,0.964091,0.748537,0.104743,0.729565,0.136470,0.553804,0.333084,0.988558,0.056221,0.597529,0.696745,0.658386,0.693421,0.417483,0.207888,0.137056,0.251914,0.881318,0.052088,0.432979,0.031230],
[0.156798,0.635069,0.011550,0.060087,0.168595,0.324291,0.258788,0.453175,0.935351,0.774281,0.417266,0.683888,0.879023,0.146831,0.820358,0.432827,0.479915,0.808916,0.489048,0.077444,0.505660,0.147434,0.770864,0.923143,0.355323,0.907920,0.175057,0.236641,0.960009,0.608036],
[0.267872,0.116806,0.243105,0.279422,0.176894,0.411699,0.603713,0.435682,0.864875,0.539063,0.209963,0.282141,0.222951,0.088986,0.428972,0.043309,0.521814,0.908887,0.852225,0.010861,0.986331,0.357885,0.158296,0.757196,0.281028,0.513619,0.665116,0.456086,0.750260,0.625125],
[0.064122,0.018131,0.741931,0.307226,0.297553,0.918825,0.718925,0.901266,0.354507,0.583800,0.440329,0.564470,0.865941,0.663280,0.653457,0.294913,0.706589,0.175270,0.203801,0.558814,0.186132,0.190132,0.916699,0.344427,0.947327,0.197727,0.858046,0.612444,0.653813,0.608306],
[0.237569,0.717934,0.626437,0.979500,0.025161,0.923990,0.898325,0.744086,0.825256,0.252833,0.327886,0.265585,0.817303,0.193827,0.928865,0.470760,0.488740,0.635454,0.646030,0.692541,0.194267,0.832161,0.882673,0.110966,0.176589,0.830000,0.308693,0.034635,0.442443,0.962506],
[0.642940,0.680012,0.680441,0.269377,0.659512,0.705601,0.193367,0.557837,0.449687,0.018623,0.810670,0.777574,0.284207,0.627973,0.971401,0.213072,0.098732,0.460141,0.848526,0.744762,0.152682,0.042793,0.576924,0.035355,0.153759,0.753512,0.865355,0.462453,0.788147,0.307798],
[0.424959,0.431087,0.987810,0.105399,0.700464,0.647322,0.811001,0.893831,0.205159,0.260688,0.912454,0.015829,0.038262,0.196662,0.643802,0.009662,0.409734,0.742534,0.469804,0.258260,0.487296,0.622486,0.301053,0.064220,0.657840,0.454812,0.817732,0.523195,0.917265,0.605879],
[0.830993,0.342223,0.036966,0.818803,0.447622,0.737431,0.466125,0.258623,0.631262,0.671284,0.519311,0.543716,0.687113,0.557573,0.740378,0.330915,0.567235,0.150111,0.073449,0.037039,0.408371,0.560745,0.659524,0.709424,0.624965,0.317365,0.164236,0.442697,0.840559,0.081500],
[0.048576,0.671552,0.423724,0.085543,0.490355,0.871346,0.822973,0.956481,0.129969,0.454235,0.627765,0.649280,0.997951,0.314878,0.206852,0.738329,0.645793,0.774087,0.888440,0.719241,0.811126,0.296811,0.279987,0.470650,0.006235,0.904951,0.788015,0.170471,0.347649,0.628574],
[0.251971,0.396225,0.300127,0.675695,0.481767,0.790482,0.547041,0.304741,0.746963,0.677010,0.758976,0.374728,0.326289,0.756927,0.689605,0.533142,0.495256,0.335398,0.307229,0.383696,0.054640,0.118355,0.680507,0.334626,0.589005,0.686741,0.239578,0.377020,0.857212,0.587226],
[0.005595,0.109183,0.983451,0.305722,0.784878,0.465218,0.096204,0.331918,0.769959,0.843167,0.008928,0.528935,0.217894,0.335217,0.285862,0.907500,0.868359,0.781117,0.242898,0.175588,0.164813,0.297537,0.293943,0.845319,0.632163,0.882948,0.532061,0.871741,0.259969,0.389273],
[0.458967,0.265563,0.498456,0.442418,0.571285,0.283334,0.907637,0.667489,0.615252,0.677596,0.510655,0.624180,0.206531,0.728550,0.959398,0.492392,0.636050,0.827757,0.273509,0.878948,0.003345,0.438322,0.176485,0.297288,0.283641,0.808649,0.180236,0.815702,0.680390,0.440204],
[0.204975,0.139357,0.705768,0.703431,0.581775,0.277052,0.986765,0.489412,0.944541,0.602018,0.167007,0.455197,0.226198,0.373538,0.183747,0.185596,0.865930,0.819796,0.013352,0.139439,0.698744,0.016697,0.577761,0.875229,0.313985,0.861403,0.683878,0.494220,0.677105,0.364268],
[0.934425,0.882081,0.503625,0.640192,0.585512,0.085400,0.917245,0.572277,0.574811,0.861786,0.174295,0.741819,0.316983,0.400493,0.115357,0.500729,0.586089,0.981287,0.320525,0.599441,0.120726,0.019269,0.616138,0.698488,0.894499,0.930123,0.559891,0.578377,0.424343,0.236996],
[0.942645,0.358768,0.119076,0.446269,0.998960,0.704588,0.531669,0.916205,0.276866,0.106480,0.777991,0.451161,0.848299,0.094974,0.851653,0.963656,0.595703,0.437742,0.944942,0.916228,0.037183,0.065668,0.935497,0.653321,0.764156,0.829996,0.583444,0.324047,0.408373,0.007787],
[0.561043,0.351018,0.366555,0.680119,0.797287,0.365515,0.384707,0.328956,0.281720,0.661573,0.435436,0.059711,0.112734,0.283735,0.154685,0.964387,0.247390,0.750388,0.402129,0.192333,0.666616,0.439312,0.258001,0.602113,0.092633,0.022157,0.432109,0.676077,0.346204,0.840482],
[0.683864,0.907246,0.191500,0.050419,0.587365,0.988787,0.415934,0.972073,0.317742,0.697654,0.633646,0.753178,0.757365,0.746380,0.036913,0.912050,0.710767,0.284304,0.662438,0.112896,0.476636,0.329054,0.552208,0.734637,0.931167,0.644841,0.756794,0.363276,0.320918,0.102998],
[0.203758,0.004782,0.010244,0.395258,0.055201,0.597610,0.384045,0.471135,0.569683,0.701787,0.168789,0.203329,0.454966,0.926154,0.949708,0.491879,0.838205,0.660475,0.776182,0.500643,0.773371,0.252819,0.829696,0.325579,0.987456,0.760863,0.970420,0.744250,0.124139,0.291338],
[0.847248,0.327897,0.296120,0.857492,0.723155,0.351321,0.455102,0.107200,0.822456,0.024785,0.808987,0.991245,0.228114,0.263953,0.917399,0.177822,0.755832,0.755604,0.838297,0.532015,0.256247,0.611668,0.784833,0.085943,0.937247,0.772289,0.846806,0.907667,0.516539,0.970945],
[0.199005,0.363786,0.298843,0.495125,0.221279,0.021998,0.846446,0.676381,0.129198,0.668902,0.701166,0.938185,0.660147,0.929280,0.202138,0.577547,0.107103,0.957970,0.333151,0.945400,0.489985,0.589398,0.557068,0.274818,0.675341,0.494315,0.047107,0.522148,0.401982,0.563645],
[0.493093,0.600987,0.927432,0.791936,0.096112,0.148711,0.813933,0.942558,0.825092,0.943131,0.611460,0.526258,0.881316,0.271607,0.455539,0.083455,0.849154,0.562642,0.041425,0.182305,0.508042,0.531410,0.771703,0.065110,0.806228,0.447044,0.559425,0.853335,0.969192,0.961407],
[0.416980,0.462285,0.562394,0.344412,0.254221,0.658506,0.493122,0.068154,0.601064,0.318214,0.011285,0.212524,0.844472,0.892602,0.484131,0.300011,0.976056,0.333285,0.862653,0.017481,0.515590,0.370695,0.548891,0.287293,0.435805,0.355119,0.734337,0.995230,0.208454,0.703528],
[0.956638,0.625434,0.165813,0.519032,0.969845,0.420034,0.177537,0.462967,0.488188,0.778601,0.781181,0.499473,0.991125,0.625654,0.392074,0.475256,0.925665,0.368131,0.808541,0.788318,0.385612,0.324131,0.159013,0.934503,0.611424,0.594818,0.289622,0.345760,0.590048,0.498076],
[0.049289,0.546686,0.123509,0.215102,0.065717,0.093354,0.635136,0.243255,0.556322,0.123324,0.021856,0.337503,0.622797,0.012980,0.963156,0.014871,0.488236,0.888821,0.383001,0.296777,0.677139,0.768613,0.620909,0.836151,0.703116,0.232332,0.430969,0.992738,0.578093,0.021017],
[0.490814,0.627382,0.567703,0.614323,0.842484,0.633420,0.707678,0.477620,0.876675,0.263999,0.600943,0.898530,0.601502,0.223740,0.911511,0.564658,0.238611,0.399747,0.453480,0.621612,0.696525,0.130619,0.390226,0.317433,0.966770,0.093342,0.549766,0.397739,0.086080,0.127859],
[0.418756,0.576894,0.755240,0.986459,0.191218,0.597724,0.619879,0.898895,0.075344,0.496553,0.162895,0.676287,0.395084,0.764397,0.900027,0.306594,0.329056,0.138638,0.706341,0.782535,0.760251,0.402866,0.913154,0.150476,0.720299,0.879924,0.243818,0.270065,0.277663,0.329898],
[0.397923,0.696419,0.906792,0.153163,0.682878,0.098010,0.750888,0.302756,0.996905,0.826232,0.799309,0.159800,0.502519,0.194393,0.924197,0.402546,0.500987,0.253253,0.541184,0.207329,0.035788,0.301435,0.610195,0.948942,0.451911,0.330494,0.828866,0.695729,0.600558,0.106529],
[0.025627,0.998481,0.802948,0.932419,0.151645,0.485825,0.030429,0.902533,0.788581,0.027335,0.728764,0.587891,0.187135,0.231283,0.782284,0.111332,0.633829,0.283271,0.364585,0.175014,0.490600,0.400373,0.476449,0.100794,0.349315,0.928360,0.431288,0.178181,0.624089,0.031846]],
[[0.284710,0.649716,0.030327,0.087657,0.582135,0.181972,0.573482,0.612564,0.084505,0.362064,0.639899,0.813269,0.949954,0.827034,0.044552,0.732238,0.938366,0.678381,0.015509,0.302952,0.853395,0.506108,0.703325,0.329843,0.606903,0.052640,0.258203,0.038190,0.230821,0.882291],
[0.070036,0.515531,0.532007,0.100363,0.603188,0.114142,0.282335,0.176670,0.726706,0.366840,0.538734,0.366605,0.180109,0.488688,0.193639,0.224661,0.220926,0.132005,0.903042,0.236435,0.434957,0.756437,0.742544,0.138282,0.086280,0.349446,0.190922,0.344483,0.387636,0.421744],
[0.226774,0.457673,0.937275,0.758781,0.558036,0.540463,0.872923,0.840371,0.717133,0.599630,0.207212,0.255867,0.966235,0.387320,0.744556,0.159874,0.611981,0.965482,0.291879,0.515023,0.201917,0.726836,0.271460,0.944461,0.865118,0.357740,0.293907,0.056041,0.702223,0.681544],
[0.477784,0.928997,0.139216,0.415059,0.687778,0.697252,0.955521,0.560702,0.537624,0.672654,0.160331,0.744835,0.928522,0.126566,0.132155,0.673077,0.286439,0.744137,0.638559,0.578318,0.259159,0.840476,0.305154,0.530619,0.784937,0.170272,0.888359,0.078844,0.226313,0.590581],
[0.760388,0.704097,0.519578,0.899604,0.119156,0.207357,0.596856,0.074677,0.768058,0.134480,0.747332,0.928390,0.879315,0.675853,0.054956,0.011470,0.348930,0.341395,0.755607,0.987489,0.919713,0.014766,0.827966,0.224868,0.545385,0.612903,0.395140,0.433744,0.691747,0.621453],
[0.024325,0.452135,0.325550,0.543903,0.351739,0.444706,0.751259,0.948595,0.519384,0.519318,0.083075,0.266715,0.447708,0.962389,0.942568,0.502663,0.973860,0.291499,0.844059,0.729467,0.278988,0.763772,0.744233,0.106954,0.988640,0.289618,0.719856,0.383780,0.723362,0.411603],
[0.005233,0.747687,0.863738,0.330784,0.291590,0.215476,0.775490,0.042849,0.164071,0.294874,0.562167,0.247146,0.561589,0.009875,0.209535,0.504157,0.512538,0.183395,0.795656,0.356597,0.912862,0.074644,0.120369,0.657095,0.181598,0.109008,0.946713,0.901454,0.492788,0.670075],
[0.313057,0.498021,0.417762,0.176795,0.828805,0.709352,0.392271,0.604295,0.752201,0.556343,0.899169,0.314368,0.803489,0.460757,0.324242,0.013024,0.964915,0.836780,0.196419,0.760570,0.193377,0.109280,0.835214,0.313746,0.766375,0.016812,0.422754,0.713088,0.918266,0.915542],
[0.383163,0.231323,0.413564,0.800924,0.408118,0.242369,0.510276,0.800390,0.846664,0.262477,0.356732,0.745832,0.576844,0.160221,0.206590,0.901087,0.173245,0.171504,0.737867,0.369664,0.932075,0.931244,0.478944,0.767289,0.244990,0.245319,0.784101,0.667743,0.958407,0.702367],
[0.583285,0.341569,0.933691,0.996849,0.142493,0.341809,0.239218,0.652769,0.142198,0.085881,0.915246,0.498931,0.831714,0.492090,0.659152,0.038303,0.393177,0.832396,0.209807,0.131044,0.202060,0.141882,0.062288,0.681004,0.909171,0.307277,0.926323,0.693272,0.975021,0.884729],
[0.395640,0.558306,0.226298,0.329330,0.555155,0.368792,0.671139,0.794373,0.021561,0.813337,0.880255,0.936807,0.312268,0.711968,0.428896,0.971419,0.750272,0.822073,0.803816,0.960079,0.953117,0.005876,0.101961,0.015404,0.686879,0.011132,0.322682,0.613202,0.704405,0.297702],
[0.497931,0.100044,0.856009,0.724230,0.429374,0.411164,0.093022,0.100513,0.205537,0.114582,0.913850,0.085791,0.051389,0.226118,0.797760,0.480285,0.197537,0.548031,0.302358,0.001353,0.508110,0.255475,0.007229,0.610071,0.270880,0.694108,0.621204,0.593561,0.307310,0.325608],
[0.891264,0.805242,0.425652,0.747272,0.529471,0.855027,0.158436,0.622493,0.955540,0.363973,0.737076,0.869390,0.449765,0.788464,0.095508,0.247524,0.268750,0.293045,0.795556,0.571108,0.294398,0.303666,0.826584,0.301627,0.913737,0.097463,0.995735,0.534941,0.691025,0.303045],
[0.860549,0.582288,0.108287,0.286202,0.329561,0.637758,0.141228,0.487997,0.260251,0.096768,0.851970,0.997327,0.966158,0.301735,0.785791,0.061666,0.549259,0.054541,0.354711,0.344815,0.625649,0.649110,0.648481,0.452233,0.950737,0.562218,0.549696,0.946472,0.097159,0.240721],
[0.249517,0.957708,0.823009,0.357803,0.243910,0.152570,0.995561,0.385138,0.640567,0.255812,0.481906,0.492538,0.253139,0.448064,0.794273,0.038930,0.509730,0.343532,0.093471,0.864441,0.688347,0.719121,0.513551,0.336828,0.171354,0.464288,0.899047,0.721050,0.410759,0.996206],
[0.961771,0.660276,0.953915,0.784780,0.018079,0.197825,0.937350,0.013640,0.582963,0.577917,0.269452,0.064869,0.070455,0.522591,0.512933,0.864728,0.561521,0.022662,0.208260,0.654993,0.887103,0.896608,0.374113,0.400654,0.233436,0.545467,0.864942,0.132483,0.266517,0.275701],
[0.128689,0.228287,0.935977,0.082604,0.013067,0.954056,0.280428,0.950417,0.967696,0.863391,0.528334,0.237148,0.928259,0.598789,0.759739,0.441192,0.463517,0.321261,0.463854,0.671777,0.976254,0.350958,0.568385,0.350367,0.751612,0.801821,0.895834,0.616554,0.934304,0.162350],
[0.892255,0.062993,0.390637,0.828232,0.145597,0.403704,0.782288,0.426025,0.354121,0.749983,0.289415,0.882454,0.987131,0.217675,0.481243,0.746871,0.658867,0.944760,0.068132,0.122721,0.616537,0.044385,0.473679,0.184921,0.394752,0.225291,0.986742,0.290586,0.841845,0.921046],
[0.452936,0.734100,0.984039,0.843573,0.562332,0.129636,0.247277,0.344619,0.555660,0.601398,0.094602,0.845076,0.483852,0.081734,0.062751,0.965096,0.828605,0.721617,0.909855,0.896737,0.844338,0.526392,0.941122,0.318017,0.711314,0.335874,0.543308,0.698056,0.626460,0.385153],
[0.619102,0.079396,0.119253,0.603141,0.922970,0.681584,0.732777,0.170247,0.026203,0.288437,0.771645,0.120806,0.133513,0.255497,0.202540,0.196264,0.220593,0.031144,0.917881,0.130448,0.927881,0.762220,0.656840,0.869003,0.080237,0.368154,0.204877,0.623545,0.066210,0.831337],
[0.008698,0.685312,0.910734,0.127950,0.288454,0.833703,0.809534,0.021231,0.003950,0.835738,0.309668,0.775595,0.956543,0.443181,0.031092,0.159083,0.639445,0.251685,0.190227,0.557326,0.382133,0.118108,0.319546,0.038974,0.987111,0.399783,0.407128,0.191988,0.023328,0.473338],
[0.023326,0.032026,0.158650,0.934059,0.159976,0.447103,0.767763,0.969510,0.468334,0.771713,0.805248,0.778002,0.547308,0.761791,0.221183,0.578400,0.920874,0.860628,0.830085,0.111102,0.417955,0.212218,0.229210,0.737501,0.251192,0.216321,0.137284,0.658319,0.408309,0.160612],
[0.131657,0.431635,0.192638,0.290306,0.365694,0.352614,0.737410,0.133457,0.322124,0.205743,0.905170,0.127372,0.983745,0.452478,0.889164,0.204928,0.030878,0.810038,0.065557,0.860962,0.921140,0.483511,0.073181,0.150349,0.221012,0.324372,0.366670,0.358296,0.982691,0.774979],
[0.518908,0.114348,0.206613,0.711546,0.404655,0.572307,0.064160,0.142064,0.705764,0.386284,0.347808,0.610934,0.513657,0.331553,0.063411,0.402821,0.536481,0.094289,0.212859,0.602038,0.955251,0.133999,0.085549,0.028432,0.284348,0.306561,0.352804,0.651018,0.664857,0.335496],
[0.425997,0.183765,0.449844,0.632610,0.895311,0.854498,0.204918,0.959471,0.996563,0.910682,0.345755,0.344370,0.521616,0.859412,0.675924,0.585027,0.262233,0.212405,0.679316,0.475092,0.814443,0.634567,0.609090,0.899992,0.662999,0.893438,0.206553,0.015804,0.544457,0.871410],
[0.351299,0.970454,0.055174,0.801143,0.603064,0.950485,0.655641,0.807981,0.909956,0.652204,0.718663,0.255711,0.996574,0.240278,0.115123,0.672498,0.825305,0.377355,0.884903,0.504621,0.852447,0.699346,0.139189,0.461537,0.599338,0.802188,0.354975,0.805890,0.817992,0.899432],
[0.677300,0.169291,0.869886,0.732474,0.970434,0.472949,0.682959,0.626075,0.280931,0.592915,0.278279,0.999594,0.848626,0.274853,0.239872,0.963748,0.947351,0.065177,0.341104,0.832253,0.569799,0.193550,0.531599,0.708988,0.655087,0.130937,0.511176,0.010063,0.936827,0.329168],
[0.909495,0.614127,0.498459,0.779380,0.346601,0.468893,0.252329,0.029561,0.094968,0.533260,0.622476,0.373246,0.532854,0.471102,0.648099,0.772726,0.434850,0.595450,0.837903,0.775954,0.427704,0.407702,0.969504,0.959303,0.116690,0.624591,0.090239,0.627866,0.634654,0.027066],
[0.957033,0.544148,0.641193,0.455492,0.323528,0.987795,0.924384,0.575858,0.017355,0.019352,0.109118,0.639831,0.392598,0.641971,0.110933,0.040698,0.414697,0.545784,0.636148,0.252600,0.321738,0.063852,0.660302,0.291242,0.023155,0.776992,0.915833,0.113394,0.404858,0.550486],
[0.140460,0.361891,0.094635,0.781653,0.817383,0.418163,0.769448,0.741767,0.994021,0.786803,0.761119,0.103139,0.426635,0.153718,0.745110,0.537568,0.194416,0.159807,0.083352,0.830564,0.412408,0.405089,0.894416,0.072710,0.696331,0.917570,0.849702,0.612163,0.030964,0.254560]],
[[0.162650,0.171424,0.616451,0.257284,0.953077,0.433834,0.675447,0.722525,0.175601,0.669468,0.509328,0.936720,0.772607,0.935963,0.090438,0.517717,0.473531,0.284854,0.677524,0.556883,0.115418,0.089931,0.961972,0.009834,0.162641,0.658303,0.927404,0.012343,0.270467,0.958368],
[0.266903,0.433116,0.129792,0.883354,0.690401,0.082869,0.317187,0.365848,0.805394,0.492788,0.035316,0.314723,0.429509,0.807922,0.250686,0.519947,0.325639,0.724217,0.804801,0.003163,0.281100,0.920219,0.093094,0.243073,0.930053,0.255736,0.901376,0.857457,0.268079,0.171843],
[0.815825,0.534982,0.604959,0.945617,0.418336,0.295359,0.028486,0.735524,0.661207,0.833880,0.228312,0.696523,0.148603,0.657821,0.504445,0.399289,0.177768,0.830084,0.123506,0.982570,0.833247,0.404607,0.902789,0.926342,0.647680,0.832842,0.182077,0.549056,0.690299,0.450157],
[0.720898,0.506124,0.985139,0.325857,0.451741,0.403475,0.621217,0.480227,0.138999,0.282424,0.314107,0.367311,0.978947,0.462710,0.025132,0.483392,0.861999,0.202901,0.313477,0.985505,0.185470,0.146724,0.390112,0.088260,0.073065,0.037792,0.921102,0.255143,0.586848,0.611401],
[0.705299,0.307746,0.117525,0.690439,0.633603,0.569266,0.093914,0.254820,0.049493,0.232913,0.537244,0.363600,0.600224,0.516190,0.826310,0.625357,0.999583,0.688309,0.828257,0.313059,0.673814,0.013728,0.459783,0.063927,0.101987,0.532848,0.101719,0.023089,0.787991,0.688566],
[0.634490,0.493290,0.996312,0.752016,0.183729,0.629916,0.321282,0.277643,0.884735,0.370775,0.510556,0.421979,0.734375,0.110780,0.938169,0.560685,0.736137,0.937752,0.248994,0.564395,0.250811,0.922809,0.578122,0.710594,0.986735,0.680110,0.243442,0.088454,0.703199,0.031433],
[0.777021,0.337690,0.524723,0.773333,0.089706,0.708452,0.403248,0.410988,0.986094,0.287984,0.781763,0.496650,0.709963,0.516139,0.607430,0.648132,0.076824,0.343568,0.585884,0.325818,0.907962,0.836694,0.248627,0.486085,0.547288,0.235363,0.166194,0.790730,0.323817,0.869394],
[0.822163,0.100838,0.207083,0.346886,0.874170,0.296789,0.055337,0.277419,0.707776,0.041431,0.565403,0.489540,0.538082,0.275365,0.005678,0.145512,0.923497,0.082502,0.489080,0.509380,0.408321,0.397042,0.346075,0.656948,0.883126,0.893363,0.892311,0.049321,0.684093,0.216128],
[0.918714,0.506256,0.316965,0.125797,0.853141,0.191136,0.422586,0.908479,0.468554,0.130362,0.949910,0.033957,0.619902,0.487992,0.309322,0.625580,0.633504,0.232819,0.708082,0.122583,0.742199,0.116403,0.519625,0.088274,0.773350,0.402751,0.981637,0.665661,0.452072,0.665730],
[0.881789,0.370786,0.171986,0.198754,0.496583,0.025127,0.389890,0.919169,0.933605,0.858444,0.049531,0.883515,0.892401,0.669433,0.371507,0.201723,0.295013,0.005011,0.434542,0.003095,0.127594,0.176742,0.119497,0.647218,0.265016,0.892848,0.049969,0.246653,0.558509,0.502041],
[0.912383,0.440298,0.872826,0.084368,0.639052,0.369409,0.109495,0.028942,0.288578,0.043101,0.887386,0.338109,0.926616,0.779787,0.007542,0.298123,0.981510,0.302555,0.303133,0.416053,0.305650,0.430727,0.592795,0.425147,0.077945,0.857810,0.317995,0.127914,0.104463,0.876504],
[0.629955,0.016845,0.316802,0.502781,0.101214,0.955854,0.872190,0.210709,0.984795,0.160769,0.253809,0.872181,0.498878,0.180425,0.651968,0.506420,0.478548,0.633479,0.808975,0.781682,0.049531,0.114625,0.212409,0.642326,0.539772,0.290354,0.500136,0.857767,0.418268,0.604599],
[0.734271,0.048223,0.621444,0.051072,0.551004,0.722658,0.006926,0.423195,0.933367,0.991721,0.583963,0.187176,0.863902,0.082841,0.367601,0.515870,0.589261,0.846149,0.149349,0.398237,0.627831,0.198880,0.512861,0.840239,0.841206,0.052633,0.130593,0.341342,0.910400,0.548861],
[0.945941,0.644671,0.597085,0.567385,0.695744,0.148089,0.290043,0.702670,0.571284,0.223410,0.694391,0.155247,0.410586,0.558293,0.238089,0.778187,0.074163,0.827350,0.624336,0.223512,0.225587,0.252167,0.422392,0.738448,0.092406,0.263599,0.791081,0.222999,0.604941,0.701482],
[0.771861,0.550882,0.346153,0.368945,0.118267,0.041896,0.517034,0.408311,0.744566,0.088318,0.631721,0.438957,0.243565,0.042306,0.997250,0.481654,0.820493,0.071413,0.309004,0.444829,0.294926,0.534591,0.696996,0.717318,0.273039,0.789402,0.980917,0.064120,0.012402,0.585857],
[0.765602,0.784262,0.136739,0.111755,0.153208,0.255006,0.153651,0.670242,0.663317,0.898217,0.758560,0.295037,0.337174,0.002125,0.337344,0.334424,0.483779,0.157837,0.405838,0.792783,0.602666,0.700763,0.327374,0.299663,0.418081,0.600412,0.089065,0.398998,0.664532,0.101467],
[0.984855,0.430134,0.885729,0.121594,0.541889,0.038937,0.376600,0.695540,0.709179,0.039917,0.593758,0.467739,0.334954,0.930932,0.469864,0.672298,0.265356,0.953644,0.830135,0.671193,0.746427,0.432802,0.371957,0.073801,0.732464,0.790038,0.674213,0.821529,0.189035,0.338746],
[0.922996,0.173890,0.768880,0.808725,0.295484,0.310769,0.847662,0.672084,0.006310,0.556841,0.712001,0.600067,0.024580,0.046956,0.530999,0.494444,0.719254,0.796355,0.448088,0.549389,0.467549,0.194515,0.982191,0.839505,0.268316,0.714656,0.629543,0.942530,0.536185,0.818578],
[0.281276,0.459181,0.992468,0.050156,0.267906,0.287952,0.360925,0.115568,0.960036,0.367235,0.672409,0.672037,0.967302,0.696988,0.718993,0.498301,0.191433,0.438247,0.294656,0.639521,0.987637,0.762205,0.834036,0.969828,0.601710,0.102352,0.684484,0.231253,0.044882,0.220669],
[0.049831,0.326157,0.679849,0.042299,0.376313,0.947755,0.330251,0.737238,0.063323,0.290288,0.104473,0.735732,0.962325,0.071775,0.432720,0.681318,0.570076,0.624153,0.119565,0.864733,0.263673,0.107202,0.626937,0.097709,0.077030,0.228647,0.200061,0.761513,0.459900,0.244943],
[0.982182,0.509731,0.571100,0.662031,0.552030,0.947413,0.609787,0.882281,0.684651,0.673110,0.172569,0.789124,0.408841,0.134894,0.860899,0.841561,0.816212,0.430976,0.465714,0.935777,0.295708,0.729387,0.042979,0.922646,0.827096,0.120008,0.151293,0.027157,0.881521,0.611193],
[0.272099,0.863703,0.120924,0.843199,0.525734,0.672955,0.790612,0.135521,0.555236,0.475264,0.808630,0.727805,0.264388,0.217471,0.862699,0.125287,0.059033,0.678911,0.556263,0.524746,0.614688,0.851971,0.254133,0.657667,0.774617,0.081229,0.777675,0.925910,0.108386,0.659197],
[0.537103,0.380485,0.522900,0.658028,0.223684,0.048634,0.330982,0.014297,0.184155,0.886218,0.489560,0.992785,0.614023,0.753948,0.210256,0.476722,0.879235,0.269289,0.155633,0.435498,0.794035,0.770321,0.287469,0.048168,0.427988,0.062085,0.129397,0.205663,0.987995,0.237782],
[0.864859,0.525098,0.618267,0.387759,0.183126,0.841952,0.436393,0.514108,0.856248,0.620547,0.400327,0.345809,0.613332,0.014350,0.099757,0.823588,0.491072,0.978992,0.092877,0.646705,0.414490,0.886912,0.417025,0.701958,0.935080,0.845013,0.764044,0.064477,0.050676,0.752039],
[0.302259,0.915535,0.277138,0.920527,0.303293,0.460264,0.762478,0.739686,0.974372,0.618727,0.360233,0.374698,0.964535,0.973565,0.389048,0.064292,0.797153,0.880120,0.043284,0.890031,0.526825,0.457774,0.776943,0.943850,0.159732,0.712023,0.788863,0.923776,0.776501,0.839538],
[0.675816,0.078760,0.755073,0.952953,0.999287,0.058367,0.413217,0.761765,0.798052,0.387589,0.380491,0.158286,0.762287,0.345027,0.131851,0.151335,0.409319,0.929004,0.031455,0.452603,0.819035,0.558280,0.910377,0.595978,0.502130,0.070110,0.308001,0.290993,0.993886,0.084502],
[0.130531,0.669702,0.163262,0.885604,0.622655,0.162548,0.943971,0.035872,0.924313,0.742023,0.423460,0.304804,0.900309,0.185748,0.649831,0.032160,0.337083,0.059150,0.961164,0.368538,0.511754,0.780198,0.926818,0.422131,0.376176,0.428948,0.492241,0.684177,0.719941,0.486127],
[0.768679,0.850472,0.155829,0.931941,0.736077,0.778483,0.094489,0.680048,0.814355,0.018802,0.422071,0.237815,0.323606,0.322380,0.423563,0.973437,0.354540,0.760646,0.032587,0.315703,0.129185,0.544341,0.095901,0.056003,0.966472,0.472077,0.484951,0.458713,0.156255,0.204892],
[0.944840,0.924933,0.055365,0.100669,0.856874,0.791442,0.879152,0.951363,0.471489,0.693507,0.970164,0.893561,0.931323,0.293770,0.215941,0.354886,0.267208,0.570480,0.115532,0.299795,0.886184,0.244716,0.844136,0.982085,0.300719,0.810608,0.454162,0.785671,0.269321,0.610417],
[0.990563,0.214161,0.535350,0.045928,0.314829,0.392224,0.837370,0.193981,0.343587,0.308859,0.887489,0.313752,0.202419,0.818811,0.607522,0.418360,0.173697,0.874730,0.988840,0.289228,0.174525,0.875024,0.533945,0.018661,0.857109,0.834664,0.829269,0.311271,0.620334,0.098590]],
[[0.921688,0.610897,0.312751,0.457038,0.656825,0.627580,0.849263,0.494195,0.821561,0.192850,0.803054,0.709050,0.506602,0.005473,0.527861,0.114124,0.423833,0.701558,0.988853,0.412673,0.990786,0.163378,0.287697,0.524731,0.182039,0.144806,0.359394,0.011308,0.456078,0.979729],
[0.109897,0.377766,0.590626,0.422648,0.834804,0.247451,0.050228,0.684067,0.741646,0.871789,0.876917,0.544699,0.580839,0.383519,0.550172,0.108700,0.497642,0.974005,0.810258,0.486496,0.386679,0.801044,0.649874,0.674376,0.325775,0.831912,0.819183,0.685169,0.843220,0.275260],
[0.664898,0.953117,0.653026,0.255524,0.375765,0.487830,0.502975,0.425993,0.171897,0.244621,0.297782,0.048814,0.789320,0.878622,0.432333,0.339493,0.987322,0.929975,0.313498,0.797580,0.416471,0.700177,0.598624,0.066345,0.374553,0.924399,0.898257,0.193736,0.609568,0.741477],
[0.468996,0.274466,0.694594,0.122022,0.529990,0.070360,0.609852,0.032965,0.496353,0.781749,0.277586,0.794135,0.830563,0.066906,0.672757,0.262896,0.406399,0.660079,0.192871,0.719897,0.457659,0.609342,0.420073,0.056283,0.675687,0.794627,0.980682,0.573944,0.988362,0.590251],
[0.315421,0.457358,0.864717,0.010016,0.579380,0.394706,0.080375,0.189232,0.427671,0.576728,0.970980,0.705257,0.370863,0.801544,0.772163,0.043620,0.064440,0.178561,0.703699,0.257311,0.898458,0.161358,0.866653,0.318531,0.217641,0.542340,0.113158,0.198324,0.116284,0.101520],
[0.788574,0.431705,0.558878,0.653291,0.441721,0.138258,0.047997,0.522096,0.327490,0.475668,0.098824,0.298470,0.180925,0.469687,0.100014,0.953088,0.513307,0.164453,0.131650,0.217006,0.421764,0.030108,0.378364,0.288418,0.348639,0.596006,0.830758,0.461797,0.794329,0.947042],
[0.563317,0.582904,0.378747,0.122195,0.236195,0.820468,0.260453,0.284192,0.342564,0.587943,0.759860,0.441388,0.886413,0.940786,0.911075,0.986426,0.893874,0.424382,0.150880,0.025524,0.641388,0.572644,0.055631,0.019752,0.861062,0.404270,0.615758,0.691819,0.866067,0.410087],
[0.638861,0.429384,0.992991,0.017608,0.551579,0.229186,0.838075,0.812032,0.513378,0.180639,0.399975,0.273239,0.622027,0.286388,0.214024,0.533102,0.272814,0.107899,0.957484,0.423694,0.133422,0.598872,0.996338,0.189053,0.618625,0.857400,0.593323,0.234383,0.549219,0.459390],
[0.644470,0.188080,0.888774,0.637462,0.205687,0.440353,0.866648,0.043763,0.252385,0.380026,0.224402,0.652360,0.653265,0.846429,0.938748,0.867289,0.379531,0.211562,0.975188,0.337015,0.635256,0.108610,0.935887,0.631594,0.297663,0.554512,0.488994,0.890987,0.788895,0.038212],
[0.350377,0.433365,0.226292,0.239151,0.070827,0.431979,0.679504,0.937475,0.475742,0.931890,0.317501,0.700144,0.584250,0.970765,0.546573,0.522998,0.838055,0.926104,0.734560,0.813242,0.263119,0.369816,0.921852,0.199006,0.001410,0.219515,0.753519,0.490404,0.110502,0.542414],
[0.528616,0.460879,0.975779,0.754908,0.700031,0.046606,0.186887,0.379535,0.984081,0.662629,0.311425,0.301582,0.362773,0.895675,0.272348,0.909346,0.418673,0.110402,0.835450,0.153234,0.923645,0.098569,0.523050,0.845497,0.297575,0.524460,0.065012,0.051094,0.014864,0.175514],
[0.593508,0.543480,0.636394,0.569287,0.298389,0.336424,0.615894,0.485276,0.715960,0.599975,0.147905,0.027384,0.901557,0.510678,0.923059,0.173905,0.420024,0.341732,0.284308,0.255474,0.494966,0.207952,0.354043,0.018016,0.053449,0.651619,0.542476,0.118461,0.702713,0.557341],
[0.293976,0.296220,0.100821,0.930369,0.865508,0.399210,0.266794,0.481401,0.884485,0.982753,0.081376,0.032391,0.010138,0.982934,0.543069,0.933197,0.156839,0.963093,0.274930,0.441146,0.218568,0.769895,0.649099,0.572611,0.787911,0.702548,0.224229,0.330388,0.821009,0.926942],
[0.887728,0.114984,0.223163,0.988549,0.045354,0.088670,0.387759,0.312148,0.570071,0.272244,0.294901,0.651448,0.304635,0.305039,0.634381,0.847703,0.238236,0.791220,0.810797,0.513166,0.232366,0.029364,0.283061,0.881465,0.601975,0.070973,0.584012,0.826205,0.401360,0.405021],
[0.753147,0.289088,0.520006,0.976309,0.277637,0.565360,0.064979,0.665396,0.877508,0.635051,0.937640,0.172409,0.286498,0.242275,0.477448,0.920879,0.089978,0.715684,0.712099,0.900775,0.228850,0.944466,0.930139,0.511911,0.825930,0.532114,0.582884,0.409943,0.358319,0.984244],
[0.814964,0.111466,0.273333,0.334970,0.087775,0.550970,0.900329,0.152755,0.216366,0.777837,0.787806,0.154006,0.950246,0.074304,0.396281,0.427694,0.995183,0.486259,0.143379,0.707282,0.387034,0.372229,0.651748,0.317173,0.884140,0.477678,0.849287,0.467024,0.887621,0.207606],
[0.451269,0.702585,0.319072,0.724601,0.037555,0.406848,0.275571,0.937884,0.559602,0.491938,0.715722,0.347408,0.645944,0.665968,0.421712,0.042225,0.093662,0.416895,0.528484,0.237040,0.124177,0.915518,0.609269,0.775925,0.232690,0.493409,0.253604,0.081977,0.960434,0.141225],
[0.289584,0.411702,0.843810,0.608656,0.136304,0.881365,0.015504,0.411875,0.819250,0.575106,0.903813,0.534971,0.922514,0.549757,0.200939,0.344226,0.591982,0.294601,0.761121,0.120466,0.531641,0.885298,0.035983,0.140910,0.661223,0.268673,0.634319,0.914827,0.350651,0.594753],
[0.056052,0.640235,0.006455,0.899863,0.248891,0.142759,0.781228,0.264394,0.554634,0.600478,0.839500,0.458447,0.135449,0.762014,0.008203,0.336388,0.106239,0.600185,0.630989,0.867360,0.720651,0.162629,0.752658,0.756634,0.303539,0.413881,0.025307,0.937858,0.328709,0.375958],
[0.532611,0.384761,0.016193,0.539066,0.284624,0.265083,0.681825,0.065852,0.529477,0.236458,0.666330,0.368977,0.694905,0.801779,0.130991,0.703109,0.138167,0.237231,0.303294,0.769156,0.104590,0.023944,0.931785,0.857248,0.780578,0.235324,0.271130,0.805885,0.173183,0.599838],
[0.181843,0.705794,0.984599,0.198036,0.244860,0.269223,0.463119,0.926685,0.335075,0.992597,0.163143,0.001405,0.361574,0.858048,0.803183,0.492565,0.561157,0.941350,0.729796,0.864450,0.710506,0.834386,0.888395,0.642291,0.691635,0.668973,0.877615,0.962764,0.474858,0.050798],
[0.562603,0.656701,0.756592,0.547202,0.854737,0.001451,0.816426,0.317857,0.928136,0.151501,0.310454,0.091279,0.152905,0.672028,0.949327,0.956089,0.164593,0.510484,0.897439,0.894389,0.374934,0.607945,0.728776,0.263329,0.250236,0.420411,0.932302,0.127851,0.383175,0.407160],
[0.178649,0.945778,0.063861,0.935240,0.492980,0.918599,0.936692,0.309406,0.236455,0.864828,0.460906,0.546909,0.956107,0.613811,0.218937,0.905434,0.569900,0.383530,0.415918,0.467339,0.277919,0.790852,0.075284,0.006695,0.054181,0.325519,0.427105,0.986483,0.453370,0.810280],
[0.393642,0.632019,0.756058,0.457504,0.567259,0.249038,0.376102,0.503951,0.558444,0.612558,0.368778,0.019350,0.159467,0.324885,0.633162,0.378404,0.230319,0.203062,0.761934,0.646236,0.670401,0.039853,0.437088,0.745684,0.046548,0.491269,0.071204,0.473653,0.477752,0.524574],
[0.283934,0.871394,0.156592,0.039992,0.328897,0.723851,0.289030,0.705000,0.227802,0.847475,0.317557,0.596580,0.866825,0.477024,0.921465,0.499986,0.855428,0.151784,0.703048,0.617361,0.798020,0.373449,0.657214,0.235108,0.119133,0.703762,0.726377,0.190337,0.177416,0.204129],
[0.714911,0.461349,0.075523,0.871503,0.501341,0.404420,0.595354,0.790372,0.109420,0.823156,0.637846,0.426977,0.419736,0.504671,0.904001,0.341201,0.004658,0.759429,0.492985,0.707706,0.376791,0.291005,0.081154,0.034005,0.526114,0.200287,0.737767,0.252491,0.390624,0.915183],
[0.456620,0.105534,0.376532,0.532143,0.977037,0.877873,0.936563,0.572392,0.668245,0.045983,0.395548,0.306092,0.472960,0.815284,0.810763,0.376962,0.156486,0.815421,0.136391,0.649471,0.523126,0.513181,0.940477,0.604280,0.547186,0.466590,0.804567,0.284954,0.719082,0.195191],
[0.200136,0.175702,0.300726,0.576668,0.707845,0.277763,0.454542,0.644408,0.850155,0.122787,0.690391,0.245703,0.428879,0.163351,0.060987,0.239642,0.540313,0.217473,0.055062,0.676704,0.866945,0.578189,0.189885,0.807421,0.182469,0.737072,0.274012,0.987036,0.022025,0.993093],
[0.182228,0.222162,0.168795,0.482953,0.798830,0.876639,0.760717,0.253372,0.521047,0.610872,0.376159,0.211438,0.856574,0.805038,0.374790,0.917562,0.044680,0.915103,0.135035,0.099742,0.591807,0.001980,0.677931,0.781692,0.809401,0.860400,0.518764,0.083413,0.847436,0.540790],
[0.076506,0.029664,0.762951,0.245300,0.512617,0.561781,0.121940,0.273334,0.815153,0.642987,0.884205,0.191312,0.854425,0.740780,0.996350,0.229215,0.658341,0.041030,0.144318,0.793377,0.140772,0.736125,0.795357,0.818703,0.517818,0.604758,0.679103,0.036582,0.688170,0.526539]],
[[0.577372,0.764676,0.556202,0.340323,0.009976,0.068819,0.902105,0.131916,0.342153,0.717258,0.774903,0.226358,0.908570,0.629329,0.967137,0.904921,0.858544,0.625479,0.945951,0.002862,0.418856,0.086723,0.738987,0.214212,0.905426,0.256805,0.818970,0.584529,0.293387,0.507140],
[0.111068,0.870759,0.271816,0.667270,0.211082,0.281793,0.736089,0.113187,0.413709,0.078242,0.830445,0.188612,0.304600,0.739016,0.817940,0.271738,0.643936,0.676484,0.897217,0.589887,0.679347,0.316072,0.676610,0.418334,0.530285,0.582036,0.675139,0.349255,0.166566,0.968526],
[0.856395,0.277633,0.839285,0.128212,0.944904,0.050367,0.410004,0.680993,0.163554,0.823713,0.759235,0.993999,0.012325,0.063836,0.733015,0.830265,0.335573,0.376951,0.506750,0.232790,0.966838,0.186096,0.548862,0.643448,0.604430,0.079147,0.225485,0.279569,0.428402,0.392050],
[0.248095,0.284797,0.669684,0.087380,0.413009,0.614587,0.137747,0.823013,0.295580,0.301302,0.646726,0.054816,0.295301,0.659051,0.118651,0.028316,0.489316,0.454225,0.405267,0.996066,0.687015,0.372106,0.182162,0.235877,0.015554,0.786593,0.315024,0.241039,0.066162,0.743426],
[0.633089,0.314257,0.028223,0.302772,0.401637,0.441233,0.917360,0.539385,0.264246,0.212940,0.840686,0.910972,0.267755,0.135987,0.570023,0.386407,0.164304,0.059340,0.840631,0.569571,0.055406,0.527646,0.941677,0.237569,0.763523,0.957230,0.024161,0.078547,0.198269,0.090323],
[0.821973,0.831358,0.404580,0.850197,0.134130,0.806217,0.291429,0.051490,0.345602,0.555675,0.264430,0.186288,0.466647,0.532185,0.322276,0.036671,0.918592,0.486579,0.096011,0.759223,0.056150,0.151417,0.286869,0.997827,0.388985,0.050392,0.955057,0.413147,0.128939,0.153326],
[0.503469,0.950912,0.984684,0.908049,0.801109,0.118815,0.714266,0.092538,0.170305,0.059868,0.648213,0.434735,0.246156,0.114861,0.966920,0.568432,0.151531,0.885512,0.055011,0.247542,0.644735,0.111161,0.398959,0.931604,0.108988,0.787945,0.981996,0.064045,0.201091,0.110935],
[0.217371,0.704561,0.061848,0.202056,0.612610,0.862956,0.320871,0.326876,0.955495,0.491175,0.386744,0.603708,0.925910,0.632900,0.718568,0.892830,0.201332,0.870100,0.778341,0.256343,0.117642,0.423076,0.367504,0.516601,0.354680,0.476491,0.304546,0.336676,0.540537,0.505637],
[0.447612,0.757908,0.210198,0.509459,0.959964,0.822808,0.372416,0.280834,0.149684,0.327910,0.772010,0.536428,0.931618,0.697919,0.169328,0.650186,0.590749,0.370660,0.520286,0.369091,0.627002,0.637928,0.792167,0.994506,0.154530,0.146847,0.470997,0.459076,0.483524,0.011534],
[0.964713,0.931135,0.769442,0.174911,0.440594,0.729405,0.997719,0.813010,0.010240,0.147403,0.140920,0.782249,0.683830,0.072538,0.480169,0.853158,0.722725,0.070918,0.223818,0.243011,0.440008,0.850820,0.880940,0.232175,0.845325,0.035470,0.379022,0.316323,0.494546,0.862546],
[0.327856,0.459259,0.793681,0.097298,0.634170,0.234276,0.826703,0.631889,0.047286,0.836943,0.779291,0.188206,0.619192,0.463122,0.260745,0.099360,0.316280,0.983470,0.170278,0.540098,0.226481,0.610286,0.390917,0.107421,0.842461,0.236243,0.142890,0.221484,0.552565,0.637436],
[0.084030,0.880422,0.096695,0.877711,0.977719,0.730865,0.111987,0.804422,0.362754,0.159273,0.641365,0.142045,0.347479,0.260557,0.605167,0.608224,0.359917,0.921447,0.591694,0.530195,0.461544,0.818175,0.140481,0.852462,0.925596,0.982943,0.088704,0.068486,0.204426,0.641270],
[0.705922,0.288456,0.521691,0.802617,0.166167,0.499411,0.533481,0.278154,0.303833,0.896235,0.437427,0.945198,0.038280,0.784907,0.205755,0.643446,0.393131,0.565672,0.564893,0.984825,0.095867,0.026437,0.803000,0.236348,0.878899,0.728596,0.219291,0.967603,0.797082,0.423717],
[0.608873,0.503004,0.712174,0.130564,0.305621,0.878341,0.629975,0.839102,0.156496,0.933808,0.735337,0.593923,0.879006,0.773616,0.378830,0.084761,0.417063,0.771961,0.650433,0.981956,0.756786,0.746300,0.008393,0.559787,0.982648,0.887291,0.288383,0.201939,0.854894,0.085465],
[0.625657,0.463767,0.588469,0.337831,0.594331,0.894090,0.216172,0.224306,0.733192,0.372667,0.158113,0.468529,0.966590,0.037119,0.242145,0.345420,0.121880,0.659208,0.117381,0.772313,0.641164,0.874168,0.518613,0.649556,0.433955,0.501262,0.536848,0.722337,0.703201,0.391742],
[0.807803,0.328858,0.855509,0.396272,0.666689,0.449841,0.290362,0.882860,0.674146,0.023554,0.255528,0.832260,0.492083,0.222118,0.869379,0.734228,0.567538,0.991259,0.393436,0.684919,0.763572,0.034600,0.559087,0.282185,0.684156,0.993042,0.783447,0.221004,0.715379,0.486648],
[0.612747,0.523182,0.815506,0.468256,0.919454,0.482195,0.918097,0.209816,0.365055,0.592243,0.233371,0.620583,0.424502,0.725454,0.842701,0.293881,0.459682,0.410239,0.285140,0.853118,0.095158,0.048712,0.887718,0.654246,0.330897,0.571875,0.647287,0.114344,0.792879,0.362666],
[0.600991,0.405625,0.885848,0.416497,0.873882,0.805302,0.898692,0.791978,0.015119,0.263747,0.384221,0.248489,0.884329,0.808724,0.973943,0.727030,0.102605,0.433625,0.137269,0.387745,0.286743,0.232427,0.436457,0.174462,0.886673,0.767354,0.746336,0.533960,0.881697,0.539215],
[0.896627,0.482689,0.944840,0.782475,0.899186,0.818722,0.587777,0.797878,0.610700,0.602896,0.061624,0.994922,0.851385,0.945954,0.803645,0.825328,0.672984,0.906250,0.258953,0.810253,0.293994,0.545696,0.042680,0.730451,0.720158,0.929353,0.497805,0.466494,0.463313,0.379502],
[0.005709,0.359940,0.862190,0.950549,0.142415,0.761376,0.769271,0.730192,0.559254,0.379972,0.333088,0.620878,0.374893,0.184473,0.566832,0.178538,0.009801,0.239816,0.084788,0.268754,0.050069,0.378782,0.814450,0.092749,0.109233,0.534608,0.022102,0.607038,0.001102,0.485416],
[0.986540,0.006811,0.845355,0.848730,0.957360,0.987770,0.610106,0.726631,0.717962,0.169360,0.106603,0.051050,0.790238,0.481496,0.235523,0.357071,0.660034,0.245324,0.596887,0.744822,0.514077,0.646956,0.123604,0.328527,0.739705,0.232838,0.863135,0.761808,0.839876,0.864237],
[0.247224,0.826415,0.871048,0.092579,0.675145,0.828408,0.080349,0.285251,0.555039,0.798311,0.454611,0.661642,0.849361,0.244849,0.143138,0.084884,0.601920,0.803172,0.330208,0.198807,0.547994,0.844285,0.845763,0.671598,0.172812,0.585468,0.904436,0.035947,0.347276,0.744312],
[0.900184,0.594500,0.570727,0.771232,0.687079,0.245872,0.599639,0.767428,0.531123,0.154678,0.565740,0.985734,0.816320,0.415101,0.230584,0.959457,0.499985,0.832504,0.762629,0.830192,0.031310,0.310623,0.674477,0.877073,0.982221,0.847289,0.462542,0.886657,0.883237,0.809818],
[0.630969,0.783421,0.404318,0.201696,0.554653,0.091397,0.447568,0.154292,0.858825,0.978691,0.308970,0.424565,0.964425,0.125290,0.839665,0.195009,0.084747,0.339650,0.027512,0.847376,0.169843,0.058823,0.157999,0.844320,0.935896,0.140220,0.691609,0.398438,0.026877,0.574846],
[0.208256,0.657845,0.358267,0.612574,0.859541,0.912920,0.703970,0.307109,0.067212,0.562795,0.285800,0.376182,0.987360,0.250225,0.501472,0.827025,0.445234,0.586220,0.166675,0.472746,0.433596,0.336518,0.531569,0.591595,0.180838,0.467465,0.731814,0.872447,0.865903,0.758691],
[0.447293,0.074159,0.416536,0.805560,0.686733,0.276078,0.718480,0.390703,0.583187,0.785692,0.953498,0.868986,0.161875,0.940858,0.119211,0.663347,0.767883,0.564445,0.249567,0.934558,0.037191,0.683163,0.271076,0.568760,0.274757,0.451914,0.036226,0.006572,0.324361,0.902129],
[0.765263,0.771655,0.976288,0.181799,0.577215,0.663021,0.457877,0.295695,0.053724,0.041063,0.081388,0.007222,0.910050,0.243263,0.948079,0.029261,0.906610,0.715962,0.593706,0.156177,0.650520,0.630898,0.839340,0.921596,0.199658,0.114097,0.373510,0.235884,0.120669,0.697872],
[0.138013,0.885932,0.469526,0.114301,0.067731,0.046741,0.777322,0.525608,0.342436,0.831045,0.566671,0.423824,0.838267,0.476721,0.667087,0.786347,0.505982,0.573697,0.502309,0.099688,0.729874,0.152829,0.730585,0.569214,0.074426,0.930243,0.683311,0.447936,0.166127,0.803980],
[0.145808,0.304140,0.689912,0.615334,0.418441,0.757643,0.662075,0.195763,0.283250,0.004511,0.026808,0.849921,0.428335,0.865076,0.326642,0.095422,0.651422,0.832623,0.669119,0.153731,0.932311,0.398992,0.306560,0.662896,0.968206,0.380986,0.593139,0.651517,0.828922,0.759267],
[0.455497,0.974729,0.063407,0.145409,0.590063,0.481848,0.903051,0.252138,0.677611,0.186302,0.256649,0.704420,0.036223,0.684984,0.569495,0.362865,0.780406,0.220917,0.195488,0.449525,0.374648,0.127799,0.848517,0.681208,0.790695,0.816723,0.062194,0.383834,0.468240,0.891115]]];

c=[[6,2,7,3,8,9,8,6,7,7,9,2,8,7,9,6,2,9,4,9,5,6,4,2,10,9,1,1,4,6],
[1,9,7,9,1,6,9,1,1,5,7,1,9,4,7,9,1,9,8,7,9,4,2,4,7,4,4,9,6,7],
[4,8,5,2,6,6,7,4,6,9,10,4,10,10,8,6,1,10,6,10,6,6,5,8,9,1,1,3,10,6],
[9,3,3,6,5,10,3,1,5,10,10,6,3,1,8,2,6,8,2,2,7,7,7,1,6,8,3,6,2,2],
[3,2,7,7,7,3,6,1,5,2,10,6,8,3,6,5,6,2,4,9,5,10,8,3,2,3,2,4,1,3],
[6,3,5,4,10,3,6,7,4,10,1,3,6,8,7,3,4,5,4,7,3,10,8,10,3,9,3,6,4,3],
[9,9,7,5,4,8,7,1,7,2,3,7,5,8,6,3,10,1,7,6,9,10,7,6,1,9,6,3,7,9],
[7,5,10,4,9,3,3,7,6,9,9,8,5,5,5,10,7,6,2,4,3,10,5,10,7,5,10,2,10,6],
[3,6,2,2,1,2,6,4,9,1,2,7,8,9,1,4,10,9,2,2,4,6,1,8,5,10,5,7,1,6],
[4,3,3,6,6,4,7,4,9,7,4,2,5,4,2,7,9,2,6,10,5,9,8,7,9,4,6,3,10,7],
[8,6,1,10,3,9,5,1,2,5,8,7,7,2,10,8,9,9,1,6,10,5,4,7,2,2,1,7,6,2],
[5,5,9,8,7,1,6,1,2,7,8,9,3,4,2,5,3,2,5,4,7,4,10,1,3,1,4,5,10,2],
[8,4,6,7,1,2,7,6,5,8,4,4,8,9,7,10,3,1,3,7,6,10,2,6,2,4,6,5,10,5],
[6,8,1,4,4,3,7,10,1,1,10,4,4,7,2,2,8,4,5,1,2,10,2,4,5,3,9,1,9,9],
[7,5,6,9,10,9,2,6,10,4,9,9,7,4,8,1,8,5,6,2,7,8,1,8,3,6,2,1,8,1],
[9,6,7,4,5,6,4,8,1,4,1,1,4,9,5,1,1,2,8,7,3,6,6,5,4,10,10,7,10,7],
[7,1,3,5,4,9,10,10,6,3,3,8,3,8,6,9,9,7,2,6,5,4,3,10,9,8,9,10,5,10],
[9,1,10,1,8,6,1,7,5,6,1,9,3,6,6,10,4,6,6,6,3,10,1,6,1,1,3,1,1,7],
[1,9,10,2,1,7,7,1,5,3,8,6,1,2,1,9,1,6,4,9,3,7,10,6,4,3,6,6,3,8],
[5,5,8,4,9,10,2,5,2,6,8,1,3,10,2,5,8,5,3,4,5,5,2,6,10,5,8,8,10,3],
[7,6,9,5,1,7,4,2,4,6,10,1,6,4,2,10,1,2,6,3,5,10,9,6,5,1,10,5,8,1],
[7,4,7,7,10,7,4,4,1,7,1,2,9,8,5,2,9,5,3,4,7,7,5,8,4,2,8,5,6,5],
[8,4,10,4,10,10,2,5,5,4,3,5,5,3,4,2,5,3,6,7,8,5,6,3,2,1,4,9,6,9],
[5,3,4,6,8,3,5,1,8,9,5,2,5,1,5,1,2,9,5,8,7,2,4,4,6,5,5,9,5,2],
[9,1,4,4,6,3,7,3,3,6,1,7,7,8,10,3,10,1,1,4,8,10,7,3,3,3,7,7,3,3],
[8,4,3,3,7,1,5,5,3,8,2,5,6,1,2,7,3,3,8,6,8,7,5,5,10,9,9,8,8,3],
[3,7,6,5,10,5,7,6,1,9,5,5,4,3,7,7,9,1,10,6,6,9,3,2,3,4,1,1,1,8],
[6,3,4,3,10,5,7,6,1,10,7,5,6,10,7,2,8,6,2,9,3,10,8,7,1,2,10,3,3,1],
[10,10,5,6,2,6,2,9,4,2,10,10,9,5,1,7,8,10,4,9,9,7,8,8,3,1,9,3,3,3],
[5,5,2,1,2,4,7,3,4,10,7,5,1,5,9,1,1,8,2,5,6,10,3,6,9,5,8,8,9,10],
];
