m=30;
n=30;
p=3;
q=3;

alpha=[0.875429,0.628686,0.663821,0.590494,0.785955,0.781629];

proba=[[[0.703898,0.224973,0.919689,0.221228,0.095352,0.001172,0.391793,0.519266,0.544219,0.380428,0.469527,0.337914,0.582455,0.551370,0.269875,0.486437,0.329249,0.649661,0.247808,0.369088,0.515431,0.440132,0.766231,0.116406,0.244789,0.517088,0.373778,0.572431,0.698077,0.945689],
[0.135689,0.401975,0.170662,0.055378,0.623203,0.266013,0.056550,0.014996,0.785279,0.600769,0.395423,0.254806,0.938683,0.977878,0.806176,0.208559,0.464315,0.135425,0.858220,0.712123,0.504513,0.373650,0.152255,0.270744,0.490056,0.397043,0.787832,0.863834,0.969474,0.485908],
[0.809523,0.105163,0.887883,0.980185,0.160541,0.511086,0.246199,0.217091,0.526082,0.031478,0.817860,0.921505,0.286283,0.756543,0.899384,0.092459,0.965102,0.363699,0.227884,0.823322,0.075821,0.732397,0.196972,0.228076,0.003141,0.687028,0.625119,0.790973,0.550862,0.594593],
[0.276881,0.360386,0.699756,0.164764,0.340571,0.860296,0.675850,0.586770,0.077387,0.201932,0.618247,0.895247,0.123438,0.904531,0.651791,0.022821,0.996990,0.616893,0.386520,0.224874,0.440214,0.462341,0.957271,0.637186,0.690417,0.960412,0.324214,0.315535,0.751384,0.875077],
[0.910128,0.028265,0.235462,0.609884,0.193029,0.576033,0.470180,0.868879,0.162803,0.547567,0.070812,0.781050,0.442815,0.194249,0.685581,0.094605,0.217071,0.682571,0.711498,0.603590,0.907445,0.151713,0.065931,0.864716,0.788899,0.756348,0.825127,0.113113,0.071883,0.576511],
[0.988190,0.982012,0.604777,0.223652,0.591896,0.797806,0.799686,0.062076,0.666685,0.962488,0.609643,0.737497,0.743539,0.052458,0.931746,0.429120,0.147063,0.148817,0.111691,0.858561,0.752407,0.019135,0.010274,0.818338,0.883851,0.799173,0.574686,0.708978,0.912286,0.646570],
[0.285489,0.900476,0.628581,0.890266,0.124128,0.220477,0.688072,0.923814,0.282553,0.354757,0.886302,0.892196,0.092255,0.629841,0.944654,0.024001,0.058960,0.091717,0.172818,0.170651,0.950278,0.925225,0.189786,0.960551,0.743563,0.073637,0.759724,0.318250,0.782615,0.672010],
[0.964819,0.068104,0.572486,0.593401,0.958370,0.696614,0.813878,0.646442,0.620427,0.096431,0.001200,0.506729,0.988627,0.093454,0.136570,0.933281,0.117455,0.195530,0.024997,0.290273,0.366181,0.975275,0.215497,0.555967,0.935826,0.959061,0.629604,0.695550,0.277310,0.412219],
[0.367560,0.242130,0.480323,0.940046,0.835530,0.438693,0.636659,0.649408,0.085135,0.257086,0.745839,0.086335,0.763816,0.734466,0.179789,0.900385,0.667746,0.297244,0.095916,0.692744,0.587516,0.462097,0.668019,0.803014,0.018064,0.603845,0.762074,0.647668,0.299395,0.039384],
[0.059887,0.666956,0.281514,0.540210,0.607002,0.117044,0.978903,0.243661,0.766453,0.064039,0.500748,0.512292,0.150373,0.264563,0.246758,0.330162,0.164948,0.914504,0.627406,0.260864,0.607248,0.214922,0.722961,0.275266,0.017936,0.741025,0.879111,0.780010,0.388694,0.178507],
[0.819395,0.448581,0.845463,0.100909,0.988791,0.452465,0.217953,0.967695,0.696126,0.984406,0.031733,0.196873,0.496698,0.182107,0.461436,0.743456,0.512269,0.626385,0.657960,0.139675,0.887249,0.265208,0.354598,0.610210,0.540474,0.372534,0.351235,0.419586,0.152544,0.739928],
[0.598093,0.971939,0.188509,0.443555,0.072848,0.177301,0.896020,0.290801,0.144995,0.592146,0.275207,0.176729,0.789019,0.771905,0.358836,0.250455,0.515360,0.871105,0.876840,0.173320,0.010780,0.764089,0.438528,0.365378,0.374299,0.979002,0.737911,0.725534,0.398587,0.890456],
[0.465462,0.996680,0.862395,0.653971,0.440235,0.935243,0.831272,0.336255,0.226044,0.976268,0.928401,0.501251,0.152996,0.717420,0.273155,0.511832,0.967875,0.788515,0.382937,0.844715,0.961836,0.393717,0.608804,0.400363,0.759094,0.983102,0.379365,0.497006,0.708636,0.777953],
[0.387461,0.174098,0.774633,0.249856,0.828069,0.214868,0.185099,0.659341,0.551123,0.411142,0.635609,0.479524,0.912393,0.788605,0.196944,0.185548,0.300437,0.164819,0.974064,0.683374,0.009533,0.935899,0.077090,0.618337,0.336262,0.836185,0.601439,0.715628,0.333190,0.310075],
[0.493580,0.720652,0.484173,0.268213,0.970508,0.312242,0.483081,0.155607,0.971583,0.034204,0.566749,0.607192,0.513728,0.479142,0.395797,0.710672,0.664691,0.696234,0.875491,0.638754,0.379608,0.885024,0.574654,0.456698,0.503361,0.910916,0.292882,0.104800,0.626544,0.626073],
[0.414875,0.120124,0.346725,0.899048,0.388337,0.317233,0.211290,0.871417,0.472839,0.182873,0.905622,0.039589,0.790065,0.419350,0.518731,0.185861,0.130022,0.183421,0.882095,0.005513,0.822176,0.261703,0.890537,0.396829,0.718401,0.393897,0.307745,0.011283,0.498697,0.934289],
[0.637356,0.913572,0.054413,0.984081,0.812620,0.442749,0.301313,0.023910,0.314166,0.774153,0.206783,0.219788,0.813741,0.996847,0.639138,0.332472,0.182709,0.769160,0.515893,0.064804,0.774672,0.338069,0.326507,0.665209,0.734898,0.044908,0.059106,0.042643,0.056191,0.557804],
[0.976932,0.693547,0.471376,0.031345,0.677628,0.283996,0.474094,0.978941,0.307906,0.788260,0.753093,0.514689,0.008048,0.566835,0.511536,0.647186,0.899307,0.694245,0.416346,0.415200,0.759048,0.191018,0.753269,0.085555,0.856227,0.488167,0.130463,0.915333,0.530811,0.186654],
[0.473137,0.507743,0.880201,0.944513,0.539088,0.557828,0.228509,0.013182,0.536769,0.536415,0.801442,0.289863,0.051104,0.809490,0.856697,0.562640,0.456676,0.756004,0.256884,0.873022,0.171204,0.015933,0.064040,0.924473,0.101488,0.920267,0.412640,0.231951,0.835600,0.943451],
[0.418605,0.308736,0.451194,0.298805,0.253249,0.990282,0.856634,0.481758,0.003464,0.393403,0.018173,0.804906,0.683266,0.069276,0.614397,0.539963,0.631916,0.071073,0.295967,0.888800,0.944095,0.467171,0.904733,0.008135,0.391644,0.006221,0.928402,0.804285,0.238172,0.764001],
[0.747736,0.656776,0.072737,0.198930,0.955582,0.325986,0.189213,0.812216,0.807744,0.192677,0.205619,0.825916,0.997583,0.888885,0.895193,0.611980,0.428848,0.527109,0.683053,0.724815,0.415909,0.627148,0.191986,0.320642,0.635284,0.583630,0.326863,0.563685,0.387915,0.565035],
[0.327686,0.135651,0.221811,0.400424,0.334581,0.177393,0.726410,0.523794,0.989609,0.534153,0.716471,0.195228,0.360069,0.714055,0.084113,0.255262,0.326035,0.512961,0.782370,0.009088,0.237776,0.198279,0.636237,0.429763,0.518921,0.271520,0.013393,0.845784,0.835205,0.401308],
[0.410818,0.162892,0.536959,0.632629,0.563315,0.871540,0.810022,0.289725,0.395334,0.799631,0.823878,0.111805,0.994859,0.183948,0.825860,0.078972,0.439209,0.151895,0.591933,0.221580,0.160983,0.829709,0.419859,0.797220,0.259472,0.938780,0.068740,0.272865,0.784564,0.903945],
[0.674172,0.195382,0.066837,0.211131,0.828012,0.630152,0.082671,0.638034,0.919878,0.478005,0.437665,0.743756,0.589810,0.432524,0.927704,0.415670,0.511496,0.366913,0.567565,0.103429,0.588493,0.728548,0.933138,0.008352,0.525767,0.192610,0.947132,0.594507,0.465474,0.731696],
[0.498452,0.139647,0.927079,0.565289,0.350778,0.755091,0.195442,0.433449,0.393125,0.115319,0.911454,0.830790,0.859075,0.501264,0.263314,0.786779,0.916934,0.774810,0.153692,0.484499,0.878239,0.742185,0.213047,0.811377,0.750537,0.738814,0.003987,0.697669,0.333322,0.469462],
[0.429365,0.831774,0.609108,0.356444,0.397063,0.959886,0.111535,0.592505,0.393335,0.504660,0.707825,0.304789,0.335450,0.566900,0.806053,0.598764,0.353679,0.722987,0.373574,0.507371,0.207486,0.251813,0.249556,0.420533,0.063191,0.000093,0.159347,0.067178,0.697762,0.492669],
[0.536640,0.127127,0.324443,0.145748,0.483572,0.721506,0.105634,0.595107,0.314011,0.498969,0.099767,0.021836,0.803757,0.435216,0.588736,0.609810,0.033980,0.942415,0.332797,0.407555,0.449786,0.540282,0.659368,0.699342,0.960815,0.722559,0.699434,0.120162,0.789737,0.397196],
[0.612831,0.326377,0.524324,0.937273,0.472125,0.007895,0.658780,0.577759,0.603002,0.972791,0.076728,0.702769,0.994627,0.880485,0.137985,0.583363,0.490295,0.171965,0.525778,0.823092,0.579520,0.975564,0.363374,0.238888,0.674905,0.324189,0.961448,0.374340,0.444352,0.751185],
[0.771536,0.057182,0.077561,0.295860,0.994456,0.549686,0.303755,0.653235,0.127445,0.906757,0.626026,0.204172,0.609526,0.620653,0.084657,0.747511,0.204016,0.574952,0.919477,0.729793,0.398044,0.498997,0.705357,0.761419,0.737885,0.380262,0.085608,0.699333,0.754602,0.529960],
[0.450517,0.526138,0.587142,0.528079,0.821998,0.581598,0.077765,0.125753,0.234833,0.205209,0.032511,0.860859,0.409381,0.642037,0.481512,0.494039,0.389548,0.685528,0.068991,0.309024,0.415321,0.467035,0.808021,0.120678,0.228454,0.545906,0.500941,0.314062,0.245239,0.255543]],
[[0.844022,0.695756,0.781682,0.431164,0.223835,0.603680,0.012762,0.301599,0.729433,0.247595,0.506809,0.761944,0.108454,0.916190,0.403981,0.589966,0.410229,0.793529,0.275494,0.479220,0.102553,0.690815,0.946255,0.910574,0.811494,0.174709,0.456481,0.312435,0.488771,0.701720],
[0.567978,0.332793,0.397476,0.349659,0.763957,0.621311,0.953339,0.776718,0.922911,0.682772,0.024313,0.429719,0.444717,0.132767,0.345909,0.848698,0.722733,0.756138,0.642226,0.998227,0.235357,0.744780,0.689042,0.181613,0.655354,0.500536,0.356322,0.111835,0.812971,0.845093],
[0.813555,0.380949,0.177886,0.211031,0.730608,0.941843,0.832342,0.683947,0.718562,0.755252,0.366720,0.742875,0.184972,0.811436,0.875642,0.530881,0.660134,0.598375,0.287018,0.302360,0.596602,0.522376,0.047140,0.285644,0.703989,0.702494,0.786180,0.060310,0.814329,0.599151],
[0.905404,0.627884,0.980100,0.083290,0.838914,0.710708,0.025133,0.671256,0.394655,0.743695,0.426509,0.761375,0.486570,0.611480,0.572812,0.362211,0.142361,0.232946,0.960586,0.429379,0.535306,0.557188,0.951755,0.582446,0.842832,0.655744,0.284941,0.629012,0.716054,0.099270],
[0.228163,0.621458,0.727154,0.208263,0.704748,0.566068,0.918971,0.729882,0.237324,0.313626,0.473577,0.663833,0.075001,0.960146,0.275313,0.647813,0.322358,0.417674,0.880759,0.282944,0.847054,0.416065,0.840131,0.798809,0.998511,0.682963,0.454553,0.283452,0.311975,0.170607],
[0.382721,0.540138,0.792065,0.109875,0.748401,0.496814,0.675943,0.667371,0.226696,0.913267,0.980997,0.700272,0.577100,0.055999,0.660419,0.852413,0.703812,0.982776,0.270087,0.584570,0.265720,0.117141,0.000635,0.105851,0.915950,0.999146,0.788814,0.370503,0.282597,0.100789],
[0.541110,0.665319,0.640927,0.333175,0.775194,0.389328,0.829989,0.451137,0.056699,0.056685,0.364404,0.037696,0.756957,0.941504,0.093695,0.417376,0.793917,0.797507,0.400152,0.064004,0.382077,0.665872,0.181145,0.382712,0.771724,0.097094,0.381858,0.560538,0.467597,0.664455],
[0.661328,0.008707,0.329774,0.302255,0.341882,0.104968,0.691582,0.171871,0.556104,0.748281,0.228556,0.920508,0.785978,0.985513,0.862012,0.879673,0.402888,0.655928,0.677180,0.803040,0.719933,0.059257,0.468913,0.901077,0.441969,0.240636,0.998172,0.823826,0.801175,0.465769],
[0.488281,0.462502,0.474476,0.818055,0.764757,0.816358,0.923023,0.456339,0.988229,0.479127,0.204620,0.216785,0.399635,0.990598,0.202297,0.261647,0.870271,0.605186,0.917575,0.547451,0.408226,0.637507,0.606708,0.877138,0.538585,0.048677,0.117775,0.536757,0.872504,0.918949],
[0.002525,0.360785,0.381452,0.477001,0.178840,0.146208,0.293359,0.101863,0.602547,0.281588,0.580990,0.807168,0.498372,0.980625,0.797766,0.700670,0.242271,0.668037,0.305855,0.159846,0.215489,0.714081,0.797354,0.822197,0.591219,0.335939,0.870874,0.708994,0.872695,0.743378],
[0.627944,0.875221,0.104163,0.009395,0.352222,0.283003,0.155603,0.645580,0.384866,0.758151,0.927168,0.965856,0.565319,0.425540,0.946481,0.363085,0.126210,0.188752,0.031122,0.432065,0.348599,0.246611,0.146146,0.145953,0.068808,0.737365,0.481891,0.939682,0.446360,0.354587],
[0.683059,0.074303,0.229807,0.787222,0.083699,0.582029,0.070225,0.239302,0.227609,0.455091,0.997453,0.154777,0.420947,0.562771,0.580318,0.367428,0.925856,0.706527,0.556180,0.956978,0.138592,0.904779,0.203589,0.284738,0.050732,0.272397,0.022103,0.532623,0.212078,0.468463],
[0.887209,0.895138,0.542767,0.117017,0.682360,0.626465,0.699046,0.752584,0.865767,0.926655,0.207675,0.863220,0.081432,0.628622,0.425992,0.661750,0.996049,0.351848,0.368277,0.552229,0.308826,0.506870,0.457008,0.512415,0.791608,0.507740,0.784811,0.813711,0.040363,0.996890],
[0.282175,0.927572,0.892028,0.824941,0.044589,0.574387,0.451406,0.743634,0.326971,0.317174,0.670289,0.534646,0.180394,0.751722,0.163268,0.606385,0.413472,0.159317,0.958233,0.781749,0.711547,0.267059,0.288619,0.168555,0.779474,0.080227,0.676294,0.564285,0.893938,0.716657],
[0.561175,0.176113,0.644229,0.453203,0.001054,0.688818,0.027590,0.452460,0.432452,0.354561,0.769634,0.102742,0.889207,0.950027,0.854464,0.052475,0.556413,0.267935,0.211792,0.514646,0.049685,0.923339,0.781705,0.338304,0.091894,0.561178,0.418530,0.768188,0.125464,0.312469],
[0.484845,0.686639,0.488582,0.129074,0.139841,0.489635,0.817892,0.167431,0.942096,0.250344,0.521992,0.711729,0.353086,0.411199,0.661757,0.207549,0.463674,0.218170,0.475485,0.675466,0.732815,0.525169,0.598805,0.514520,0.863473,0.690699,0.075698,0.282003,0.458887,0.201162],
[0.594472,0.943732,0.887801,0.083054,0.072806,0.027642,0.572689,0.890698,0.195073,0.514785,0.141042,0.717064,0.226514,0.494128,0.128263,0.888271,0.701678,0.591937,0.106440,0.177163,0.267404,0.839256,0.702332,0.866209,0.353776,0.565805,0.556907,0.429474,0.847808,0.015794],
[0.630637,0.442280,0.959526,0.518437,0.525334,0.032332,0.546079,0.098023,0.923030,0.741152,0.612808,0.064073,0.458216,0.839322,0.558201,0.586480,0.727593,0.259879,0.178417,0.834033,0.437042,0.445821,0.673289,0.139374,0.312029,0.027065,0.705179,0.868937,0.456539,0.552987],
[0.884731,0.087176,0.995267,0.844257,0.605613,0.520601,0.876589,0.151692,0.618625,0.799620,0.892844,0.231432,0.863692,0.351061,0.070754,0.421894,0.937541,0.798347,0.681772,0.115958,0.632380,0.118814,0.561778,0.305669,0.258188,0.873807,0.332734,0.963366,0.742744,0.789273],
[0.516353,0.627474,0.876449,0.511621,0.471731,0.482062,0.032222,0.348321,0.633755,0.650847,0.147940,0.526599,0.882279,0.011633,0.877660,0.953033,0.433526,0.815200,0.751380,0.115299,0.931158,0.383760,0.234113,0.492936,0.689429,0.492300,0.366743,0.022163,0.455667,0.109487],
[0.811437,0.972020,0.736961,0.687886,0.483640,0.208693,0.169948,0.515862,0.557013,0.803703,0.166709,0.704954,0.330302,0.048988,0.716586,0.207962,0.002021,0.150112,0.023163,0.753401,0.265411,0.954321,0.137161,0.499524,0.447257,0.826590,0.991824,0.814000,0.848753,0.447490],
[0.923487,0.660190,0.419510,0.660448,0.348076,0.903150,0.869141,0.518024,0.419013,0.426155,0.321727,0.585722,0.131108,0.652030,0.634710,0.847695,0.859992,0.636730,0.997807,0.883155,0.390131,0.263218,0.837475,0.527292,0.762741,0.284732,0.353881,0.754565,0.098732,0.202634],
[0.202055,0.022219,0.862824,0.621566,0.682667,0.210899,0.524716,0.551808,0.728923,0.943729,0.977963,0.050651,0.529451,0.109071,0.702680,0.164160,0.956766,0.562672,0.800891,0.954573,0.445827,0.191022,0.217791,0.283302,0.718313,0.980532,0.568034,0.072195,0.735097,0.666766],
[0.274829,0.937153,0.688985,0.137653,0.558718,0.371652,0.348552,0.083434,0.923461,0.077475,0.027163,0.901424,0.128126,0.556614,0.010496,0.830806,0.720774,0.967262,0.393478,0.521665,0.921835,0.839305,0.712687,0.139625,0.122607,0.431000,0.120157,0.690641,0.503195,0.855255],
[0.357408,0.778024,0.792407,0.046393,0.915676,0.351125,0.418045,0.264228,0.434560,0.341506,0.341704,0.461723,0.242930,0.469829,0.018337,0.253426,0.300635,0.739111,0.220687,0.694114,0.260776,0.142522,0.533418,0.973463,0.282147,0.656026,0.404464,0.402305,0.346667,0.907659],
[0.257560,0.704074,0.685682,0.049967,0.750467,0.601359,0.401092,0.168513,0.865587,0.835652,0.510019,0.207290,0.297375,0.752949,0.677120,0.315712,0.006375,0.977755,0.054823,0.227062,0.671869,0.315600,0.369584,0.205287,0.289063,0.651732,0.861313,0.693527,0.054037,0.207979],
[0.601185,0.311596,0.912054,0.286868,0.361563,0.662521,0.888226,0.762655,0.831034,0.753813,0.598307,0.341052,0.961103,0.895682,0.094001,0.638223,0.211394,0.100376,0.615978,0.266218,0.327438,0.287847,0.581818,0.697023,0.493134,0.870881,0.348754,0.354446,0.564408,0.402791],
[0.562426,0.165593,0.714387,0.474479,0.452461,0.075951,0.137001,0.340687,0.838606,0.968034,0.094500,0.436913,0.309086,0.055603,0.332596,0.403088,0.693826,0.543990,0.503464,0.309804,0.810208,0.830902,0.597651,0.392026,0.527925,0.090785,0.262907,0.876679,0.445231,0.827315],
[0.279470,0.007657,0.992908,0.993858,0.482136,0.445369,0.069808,0.619137,0.786056,0.908414,0.587171,0.880555,0.345328,0.896257,0.936159,0.677923,0.299345,0.629985,0.221914,0.802809,0.939789,0.032122,0.633711,0.537441,0.424148,0.161635,0.628225,0.687055,0.038314,0.073456],
[0.514369,0.317784,0.081113,0.507277,0.311642,0.563249,0.952645,0.381450,0.182386,0.738701,0.289864,0.769556,0.619256,0.635192,0.665814,0.555415,0.313115,0.965158,0.185400,0.535029,0.767967,0.125190,0.567151,0.401678,0.662630,0.991299,0.563313,0.290855,0.678353,0.601627]],
[[0.364312,0.192722,0.919411,0.445425,0.699999,0.231053,0.008674,0.652645,0.612503,0.191060,0.391346,0.902368,0.960616,0.010602,0.537559,0.626430,0.566017,0.850675,0.591588,0.751417,0.385704,0.359555,0.876607,0.952855,0.761233,0.539237,0.944153,0.324546,0.830092,0.622507],
[0.926172,0.194404,0.815229,0.845584,0.639829,0.515228,0.076637,0.648503,0.167873,0.689140,0.839562,0.559218,0.591508,0.800178,0.569820,0.129067,0.426608,0.135838,0.979742,0.018196,0.887255,0.365446,0.377751,0.763862,0.318300,0.138984,0.303099,0.262453,0.463529,0.133191],
[0.884960,0.389702,0.327595,0.700189,0.235286,0.967424,0.215417,0.311922,0.615926,0.383290,0.001062,0.455489,0.942508,0.592570,0.255667,0.512329,0.721637,0.682275,0.648166,0.701379,0.700471,0.535421,0.066825,0.078222,0.299283,0.385125,0.217206,0.602382,0.647579,0.680735],
[0.735573,0.532539,0.070437,0.063168,0.232728,0.305723,0.030591,0.448145,0.617645,0.646518,0.831434,0.618708,0.102006,0.773943,0.211278,0.357673,0.286271,0.932915,0.039948,0.934438,0.634294,0.740419,0.469859,0.701119,0.818641,0.769142,0.086245,0.035846,0.371524,0.733823],
[0.716582,0.107097,0.266362,0.787019,0.170264,0.499089,0.092742,0.200856,0.947234,0.710387,0.847373,0.778668,0.329094,0.949379,0.552611,0.540372,0.307052,0.838882,0.473287,0.347000,0.773320,0.107582,0.087419,0.243179,0.808701,0.906059,0.012322,0.894946,0.941906,0.383846],
[0.628769,0.658487,0.490942,0.895131,0.445506,0.661207,0.394220,0.538248,0.862062,0.341454,0.248635,0.709435,0.120122,0.577729,0.658815,0.672733,0.118102,0.965867,0.511615,0.591389,0.312867,0.284935,0.698971,0.400286,0.528115,0.507672,0.306345,0.540436,0.402618,0.248251],
[0.924282,0.031387,0.906738,0.415224,0.926518,0.352245,0.076431,0.320738,0.890493,0.938493,0.662192,0.139128,0.647929,0.782314,0.716857,0.306743,0.455047,0.834959,0.272610,0.966663,0.426348,0.585477,0.251598,0.125319,0.985763,0.779712,0.632991,0.292108,0.320148,0.035609],
[0.540359,0.244430,0.066997,0.447097,0.659654,0.993514,0.799341,0.736085,0.314252,0.689834,0.674578,0.976445,0.828962,0.322507,0.758759,0.545819,0.629250,0.213806,0.380778,0.901860,0.180469,0.807126,0.487337,0.432067,0.932446,0.473100,0.211779,0.565437,0.765208,0.531927],
[0.601046,0.305566,0.776358,0.668043,0.752663,0.436012,0.661557,0.552005,0.172097,0.975810,0.241839,0.846675,0.952254,0.070801,0.169182,0.711013,0.616620,0.798432,0.924819,0.997398,0.700292,0.105288,0.804525,0.187629,0.537354,0.736970,0.660728,0.749133,0.302407,0.425936],
[0.281061,0.903454,0.731502,0.057418,0.571497,0.484165,0.493430,0.233054,0.036169,0.665527,0.208864,0.278008,0.512202,0.161118,0.348809,0.681384,0.872131,0.965429,0.479816,0.796951,0.962827,0.180107,0.902239,0.767352,0.367736,0.439593,0.504323,0.028464,0.188726,0.806730],
[0.454400,0.469787,0.710184,0.185901,0.527206,0.281681,0.670066,0.020636,0.514735,0.706236,0.686163,0.723599,0.984244,0.198365,0.884717,0.333053,0.879749,0.756849,0.298482,0.359564,0.553799,0.261309,0.539671,0.456038,0.028662,0.907407,0.895631,0.532984,0.935871,0.084357],
[0.339714,0.390271,0.554145,0.049898,0.576172,0.081350,0.331579,0.246239,0.101986,0.846314,0.952474,0.788149,0.569913,0.936718,0.986514,0.454630,0.269771,0.866263,0.211479,0.568253,0.225827,0.765278,0.829562,0.765498,0.221316,0.858224,0.672905,0.116947,0.391208,0.608776],
[0.201304,0.730923,0.999047,0.755449,0.780821,0.575219,0.836799,0.112400,0.821458,0.938785,0.958714,0.773932,0.726934,0.528627,0.710650,0.713448,0.983257,0.980421,0.579711,0.194735,0.548674,0.805538,0.960013,0.378236,0.571036,0.181329,0.236460,0.243941,0.298276,0.627668],
[0.852718,0.499580,0.358591,0.851765,0.255029,0.139412,0.426984,0.091828,0.251812,0.248442,0.030614,0.210526,0.022374,0.757548,0.739152,0.733024,0.470996,0.722409,0.713445,0.050707,0.917144,0.262119,0.856245,0.877158,0.640356,0.427281,0.058487,0.876816,0.671223,0.356764],
[0.504484,0.523941,0.856344,0.863075,0.375706,0.111373,0.002487,0.802690,0.203202,0.254299,0.051132,0.233815,0.464824,0.073506,0.991363,0.203977,0.806530,0.462360,0.926386,0.519976,0.513067,0.843530,0.782095,0.369312,0.720688,0.422451,0.796594,0.779176,0.299266,0.467816],
[0.135940,0.803750,0.991757,0.992284,0.666825,0.367463,0.103657,0.669312,0.170153,0.306859,0.923610,0.221285,0.540674,0.388435,0.294791,0.532037,0.592412,0.101321,0.994397,0.518798,0.621297,0.507464,0.362328,0.403392,0.876777,0.083017,0.825843,0.673370,0.862192,0.125109],
[0.141187,0.998132,0.928859,0.132944,0.990415,0.595684,0.500407,0.094073,0.264996,0.670559,0.400931,0.188606,0.891844,0.941605,0.577041,0.186635,0.473643,0.169453,0.287956,0.468040,0.688250,0.909253,0.975505,0.050579,0.312645,0.852281,0.133595,0.138488,0.525652,0.995787],
[0.263597,0.666838,0.993919,0.192457,0.799782,0.984335,0.788141,0.300189,0.078407,0.053137,0.970748,0.479339,0.241744,0.862592,0.420944,0.818785,0.049227,0.894587,0.988238,0.337184,0.362627,0.676488,0.246437,0.338132,0.727067,0.559082,0.190413,0.860662,0.697571,0.716065],
[0.856449,0.961168,0.382903,0.850368,0.153625,0.182685,0.834703,0.941766,0.482874,0.913110,0.994903,0.453622,0.392449,0.236647,0.316214,0.813393,0.055432,0.365442,0.707980,0.043670,0.702625,0.070607,0.720158,0.949062,0.408738,0.447225,0.508144,0.599151,0.307887,0.205715],
[0.315216,0.164336,0.166883,0.698119,0.014704,0.320508,0.880805,0.849407,0.262274,0.363679,0.762517,0.257178,0.817301,0.154966,0.493825,0.133516,0.968359,0.549257,0.498957,0.676339,0.592927,0.201582,0.746945,0.313085,0.150644,0.155684,0.760310,0.658789,0.754835,0.068197],
[0.864504,0.070051,0.232533,0.031387,0.768171,0.247237,0.351896,0.648975,0.096644,0.614170,0.012654,0.859162,0.871348,0.829955,0.014128,0.365173,0.963471,0.982487,0.914430,0.462428,0.658825,0.507357,0.664010,0.405771,0.820443,0.814655,0.561455,0.580753,0.473444,0.316290],
[0.648950,0.337948,0.386341,0.881483,0.369335,0.154512,0.128720,0.721231,0.803487,0.225364,0.335401,0.816141,0.084525,0.206749,0.646097,0.098653,0.571922,0.609567,0.081140,0.486352,0.071995,0.739965,0.993709,0.736005,0.145736,0.814151,0.550660,0.707191,0.394904,0.024104],
[0.023481,0.043854,0.362052,0.409822,0.925336,0.731387,0.564334,0.054056,0.452618,0.367822,0.279420,0.788019,0.183963,0.363945,0.994767,0.830060,0.462598,0.566689,0.439627,0.543739,0.053040,0.511623,0.283704,0.046749,0.247628,0.429440,0.860901,0.798288,0.136631,0.255805],
[0.822392,0.160112,0.299659,0.184444,0.569934,0.224995,0.915831,0.134269,0.279051,0.368448,0.502091,0.558471,0.156467,0.686054,0.922416,0.151234,0.516114,0.385014,0.717923,0.955741,0.928753,0.770963,0.467364,0.212457,0.817712,0.714992,0.641897,0.678613,0.513280,0.778528],
[0.934418,0.335672,0.938640,0.234076,0.520116,0.508575,0.459071,0.435947,0.642844,0.738122,0.804395,0.144934,0.296593,0.960862,0.830988,0.219009,0.112096,0.347103,0.604023,0.830019,0.302844,0.532776,0.600982,0.770208,0.745233,0.418694,0.485200,0.387130,0.097307,0.998480],
[0.165659,0.031725,0.334153,0.104299,0.265801,0.854269,0.612873,0.724873,0.290216,0.255717,0.462995,0.094611,0.400651,0.759588,0.055473,0.231640,0.978597,0.167568,0.578742,0.582620,0.997587,0.881587,0.115397,0.598569,0.651795,0.860630,0.017263,0.136995,0.247760,0.114571],
[0.135475,0.413419,0.146296,0.469628,0.517718,0.412097,0.323897,0.130591,0.136970,0.614113,0.386308,0.599965,0.708724,0.786960,0.359553,0.764196,0.018599,0.338149,0.931765,0.597342,0.920770,0.929352,0.478928,0.036166,0.527921,0.130723,0.896796,0.545184,0.267718,0.144557],
[0.659755,0.403193,0.557976,0.806051,0.872821,0.075694,0.218148,0.196719,0.206285,0.355118,0.810831,0.592593,0.955082,0.519555,0.379553,0.314635,0.283751,0.398152,0.652784,0.215516,0.995494,0.573554,0.144867,0.474423,0.609720,0.672788,0.605146,0.506516,0.217972,0.872864],
[0.651073,0.877727,0.276057,0.209049,0.683778,0.148878,0.284742,0.901926,0.345597,0.491027,0.257043,0.156428,0.083620,0.212126,0.675983,0.463173,0.526761,0.959734,0.861326,0.179545,0.175250,0.856820,0.753099,0.320117,0.331243,0.362819,0.992905,0.936388,0.869336,0.210877],
[0.809252,0.520409,0.088604,0.085309,0.729458,0.772382,0.234187,0.014200,0.674308,0.579784,0.505227,0.931351,0.736212,0.588847,0.143477,0.412195,0.052021,0.670238,0.371929,0.913346,0.849783,0.547179,0.770166,0.602882,0.867297,0.101409,0.965701,0.860202,0.037797,0.835036]],
[[0.071080,0.847049,0.355445,0.159684,0.932357,0.084903,0.932066,0.166544,0.099102,0.606374,0.746328,0.604330,0.537725,0.482539,0.193177,0.681202,0.894734,0.245198,0.351439,0.266664,0.158544,0.201222,0.813843,0.928710,0.804104,0.681140,0.030118,0.769804,0.541342,0.067915],
[0.604841,0.612422,0.914964,0.960286,0.772106,0.847321,0.045188,0.704172,0.013865,0.144291,0.310546,0.760193,0.748620,0.848270,0.242732,0.941797,0.529472,0.137466,0.186995,0.880911,0.404130,0.345539,0.082133,0.217973,0.274249,0.886236,0.899112,0.304367,0.656041,0.440454],
[0.372282,0.260881,0.052876,0.287246,0.221167,0.824982,0.134567,0.266356,0.529154,0.148432,0.410647,0.839699,0.908624,0.159267,0.687970,0.151356,0.101065,0.217441,0.288822,0.288060,0.098352,0.692952,0.633598,0.180485,0.910925,0.907847,0.066721,0.810037,0.212214,0.722762],
[0.250491,0.584496,0.983643,0.303368,0.871742,0.204810,0.128350,0.006309,0.471166,0.657504,0.154741,0.881813,0.497203,0.063365,0.041080,0.185172,0.214721,0.142144,0.402614,0.503544,0.430204,0.500966,0.196496,0.063802,0.681451,0.107420,0.971649,0.748172,0.917457,0.183863],
[0.470933,0.167949,0.768360,0.454576,0.471316,0.640102,0.659387,0.599666,0.646411,0.130553,0.257170,0.801151,0.012365,0.754373,0.864516,0.053445,0.939545,0.079238,0.195590,0.342159,0.582781,0.625794,0.843125,0.779277,0.689596,0.524575,0.886697,0.661245,0.272747,0.804155],
[0.845109,0.743680,0.972103,0.613468,0.198257,0.443420,0.253570,0.857643,0.043086,0.899981,0.988196,0.300255,0.701132,0.000561,0.054628,0.565648,0.054007,0.994173,0.644886,0.249596,0.336332,0.227668,0.875390,0.179457,0.006945,0.564986,0.704032,0.893642,0.226232,0.976779],
[0.697796,0.071340,0.720459,0.669900,0.684809,0.918715,0.113319,0.938379,0.776359,0.156405,0.838359,0.764555,0.456661,0.539491,0.765116,0.511289,0.105139,0.819122,0.505462,0.750025,0.068719,0.841794,0.977693,0.944109,0.021251,0.984638,0.509095,0.725282,0.878280,0.735326],
[0.702061,0.576076,0.806667,0.422520,0.245976,0.491476,0.341235,0.359295,0.429855,0.117594,0.515700,0.268214,0.882148,0.972361,0.807705,0.647264,0.483650,0.912845,0.466387,0.989112,0.662870,0.535105,0.830905,0.640563,0.479214,0.852156,0.625201,0.988309,0.577438,0.503480],
[0.723635,0.279499,0.079556,0.530302,0.702019,0.325532,0.021778,0.043254,0.684827,0.451633,0.160848,0.200527,0.719847,0.042996,0.172888,0.527552,0.690260,0.656538,0.440397,0.156647,0.645649,0.103267,0.691752,0.476555,0.743830,0.170966,0.328711,0.369031,0.159275,0.906149],
[0.872512,0.882911,0.185649,0.952068,0.413213,0.887668,0.277600,0.434991,0.930922,0.962427,0.886624,0.091770,0.162955,0.606471,0.134766,0.335843,0.134023,0.825027,0.992381,0.574420,0.981674,0.638030,0.677687,0.673426,0.114585,0.421517,0.844392,0.443296,0.790549,0.003668],
[0.349445,0.663060,0.886579,0.535094,0.615129,0.299792,0.422761,0.892729,0.734783,0.353683,0.855156,0.621407,0.445454,0.018111,0.227878,0.580220,0.353954,0.361901,0.405247,0.346335,0.936321,0.386920,0.984365,0.614008,0.060346,0.098950,0.035525,0.904739,0.542246,0.826074],
[0.908406,0.891691,0.489134,0.794985,0.426785,0.104263,0.094777,0.849546,0.996991,0.829561,0.203230,0.852148,0.450968,0.648683,0.870259,0.678846,0.228903,0.224213,0.040747,0.634150,0.570548,0.977068,0.021070,0.554914,0.591076,0.081416,0.653864,0.626601,0.986155,0.196110],
[0.452675,0.894561,0.087802,0.941809,0.689547,0.514587,0.046071,0.784324,0.364133,0.043063,0.613885,0.567363,0.895211,0.064853,0.216046,0.765470,0.743699,0.444950,0.989683,0.784446,0.079099,0.560231,0.761514,0.100169,0.115145,0.352590,0.181586,0.769009,0.979191,0.167740],
[0.965119,0.431866,0.062302,0.052921,0.373675,0.751848,0.567508,0.419746,0.536172,0.931641,0.462809,0.150057,0.499004,0.358020,0.214909,0.715050,0.123489,0.958608,0.160000,0.113172,0.743054,0.239099,0.673403,0.504569,0.339268,0.788548,0.857159,0.520854,0.557556,0.836350],
[0.688594,0.522676,0.268216,0.750896,0.575596,0.641891,0.502744,0.143104,0.061637,0.038916,0.074745,0.524446,0.188973,0.573748,0.882465,0.403882,0.288798,0.005954,0.362490,0.448798,0.119126,0.105545,0.687897,0.792529,0.610113,0.027165,0.581077,0.467272,0.548019,0.138633],
[0.303622,0.236613,0.661309,0.571838,0.987509,0.236905,0.213728,0.490253,0.380009,0.275365,0.529169,0.454754,0.799811,0.718142,0.028502,0.682276,0.122024,0.317301,0.688230,0.484514,0.766099,0.807356,0.590059,0.453996,0.599885,0.200172,0.481161,0.180962,0.667444,0.029179],
[0.319595,0.971066,0.265792,0.980903,0.542904,0.253301,0.217808,0.756632,0.743554,0.597817,0.031997,0.272722,0.052571,0.831808,0.990864,0.081073,0.514084,0.112888,0.398374,0.202313,0.597402,0.164473,0.009669,0.187461,0.618469,0.609554,0.387633,0.099629,0.790516,0.055077],
[0.128809,0.110111,0.026143,0.394601,0.091014,0.569047,0.647902,0.308822,0.325679,0.391456,0.906640,0.357676,0.664178,0.959211,0.189484,0.655042,0.040284,0.703568,0.767930,0.438658,0.905881,0.365332,0.603131,0.915551,0.552792,0.221600,0.525105,0.940425,0.321229,0.315621],
[0.995501,0.450038,0.425732,0.021644,0.844639,0.516746,0.590690,0.492542,0.825568,0.916369,0.883998,0.732208,0.274046,0.548176,0.691418,0.463530,0.203218,0.731702,0.167097,0.971148,0.170361,0.072979,0.336479,0.773492,0.988529,0.889271,0.995092,0.513634,0.829696,0.316322],
[0.829255,0.825197,0.766360,0.254987,0.846841,0.610999,0.771733,0.437532,0.103541,0.597301,0.353901,0.987539,0.329508,0.627947,0.535714,0.020927,0.091476,0.738932,0.752629,0.258574,0.710080,0.922990,0.331552,0.046559,0.696482,0.320081,0.935830,0.691574,0.833715,0.765527],
[0.007896,0.662970,0.590724,0.774256,0.917957,0.437565,0.385255,0.689690,0.875097,0.488796,0.286991,0.228998,0.476334,0.616500,0.856944,0.012049,0.637426,0.948420,0.750981,0.390056,0.206994,0.461060,0.313045,0.538546,0.507619,0.009528,0.858628,0.443450,0.701102,0.692343],
[0.208976,0.708997,0.355313,0.799700,0.483253,0.273271,0.237265,0.868508,0.962961,0.112362,0.357304,0.249952,0.341359,0.833638,0.866452,0.198304,0.845686,0.503878,0.146724,0.596667,0.893934,0.353718,0.057727,0.206979,0.892265,0.565347,0.216507,0.750892,0.008796,0.917608],
[0.443235,0.217772,0.626606,0.798549,0.017473,0.109859,0.071820,0.254738,0.978366,0.034781,0.367100,0.335670,0.284733,0.708459,0.169308,0.151185,0.906763,0.014994,0.655063,0.053487,0.611661,0.548996,0.407205,0.669388,0.755975,0.299469,0.234735,0.972482,0.050361,0.243531],
[0.890090,0.493597,0.461304,0.516696,0.292145,0.478776,0.626555,0.363965,0.733514,0.604921,0.398745,0.100614,0.940591,0.683478,0.809073,0.109899,0.834663,0.715835,0.124893,0.489726,0.769322,0.736554,0.038722,0.176527,0.405943,0.794697,0.475996,0.640678,0.767179,0.526358],
[0.884209,0.657270,0.019954,0.345513,0.173966,0.312099,0.824289,0.800520,0.676064,0.557803,0.405441,0.074810,0.658417,0.346033,0.758288,0.467490,0.455932,0.592951,0.183325,0.580825,0.082676,0.952647,0.317379,0.121399,0.129174,0.723322,0.916096,0.605170,0.363999,0.683275],
[0.131527,0.248208,0.340545,0.151482,0.593721,0.514511,0.463581,0.418010,0.315031,0.139645,0.975813,0.720473,0.214455,0.634230,0.066505,0.972743,0.101720,0.522437,0.565693,0.285045,0.103261,0.648370,0.237692,0.420640,0.769768,0.366865,0.143962,0.685864,0.972035,0.507961],
[0.369140,0.103563,0.756170,0.709685,0.255044,0.349891,0.224195,0.718625,0.767901,0.539226,0.858271,0.743714,0.259699,0.072725,0.377944,0.326204,0.045468,0.479663,0.848641,0.611161,0.764708,0.951902,0.259531,0.002400,0.372542,0.029300,0.369265,0.516504,0.715164,0.341300],
[0.024465,0.084304,0.444863,0.780635,0.793988,0.699908,0.130526,0.018183,0.418533,0.898426,0.557410,0.276804,0.642140,0.817109,0.349529,0.020084,0.143313,0.394997,0.499747,0.991953,0.006158,0.264455,0.943855,0.265689,0.266855,0.316397,0.294989,0.636120,0.832901,0.010153],
[0.977420,0.857367,0.094456,0.422283,0.638002,0.888444,0.122191,0.768527,0.906628,0.540724,0.666953,0.464038,0.817527,0.309093,0.281146,0.167056,0.329177,0.424459,0.562053,0.828924,0.416412,0.568211,0.093379,0.360267,0.833901,0.360234,0.676664,0.128890,0.996354,0.509566],
[0.139043,0.973774,0.366932,0.233499,0.396057,0.004934,0.121943,0.518248,0.773461,0.028571,0.058971,0.440414,0.492609,0.876499,0.749508,0.773755,0.043555,0.078685,0.198214,0.605608,0.907609,0.614626,0.173820,0.000988,0.974893,0.007720,0.361222,0.651557,0.136610,0.357576]],
[[0.161123,0.275653,0.331350,0.528055,0.509152,0.727407,0.532989,0.631095,0.245655,0.306450,0.659666,0.304626,0.746864,0.152275,0.181125,0.496372,0.926030,0.224680,0.575057,0.124244,0.830288,0.482666,0.738870,0.004107,0.483654,0.713763,0.011828,0.844876,0.365320,0.148438],
[0.202452,0.526443,0.424091,0.533802,0.054498,0.933242,0.261209,0.587487,0.564337,0.506864,0.893936,0.224003,0.811490,0.640800,0.376278,0.992614,0.137172,0.302308,0.217294,0.712229,0.426553,0.047581,0.194894,0.165423,0.051689,0.678548,0.879186,0.063517,0.523424,0.244506],
[0.211955,0.725877,0.770949,0.636046,0.259679,0.825447,0.569288,0.520888,0.412934,0.133625,0.027752,0.306870,0.357628,0.839242,0.947670,0.733906,0.831856,0.084843,0.036215,0.049150,0.797072,0.462767,0.096731,0.991966,0.628190,0.148420,0.670514,0.507376,0.211937,0.193938],
[0.751882,0.423891,0.919815,0.522831,0.059937,0.179494,0.348278,0.629225,0.700383,0.761212,0.762850,0.728135,0.068082,0.120478,0.567377,0.015752,0.854384,0.399232,0.100595,0.890598,0.448382,0.897667,0.353366,0.545113,0.889632,0.981556,0.693533,0.560146,0.488932,0.905470],
[0.754085,0.240814,0.329361,0.673900,0.763645,0.389298,0.853394,0.111923,0.018523,0.553776,0.873135,0.781372,0.281911,0.941217,0.901850,0.849288,0.956969,0.756234,0.248520,0.057564,0.646832,0.696902,0.955231,0.000198,0.242015,0.844863,0.981754,0.935548,0.405010,0.470685],
[0.841018,0.159094,0.711499,0.170379,0.832994,0.475144,0.559677,0.686388,0.587067,0.578199,0.240164,0.460202,0.359572,0.522075,0.401418,0.261421,0.371363,0.358388,0.017655,0.619884,0.415952,0.664487,0.316786,0.371183,0.664685,0.558801,0.216046,0.646439,0.494350,0.621055],
[0.117124,0.335367,0.780150,0.828623,0.505746,0.613143,0.303766,0.065423,0.299531,0.890833,0.643622,0.539695,0.351034,0.003194,0.061770,0.752453,0.264615,0.433134,0.110840,0.282270,0.053017,0.526792,0.946758,0.369803,0.897975,0.611443,0.928604,0.114021,0.257881,0.422954],
[0.735076,0.375005,0.758321,0.515226,0.203628,0.264068,0.128369,0.507394,0.329491,0.427900,0.398227,0.973113,0.967595,0.749261,0.976307,0.029365,0.501714,0.240922,0.462499,0.612554,0.523193,0.515516,0.139347,0.469950,0.885319,0.037321,0.081393,0.813923,0.151342,0.339275],
[0.236877,0.886419,0.714280,0.995198,0.401644,0.917908,0.259266,0.530013,0.425302,0.588756,0.957913,0.823529,0.561869,0.925508,0.572790,0.538176,0.954873,0.074504,0.779098,0.417372,0.687059,0.302291,0.932888,0.826405,0.772241,0.818207,0.863727,0.853634,0.632130,0.015069],
[0.192909,0.869007,0.901488,0.907189,0.864205,0.303132,0.825097,0.123471,0.833145,0.250399,0.712227,0.791058,0.073928,0.274097,0.716566,0.646718,0.812273,0.671440,0.721222,0.591371,0.088812,0.408281,0.893662,0.021700,0.234686,0.665904,0.839906,0.098412,0.519538,0.472036],
[0.113481,0.712447,0.341042,0.014969,0.619636,0.205247,0.318101,0.444733,0.328718,0.151246,0.695132,0.040945,0.942304,0.769059,0.315041,0.658871,0.415777,0.127314,0.330310,0.136999,0.718685,0.419122,0.545280,0.612348,0.440822,0.779965,0.278252,0.280728,0.878378,0.797790],
[0.752764,0.991859,0.510237,0.093806,0.006828,0.129874,0.299053,0.324929,0.574607,0.627771,0.476175,0.269739,0.668715,0.418479,0.038798,0.983757,0.077350,0.454575,0.111071,0.407660,0.591574,0.829756,0.826782,0.136853,0.442104,0.267603,0.916819,0.720356,0.548331,0.795196],
[0.518146,0.301095,0.787056,0.028383,0.394901,0.793884,0.158257,0.693954,0.118813,0.732864,0.321724,0.594988,0.002602,0.990440,0.013467,0.041400,0.974197,0.090816,0.495975,0.085267,0.498476,0.087549,0.915024,0.325258,0.224403,0.357128,0.592861,0.141221,0.077484,0.141192],
[0.936418,0.595630,0.442287,0.723473,0.624014,0.837188,0.517357,0.782271,0.531141,0.636170,0.515135,0.852865,0.231158,0.517737,0.843305,0.244625,0.559137,0.817502,0.335441,0.055112,0.902769,0.833917,0.142661,0.817793,0.159175,0.367063,0.174921,0.752036,0.508285,0.252406],
[0.893228,0.444702,0.848036,0.335515,0.168176,0.472050,0.172703,0.685533,0.254321,0.703844,0.321703,0.769455,0.556709,0.552861,0.287192,0.400014,0.797486,0.846329,0.217516,0.132927,0.901441,0.120285,0.966844,0.044102,0.938078,0.126019,0.411165,0.112999,0.878055,0.919450],
[0.365405,0.771284,0.364152,0.213441,0.106799,0.532328,0.685491,0.279502,0.217861,0.939812,0.983346,0.539564,0.709267,0.540055,0.092425,0.996459,0.940070,0.889911,0.842787,0.157586,0.022839,0.744228,0.277871,0.989683,0.788329,0.215949,0.115702,0.199494,0.328948,0.993758],
[0.118944,0.694353,0.765042,0.483096,0.907795,0.871841,0.015424,0.593286,0.151343,0.233285,0.533097,0.134689,0.772849,0.242364,0.674744,0.865274,0.238822,0.614814,0.755186,0.081610,0.772399,0.778024,0.825838,0.050270,0.767707,0.614167,0.266219,0.883410,0.813661,0.595167],
[0.877168,0.932605,0.289521,0.642209,0.415701,0.197315,0.514050,0.431125,0.790601,0.665393,0.664409,0.323698,0.800081,0.437258,0.566062,0.474825,0.302532,0.804884,0.089639,0.057718,0.886494,0.862038,0.835742,0.712332,0.912308,0.603449,0.326499,0.178527,0.486859,0.140160],
[0.773694,0.364027,0.072765,0.063215,0.006236,0.488467,0.260530,0.520286,0.919592,0.051131,0.185679,0.584001,0.374829,0.985760,0.021259,0.940891,0.460585,0.323791,0.745776,0.550224,0.381509,0.632270,0.412262,0.217251,0.344602,0.324570,0.820700,0.671100,0.503097,0.307559],
[0.811261,0.276791,0.671586,0.884026,0.340006,0.677822,0.372492,0.600536,0.198107,0.292084,0.651667,0.383786,0.876085,0.026496,0.369546,0.897344,0.967387,0.830131,0.221135,0.713163,0.380355,0.602645,0.345433,0.792618,0.819896,0.690034,0.117188,0.640596,0.361135,0.620285],
[0.948155,0.172395,0.897076,0.619741,0.056421,0.237082,0.297563,0.428914,0.837618,0.495670,0.720998,0.489285,0.879456,0.597083,0.515782,0.249002,0.494427,0.483169,0.079133,0.715562,0.196332,0.459489,0.318207,0.541765,0.252106,0.138102,0.231799,0.369294,0.778698,0.592934],
[0.989579,0.726853,0.765330,0.886656,0.346595,0.821751,0.123738,0.644157,0.250664,0.961356,0.139827,0.971662,0.450641,0.019283,0.568745,0.966423,0.268285,0.063171,0.449592,0.347418,0.778734,0.645924,0.806907,0.096940,0.187689,0.059013,0.235043,0.419489,0.428307,0.013741],
[0.012423,0.417887,0.740594,0.777752,0.304542,0.087189,0.599503,0.428280,0.731346,0.850168,0.389636,0.871173,0.821830,0.840277,0.890457,0.390574,0.806700,0.158742,0.453746,0.256293,0.506160,0.232480,0.902217,0.313067,0.329420,0.089906,0.372080,0.564463,0.509395,0.800387],
[0.578203,0.521818,0.218274,0.318798,0.299570,0.522816,0.405987,0.899074,0.951096,0.137333,0.749241,0.340731,0.008506,0.571071,0.181008,0.898963,0.961646,0.987709,0.057705,0.415391,0.244001,0.563865,0.647871,0.146218,0.876932,0.977291,0.236124,0.249011,0.541753,0.745520],
[0.049399,0.119957,0.267338,0.267672,0.438755,0.566908,0.790488,0.844741,0.465982,0.741584,0.982074,0.215223,0.082315,0.990580,0.786294,0.263324,0.889543,0.747940,0.251032,0.947247,0.163331,0.495034,0.511112,0.811202,0.641252,0.388043,0.788493,0.877376,0.637055,0.330247],
[0.622896,0.686453,0.450203,0.890233,0.954126,0.888958,0.457141,0.744614,0.733699,0.923123,0.486198,0.715773,0.138346,0.568513,0.706353,0.924640,0.831837,0.595896,0.672580,0.082869,0.543143,0.835911,0.577903,0.054254,0.647114,0.219154,0.442297,0.435607,0.096530,0.079352],
[0.765853,0.719426,0.765805,0.216057,0.609660,0.719931,0.105015,0.066801,0.464545,0.838714,0.989924,0.950742,0.554487,0.128270,0.519255,0.260840,0.052911,0.351092,0.856736,0.725491,0.433961,0.399878,0.561402,0.011864,0.454133,0.208516,0.231018,0.896430,0.644123,0.327548],
[0.975782,0.409976,0.046974,0.741587,0.626032,0.656634,0.461518,0.731047,0.723435,0.926063,0.569761,0.713359,0.876806,0.124248,0.841629,0.396061,0.385089,0.894540,0.747153,0.241825,0.620031,0.181114,0.641703,0.181433,0.192977,0.095836,0.389949,0.423995,0.992266,0.034072],
[0.751544,0.968048,0.444048,0.798518,0.709636,0.070080,0.455152,0.171154,0.801127,0.178587,0.097217,0.370888,0.891946,0.974023,0.495137,0.733575,0.370084,0.880225,0.628115,0.117237,0.122050,0.248146,0.298351,0.763753,0.429579,0.491328,0.859589,0.819529,0.915323,0.851855],
[0.853600,0.666867,0.819903,0.297648,0.465385,0.529539,0.367728,0.920537,0.700693,0.168855,0.099124,0.797910,0.539744,0.991070,0.771933,0.034880,0.724646,0.142016,0.915106,0.352761,0.259253,0.037156,0.600907,0.557604,0.800909,0.030487,0.048932,0.660498,0.850015,0.964255]],
[[0.512353,0.703616,0.631122,0.332256,0.001264,0.096507,0.861795,0.368992,0.017044,0.562487,0.537847,0.116168,0.360397,0.077591,0.107239,0.132330,0.112471,0.831885,0.274346,0.027577,0.184646,0.533599,0.064733,0.785554,0.091203,0.865642,0.816040,0.140134,0.526140,0.666056],
[0.104389,0.038493,0.369672,0.735511,0.370749,0.370935,0.832018,0.232543,0.739927,0.849062,0.795031,0.277774,0.965231,0.155428,0.355365,0.072470,0.287758,0.467836,0.904355,0.562104,0.495414,0.089001,0.095703,0.560147,0.874554,0.186906,0.425789,0.690595,0.327040,0.951929],
[0.356650,0.431429,0.990422,0.726322,0.166940,0.361170,0.097257,0.998958,0.593714,0.837185,0.848021,0.388744,0.114959,0.813252,0.544172,0.470324,0.885722,0.831930,0.938160,0.790076,0.394034,0.433574,0.879077,0.489737,0.993721,0.753631,0.676643,0.419509,0.444226,0.003683],
[0.371438,0.800876,0.435112,0.361859,0.527198,0.602052,0.723030,0.624455,0.601011,0.316743,0.461640,0.449032,0.705488,0.576599,0.262283,0.249660,0.046923,0.148005,0.081590,0.985084,0.938081,0.475625,0.418658,0.817158,0.965362,0.412378,0.570789,0.642005,0.831888,0.015015],
[0.645688,0.203326,0.815891,0.080800,0.565185,0.343089,0.682852,0.288215,0.967545,0.283862,0.604958,0.429185,0.732894,0.310446,0.005784,0.995177,0.560106,0.052707,0.143182,0.641696,0.037791,0.081264,0.117321,0.456448,0.898422,0.082683,0.868827,0.469211,0.724688,0.700714],
[0.484226,0.370376,0.904040,0.300117,0.451175,0.469225,0.643207,0.134027,0.757440,0.610751,0.417889,0.362398,0.039936,0.150783,0.672844,0.045720,0.145960,0.232949,0.098427,0.289142,0.874646,0.136218,0.370406,0.991967,0.592666,0.268828,0.074649,0.461493,0.738039,0.799337],
[0.162207,0.222265,0.169713,0.066247,0.522383,0.620888,0.535472,0.165589,0.754915,0.292912,0.776340,0.172804,0.655310,0.816276,0.323587,0.328153,0.861996,0.469547,0.561103,0.960423,0.758689,0.435748,0.096641,0.129095,0.427715,0.689307,0.397923,0.502364,0.150800,0.135961],
[0.301701,0.313007,0.358227,0.471414,0.379254,0.880609,0.092303,0.914726,0.046198,0.847218,0.207638,0.822539,0.020022,0.862948,0.638815,0.343609,0.191101,0.500811,0.813157,0.752204,0.461234,0.571846,0.187952,0.557874,0.700941,0.615667,0.247181,0.098864,0.118031,0.397981],
[0.234825,0.419733,0.710988,0.593052,0.891147,0.090242,0.473661,0.983450,0.004968,0.519859,0.830668,0.212607,0.342398,0.850690,0.075555,0.981212,0.194299,0.266657,0.482023,0.007455,0.018861,0.943257,0.579301,0.206813,0.501132,0.280242,0.822480,0.748313,0.379106,0.940511],
[0.146294,0.613931,0.360244,0.857281,0.206982,0.251391,0.947523,0.680643,0.234840,0.952492,0.200502,0.065508,0.165099,0.542900,0.916198,0.240654,0.524112,0.110496,0.507311,0.006135,0.117952,0.526171,0.949393,0.697253,0.732984,0.450524,0.977495,0.555464,0.198837,0.356601],
[0.495975,0.345131,0.970532,0.856219,0.202412,0.177514,0.107609,0.149936,0.858157,0.342450,0.102428,0.058659,0.407958,0.267527,0.601559,0.324155,0.508181,0.125671,0.434651,0.015491,0.131807,0.552603,0.541662,0.081199,0.249856,0.274646,0.531723,0.227352,0.830110,0.730560],
[0.583953,0.326085,0.075691,0.554485,0.182304,0.278103,0.731999,0.289913,0.428039,0.590156,0.632363,0.530466,0.648816,0.040321,0.797993,0.250375,0.364476,0.306173,0.376046,0.799127,0.321665,0.507852,0.351731,0.863327,0.589051,0.601587,0.137973,0.120774,0.828939,0.968084],
[0.851335,0.412892,0.294169,0.927025,0.967377,0.476473,0.205128,0.699375,0.766387,0.633167,0.289532,0.398750,0.163634,0.938347,0.439071,0.961626,0.188722,0.803547,0.267800,0.564768,0.602674,0.589465,0.072620,0.954404,0.452791,0.661672,0.555992,0.590765,0.782446,0.384930],
[0.558849,0.633781,0.797822,0.853018,0.560806,0.765199,0.329491,0.765935,0.464574,0.095878,0.399102,0.754106,0.494628,0.562735,0.692453,0.933699,0.524362,0.881175,0.737246,0.792162,0.445943,0.339920,0.381626,0.518563,0.294324,0.834418,0.180235,0.850316,0.425182,0.962681],
[0.235246,0.984031,0.596461,0.033068,0.837049,0.157267,0.798267,0.166540,0.923202,0.262841,0.262419,0.322304,0.016947,0.757047,0.885039,0.709400,0.690746,0.409401,0.590575,0.427992,0.201563,0.036518,0.767912,0.583189,0.555081,0.062235,0.417606,0.735315,0.912551,0.842789],
[0.697996,0.147797,0.826820,0.294457,0.180865,0.663869,0.451725,0.979132,0.830410,0.374926,0.241973,0.092828,0.697230,0.258919,0.849875,0.582269,0.968319,0.540622,0.991670,0.558894,0.968614,0.193233,0.595411,0.736525,0.776422,0.150492,0.798761,0.194028,0.885807,0.711312],
[0.036817,0.583803,0.859109,0.863637,0.878260,0.039974,0.527506,0.329985,0.019105,0.357915,0.704912,0.261078,0.450744,0.402142,0.519997,0.300619,0.984411,0.488316,0.841241,0.976081,0.047210,0.809855,0.169314,0.642621,0.546380,0.945735,0.793113,0.345140,0.139763,0.678921],
[0.056452,0.176580,0.262724,0.915561,0.040217,0.140984,0.955534,0.567723,0.470970,0.974640,0.925639,0.175881,0.235717,0.376382,0.578023,0.755715,0.677002,0.562434,0.244031,0.518242,0.538515,0.291240,0.328097,0.707829,0.933862,0.874477,0.653564,0.726975,0.219617,0.793328],
[0.405895,0.276069,0.969908,0.668619,0.191630,0.010125,0.809604,0.147164,0.577848,0.280573,0.121803,0.503487,0.456454,0.357521,0.879869,0.034477,0.113235,0.556871,0.596911,0.357266,0.075113,0.135426,0.648506,0.403210,0.843255,0.582368,0.277686,0.496819,0.309343,0.497303],
[0.290147,0.715238,0.773372,0.260055,0.383858,0.965002,0.270180,0.193462,0.112166,0.848028,0.474035,0.233969,0.351515,0.930490,0.591490,0.231384,0.964967,0.704725,0.788254,0.561878,0.061991,0.863367,0.697304,0.710498,0.266577,0.540559,0.292866,0.544264,0.037378,0.602208],
[0.041567,0.327525,0.317447,0.814939,0.587580,0.701304,0.779941,0.857760,0.894766,0.892107,0.705788,0.368801,0.126075,0.057303,0.299291,0.717565,0.288687,0.264258,0.422290,0.076941,0.826136,0.484281,0.940308,0.523440,0.194779,0.206886,0.063999,0.487644,0.751149,0.101377],
[0.089853,0.792716,0.428902,0.407299,0.607656,0.016482,0.108604,0.387597,0.874242,0.003370,0.279703,0.580029,0.372171,0.405779,0.637332,0.671462,0.123344,0.926019,0.935720,0.545634,0.002960,0.761855,0.029915,0.943268,0.285295,0.224694,0.150154,0.349294,0.712338,0.901303],
[0.450670,0.802190,0.694020,0.879572,0.209489,0.301675,0.896054,0.318093,0.689272,0.770295,0.321463,0.968975,0.350325,0.693634,0.374754,0.987657,0.365095,0.498097,0.913676,0.300815,0.043731,0.916635,0.062670,0.073646,0.859904,0.347965,0.298340,0.010058,0.697259,0.010678],
[0.911361,0.147929,0.812868,0.605381,0.027501,0.022357,0.907057,0.923555,0.340450,0.596328,0.693850,0.661913,0.565304,0.044175,0.355547,0.940057,0.031831,0.720642,0.438155,0.945507,0.021457,0.481886,0.862142,0.084127,0.555532,0.722046,0.432093,0.853872,0.732104,0.129351],
[0.864550,0.643466,0.277280,0.677418,0.248847,0.304781,0.699775,0.155903,0.228336,0.040226,0.752232,0.922186,0.702139,0.317535,0.966361,0.057686,0.257593,0.998192,0.778328,0.695748,0.943699,0.799785,0.177634,0.805841,0.883913,0.733166,0.527888,0.316005,0.587039,0.259992],
[0.445356,0.451589,0.903457,0.722637,0.129006,0.152304,0.027418,0.828782,0.308207,0.255754,0.869008,0.060439,0.177940,0.571147,0.377974,0.144301,0.628832,0.635567,0.142493,0.407160,0.331315,0.086192,0.206946,0.508948,0.892033,0.090858,0.242115,0.419921,0.406863,0.829153],
[0.679912,0.852220,0.280742,0.583369,0.574856,0.409748,0.735673,0.602274,0.238530,0.043880,0.858029,0.107538,0.104319,0.035969,0.678684,0.482293,0.180270,0.307517,0.117860,0.322763,0.714677,0.449175,0.408955,0.921622,0.958123,0.300988,0.012480,0.200238,0.720908,0.419344],
[0.029392,0.400820,0.271563,0.310134,0.984190,0.846419,0.719882,0.719863,0.448694,0.958412,0.763743,0.306722,0.065950,0.868062,0.342691,0.744634,0.350356,0.522961,0.052151,0.468216,0.845724,0.766827,0.917391,0.254678,0.688450,0.875514,0.555666,0.700930,0.075753,0.276574],
[0.120274,0.105144,0.677394,0.391837,0.415278,0.661584,0.238257,0.135160,0.381447,0.686950,0.093572,0.145191,0.993673,0.159522,0.013253,0.336364,0.904156,0.363609,0.859325,0.956307,0.831825,0.705049,0.723134,0.749216,0.959728,0.411584,0.624730,0.515394,0.112514,0.700483],
[0.791968,0.232788,0.805628,0.469362,0.624626,0.220906,0.130946,0.862882,0.356066,0.512394,0.549833,0.449638,0.657584,0.543506,0.609160,0.670837,0.879870,0.513317,0.034446,0.739196,0.469623,0.866271,0.444245,0.192758,0.615487,0.403973,0.604342,0.240217,0.919366,0.716856]]];

c=[[7,6,8,4,10,1,4,7,8,7,10,10,3,3,3,8,6,1,9,10,3,8,6,1,8,6,9,3,5,8],
[7,3,5,6,8,4,9,3,2,6,9,1,7,3,6,1,3,1,1,1,1,4,1,6,6,8,3,6,3,9],
[5,9,3,1,6,10,5,6,4,6,2,4,9,10,7,6,3,9,6,3,1,8,8,3,5,6,3,9,1,5],
[7,8,5,9,8,10,10,4,6,3,2,9,9,2,10,7,7,2,7,4,7,9,4,6,2,8,1,4,7,4],
[8,5,3,2,4,10,3,5,4,10,10,5,8,8,6,10,4,4,3,10,7,1,8,10,7,9,10,9,4,8],
[4,1,2,6,4,5,6,7,2,1,6,1,7,6,8,4,7,1,7,9,2,5,10,1,7,8,10,8,8,5],
[5,2,8,6,9,1,3,6,7,4,6,5,4,4,2,3,7,8,5,5,8,6,10,9,6,8,6,7,5,4],
[4,9,7,1,6,5,1,8,1,10,3,8,4,8,2,5,10,10,4,6,5,1,1,6,10,9,3,7,7,9],
[2,10,7,8,10,4,5,3,4,7,2,6,6,7,6,9,3,7,9,6,3,5,8,5,10,7,5,4,4,2],
[2,7,3,10,5,3,3,1,5,6,9,8,4,4,4,9,3,6,5,3,1,7,7,8,4,6,7,8,1,2],
[9,2,8,2,1,4,6,5,6,2,1,4,1,6,8,4,4,2,9,10,4,1,7,2,10,2,9,6,9,9],
[9,8,10,9,1,10,2,8,6,10,1,6,3,1,1,2,4,6,3,4,6,8,6,4,9,5,5,9,3,3],
[7,3,2,6,1,4,7,5,1,3,4,3,10,6,3,1,10,8,8,4,3,3,2,8,6,2,5,2,3,9],
[5,9,1,6,5,2,2,3,6,4,5,1,7,5,6,1,7,7,1,4,1,3,9,4,3,6,7,9,8,9],
[7,2,8,7,9,4,8,10,6,5,6,3,5,2,9,3,2,5,9,4,10,1,9,10,4,1,6,3,9,3],
[1,5,4,10,1,4,3,1,6,1,7,1,3,2,4,1,6,7,7,6,1,6,7,9,6,10,9,1,4,9],
[5,5,5,10,4,7,3,9,7,10,9,6,10,1,7,3,3,2,2,9,7,2,6,5,10,1,7,10,3,10],
[8,9,4,4,8,10,10,1,10,9,2,8,4,4,10,2,8,2,5,9,10,1,10,5,8,9,8,4,10,2],
[3,9,1,9,2,10,10,2,2,9,2,4,8,5,7,7,8,4,10,2,3,1,4,4,7,1,5,6,4,4],
[10,7,3,2,7,6,1,6,9,3,6,10,6,3,6,4,1,3,9,10,4,3,2,8,7,8,8,1,4,4],
[6,3,2,8,4,8,6,6,5,4,8,10,4,5,2,1,10,2,4,9,3,9,1,4,6,7,3,6,9,8],
[9,5,2,2,4,7,9,9,3,3,5,10,2,8,7,5,10,6,6,3,4,10,4,7,5,9,5,7,6,4],
[7,6,10,8,7,5,5,5,6,7,9,10,8,2,9,6,6,8,2,3,3,7,2,6,3,6,6,8,5,2],
[3,1,9,4,8,6,10,4,2,7,10,3,8,10,4,6,5,10,6,8,2,8,5,6,5,7,3,10,6,7],
[3,10,9,2,3,9,9,5,2,2,1,4,4,9,3,10,6,9,9,1,7,2,10,1,9,4,9,2,6,5],
[10,8,6,9,1,9,7,1,5,10,3,5,3,8,3,7,7,1,6,7,1,2,9,3,2,9,8,2,10,3],
[6,2,3,2,10,5,2,8,6,6,9,10,2,2,7,7,10,4,7,5,10,9,6,10,1,9,9,9,1,10],
[1,8,1,5,1,2,10,4,9,7,1,10,6,3,1,2,1,10,5,7,7,7,5,4,6,8,5,6,6,5],
[6,8,4,6,5,7,10,4,2,8,10,3,9,7,7,1,8,7,1,5,3,9,1,9,2,8,6,6,4,3],
[2,1,3,8,8,7,4,7,10,5,7,1,9,5,7,5,6,6,3,8,10,7,6,2,6,9,2,3,5,7],
];
