m=40;
n=40;
p=3;
q=3;

alpha=[0.775580,0.555158,0.819611,0.634393,0.534668,0.625703];

proba=[[[0.506803,0.912260,0.695952,0.212701,0.387768,0.132588,0.361036,0.640070,0.245894,0.397066,0.244010,0.422635,0.431776,0.673982,0.232075,0.809972,0.370448,0.412400,0.185337,0.704723,0.437219,0.228242,0.209446,0.971986,0.765711,0.760607,0.082302,0.404932,0.029393,0.151638,0.656339,0.536196,0.063898,0.352292,0.748897,0.451666,0.484880,0.109933,0.091736,0.730774],
[0.506998,0.335746,0.153410,0.938775,0.009727,0.385484,0.748747,0.380175,0.797884,0.934084,0.084898,0.235104,0.162326,0.294345,0.207089,0.928038,0.054951,0.289391,0.332970,0.084344,0.441029,0.989309,0.620540,0.504927,0.341601,0.369438,0.956593,0.826481,0.479370,0.048329,0.557256,0.986369,0.384074,0.710665,0.925144,0.393802,0.096150,0.673891,0.773977,0.894034],
[0.607975,0.858875,0.129137,0.770301,0.153220,0.336227,0.698339,0.208171,0.625618,0.031309,0.292516,0.066647,0.020618,0.913056,0.571575,0.362219,0.282494,0.528168,0.188700,0.761864,0.576497,0.745956,0.748233,0.960571,0.456621,0.673376,0.354373,0.552770,0.347267,0.128350,0.446804,0.955242,0.987226,0.575942,0.725543,0.140446,0.912168,0.423881,0.348617,0.537786],
[0.455190,0.641132,0.604434,0.475808,0.554188,0.176008,0.838027,0.836682,0.704176,0.026727,0.598546,0.280673,0.772683,0.346778,0.241245,0.229304,0.020155,0.595618,0.782074,0.367422,0.723968,0.228878,0.322664,0.711194,0.804820,0.048207,0.851640,0.716988,0.472088,0.200256,0.254775,0.927278,0.841389,0.859209,0.403086,0.395577,0.035217,0.241113,0.232259,0.739393],
[0.267840,0.830805,0.020066,0.040523,0.177583,0.261311,0.269827,0.197738,0.856929,0.051901,0.565160,0.580898,0.280780,0.887824,0.292092,0.085600,0.936031,0.143732,0.802588,0.408119,0.343988,0.057363,0.335398,0.185377,0.916572,0.738484,0.580954,0.951788,0.979597,0.813213,0.691181,0.247437,0.644017,0.711248,0.287960,0.821600,0.972559,0.557787,0.019338,0.829488],
[0.609689,0.584498,0.410386,0.890469,0.472322,0.702478,0.976068,0.408353,0.846210,0.778657,0.816472,0.190198,0.836020,0.151870,0.375574,0.752591,0.890354,0.956528,0.704380,0.869951,0.769741,0.395561,0.117388,0.413758,0.106809,0.405348,0.235358,0.079368,0.963136,0.254696,0.908856,0.572825,0.839194,0.319243,0.463293,0.311516,0.021721,0.439362,0.719869,0.867930],
[0.218018,0.536342,0.058128,0.054038,0.688212,0.433702,0.806630,0.578565,0.390230,0.511009,0.448516,0.159970,0.906571,0.565904,0.573728,0.013380,0.971252,0.809086,0.092748,0.934388,0.063782,0.001604,0.507213,0.902977,0.320847,0.970506,0.214493,0.342567,0.409868,0.934362,0.210498,0.627886,0.470704,0.268625,0.681924,0.158916,0.702327,0.488554,0.737481,0.092557],
[0.999563,0.185997,0.252527,0.906134,0.751901,0.826256,0.919514,0.723154,0.635342,0.012262,0.657542,0.699124,0.013866,0.164754,0.602101,0.334713,0.135260,0.816594,0.677280,0.545128,0.750956,0.887778,0.173014,0.221660,0.156403,0.854938,0.380576,0.858731,0.343492,0.118057,0.951288,0.343055,0.304054,0.203815,0.249188,0.055955,0.030071,0.168702,0.779109,0.665412],
[0.180964,0.436651,0.364536,0.194830,0.601405,0.966637,0.529543,0.736665,0.783230,0.206823,0.281793,0.534186,0.094601,0.454807,0.755846,0.251005,0.309745,0.136421,0.109735,0.653237,0.254478,0.061023,0.996292,0.558532,0.264838,0.245480,0.614487,0.294909,0.414182,0.393596,0.960321,0.595146,0.830247,0.324857,0.789976,0.431652,0.291494,0.319518,0.168317,0.074724],
[0.526341,0.450110,0.608910,0.620943,0.904918,0.364756,0.871947,0.214663,0.501177,0.981683,0.867900,0.755656,0.042706,0.864192,0.314187,0.307544,0.109672,0.928675,0.602452,0.523854,0.322271,0.562773,0.118999,0.152517,0.887630,0.908975,0.584169,0.179123,0.228493,0.752486,0.253847,0.754835,0.202596,0.862757,0.375777,0.107514,0.227513,0.247725,0.322177,0.728691],
[0.229407,0.190077,0.484346,0.272113,0.054268,0.798534,0.579657,0.163940,0.727208,0.182109,0.687793,0.049479,0.744882,0.806793,0.201996,0.632511,0.715768,0.786165,0.811635,0.944261,0.538650,0.065482,0.699096,0.741246,0.928239,0.074873,0.848760,0.155753,0.322598,0.170937,0.884444,0.552005,0.361013,0.368790,0.824118,0.415281,0.167324,0.403774,0.579221,0.894532],
[0.585883,0.267014,0.944011,0.330765,0.073807,0.146007,0.963276,0.789575,0.932172,0.774911,0.733836,0.470822,0.840393,0.432932,0.212068,0.768633,0.507804,0.060828,0.924386,0.830402,0.231765,0.808829,0.382407,0.592778,0.177619,0.206525,0.008060,0.344943,0.610299,0.587281,0.239475,0.196182,0.854295,0.183486,0.526947,0.928103,0.329494,0.490224,0.717678,0.261665],
[0.265135,0.451514,0.732488,0.105528,0.884445,0.944556,0.874161,0.392250,0.005384,0.798546,0.222652,0.237149,0.607375,0.605059,0.829928,0.784995,0.811583,0.837988,0.129938,0.421882,0.425269,0.369413,0.618065,0.279564,0.552900,0.145012,0.207667,0.882393,0.635236,0.925344,0.144059,0.900370,0.376858,0.876546,0.005898,0.261304,0.821102,0.880059,0.653553,0.826487],
[0.678605,0.876205,0.063636,0.285981,0.481264,0.893564,0.070975,0.292847,0.731551,0.200913,0.714730,0.156820,0.570326,0.332795,0.436384,0.123226,0.477807,0.644051,0.005619,0.113042,0.569395,0.149677,0.013413,0.946254,0.026224,0.019311,0.207557,0.847326,0.899370,0.861110,0.673812,0.577975,0.737316,0.737448,0.863955,0.218579,0.631012,0.934931,0.511426,0.362563],
[0.135844,0.226156,0.519383,0.706170,0.558951,0.955768,0.829395,0.036757,0.599818,0.835014,0.149800,0.169214,0.984691,0.163212,0.115467,0.010915,0.182523,0.323024,0.858241,0.081893,0.184135,0.532053,0.659868,0.921451,0.269501,0.523823,0.140030,0.900513,0.458754,0.651456,0.263077,0.594598,0.877613,0.782460,0.300767,0.436563,0.738228,0.130163,0.473320,0.338046],
[0.965177,0.623120,0.507260,0.949868,0.786332,0.622727,0.960783,0.968855,0.945752,0.819024,0.050748,0.129887,0.351077,0.710616,0.051337,0.620578,0.234439,0.191367,0.521091,0.693193,0.842824,0.784168,0.287790,0.720436,0.566628,0.588558,0.156999,0.304856,0.718720,0.630320,0.642902,0.683897,0.253440,0.150162,0.633766,0.039772,0.772890,0.594549,0.008627,0.718642],
[0.413573,0.059375,0.848529,0.764650,0.769991,0.899866,0.385228,0.004430,0.091233,0.906319,0.697622,0.934057,0.690487,0.985413,0.654493,0.257116,0.573970,0.811493,0.561971,0.292691,0.441812,0.204874,0.976588,0.695252,0.355036,0.610354,0.735024,0.127925,0.204903,0.743651,0.846567,0.618476,0.803026,0.695095,0.383125,0.573017,0.594961,0.768354,0.577446,0.686195],
[0.674673,0.275069,0.620252,0.365160,0.260481,0.274745,0.622276,0.834452,0.086237,0.184247,0.127143,0.528050,0.389121,0.103731,0.223302,0.744157,0.714085,0.958326,0.872082,0.918987,0.701977,0.718649,0.537463,0.505002,0.413744,0.920588,0.078019,0.008705,0.688942,0.655466,0.694900,0.363615,0.930534,0.315151,0.728775,0.191016,0.589896,0.351051,0.025468,0.676134],
[0.535298,0.152610,0.204183,0.924419,0.256341,0.427485,0.668576,0.970426,0.385811,0.540658,0.889413,0.087787,0.259307,0.426875,0.592790,0.673051,0.347464,0.670809,0.681756,0.036405,0.326275,0.376656,0.400020,0.256809,0.691807,0.128795,0.447825,0.281704,0.479846,0.473293,0.957837,0.015145,0.625903,0.162021,0.939564,0.882244,0.589506,0.608140,0.852669,0.975317],
[0.148798,0.742082,0.063104,0.408105,0.168958,0.655894,0.081155,0.516421,0.326703,0.762911,0.552827,0.652977,0.139567,0.952847,0.909787,0.831375,0.081642,0.357612,0.113078,0.561488,0.830904,0.070916,0.576633,0.456807,0.232937,0.516197,0.339051,0.822442,0.124337,0.191721,0.797759,0.273135,0.933803,0.860863,0.681239,0.102760,0.516757,0.762394,0.619182,0.843460],
[0.525306,0.172008,0.496437,0.664873,0.124855,0.406224,0.496247,0.206497,0.763836,0.609325,0.767985,0.594740,0.680241,0.344618,0.051547,0.913178,0.860814,0.390599,0.735620,0.985151,0.582319,0.533379,0.258286,0.516122,0.394243,0.939525,0.618882,0.911000,0.701920,0.238064,0.754459,0.227225,0.410073,0.250897,0.892098,0.534928,0.657121,0.388345,0.741425,0.420956],
[0.997671,0.509410,0.015696,0.677912,0.854027,0.067244,0.591090,0.714842,0.457842,0.326710,0.699993,0.040162,0.860089,0.958279,0.556284,0.254332,0.897805,0.175166,0.165332,0.599724,0.413230,0.919791,0.826950,0.823303,0.170688,0.719048,0.358230,0.827808,0.107393,0.099655,0.248765,0.105064,0.609065,0.264461,0.782976,0.463092,0.331705,0.374066,0.177934,0.789547],
[0.700776,0.877927,0.829709,0.560865,0.836206,0.385993,0.815197,0.734010,0.561159,0.980529,0.333735,0.974389,0.900320,0.160685,0.797692,0.071008,0.879733,0.155922,0.898816,0.987126,0.255577,0.147581,0.092190,0.864642,0.412042,0.875167,0.327733,0.743747,0.249233,0.505667,0.533294,0.950009,0.383594,0.363003,0.510874,0.219800,0.748996,0.326071,0.953810,0.310154],
[0.306600,0.287545,0.284543,0.206920,0.448230,0.082235,0.277928,0.327963,0.238157,0.176744,0.315089,0.493734,0.324325,0.407279,0.358375,0.736367,0.282446,0.686109,0.480114,0.531679,0.191776,0.013408,0.481688,0.575370,0.376411,0.992562,0.795170,0.125407,0.318633,0.748980,0.435561,0.625233,0.036525,0.720105,0.832153,0.484755,0.802339,0.110080,0.812718,0.040496],
[0.286824,0.127807,0.534230,0.611148,0.535086,0.892605,0.347515,0.817532,0.578714,0.827629,0.349211,0.770490,0.841037,0.830899,0.345860,0.217447,0.823461,0.141030,0.342854,0.142094,0.890010,0.778415,0.767326,0.926535,0.498520,0.599479,0.411290,0.300860,0.709559,0.224008,0.341356,0.996383,0.351815,0.875586,0.607532,0.886901,0.768191,0.955047,0.704434,0.346905],
[0.782675,0.053645,0.117395,0.623712,0.884544,0.463255,0.841159,0.708005,0.604285,0.184014,0.850099,0.494294,0.962429,0.617425,0.420829,0.460949,0.216904,0.832119,0.761809,0.926464,0.056127,0.103164,0.922847,0.407942,0.978750,0.530378,0.294843,0.746942,0.485425,0.999277,0.093847,0.268100,0.052922,0.211242,0.891812,0.937466,0.674498,0.732971,0.645471,0.278782],
[0.916985,0.495570,0.773077,0.879414,0.112995,0.193906,0.340363,0.329899,0.026025,0.102172,0.256363,0.082152,0.205336,0.179209,0.490094,0.184086,0.709587,0.784938,0.931028,0.195012,0.784215,0.024875,0.463113,0.837136,0.236117,0.354925,0.774602,0.910615,0.087896,0.420073,0.189397,0.004881,0.915643,0.962474,0.884295,0.028637,0.156380,0.224658,0.358536,0.182405],
[0.326830,0.614899,0.264557,0.532166,0.794108,0.754652,0.716252,0.503696,0.539590,0.647280,0.698708,0.323804,0.672155,0.161821,0.160940,0.908272,0.516746,0.935543,0.818887,0.604642,0.355616,0.008285,0.609523,0.271258,0.970759,0.493818,0.299896,0.127139,0.718476,0.658432,0.309544,0.045306,0.273331,0.574101,0.577471,0.067440,0.328753,0.293723,0.571136,0.868342],
[0.941003,0.269844,0.192146,0.613158,0.431665,0.353087,0.521431,0.948410,0.288629,0.340318,0.553052,0.644245,0.348603,0.162575,0.915503,0.319362,0.656392,0.215399,0.446501,0.374868,0.873830,0.756045,0.420174,0.147162,0.330146,0.997646,0.214601,0.658898,0.291369,0.785737,0.527241,0.232372,0.055581,0.719387,0.845531,0.487245,0.072474,0.366962,0.435656,0.361103],
[0.707280,0.988708,0.005348,0.055883,0.151282,0.920851,0.375245,0.807675,0.136249,0.821746,0.182543,0.010080,0.577791,0.602717,0.157241,0.907937,0.600363,0.371843,0.566835,0.891732,0.157579,0.094075,0.124104,0.213160,0.813462,0.969635,0.700406,0.885936,0.336597,0.136061,0.247039,0.043877,0.124769,0.252386,0.099760,0.276051,0.173237,0.475005,0.083726,0.309486],
[0.296751,0.266269,0.319566,0.874542,0.868987,0.476807,0.782479,0.469350,0.848650,0.349314,0.361082,0.006229,0.443390,0.485186,0.219389,0.256852,0.454821,0.919795,0.142788,0.791418,0.055856,0.389826,0.835294,0.180625,0.642212,0.935054,0.456677,0.815449,0.410059,0.540403,0.124936,0.706810,0.806672,0.444501,0.581353,0.675659,0.921308,0.363832,0.145009,0.769958],
[0.713146,0.506090,0.776187,0.156536,0.991276,0.995576,0.413387,0.446097,0.915371,0.556175,0.237515,0.971227,0.946001,0.072809,0.151853,0.588213,0.007863,0.608529,0.403663,0.417922,0.148932,0.528598,0.124732,0.955604,0.973100,0.706085,0.631263,0.894408,0.069917,0.776271,0.664366,0.783063,0.282362,0.440553,0.939598,0.273638,0.436130,0.352986,0.719735,0.351501],
[0.909161,0.957250,0.322729,0.855162,0.030059,0.474581,0.443375,0.037922,0.083110,0.847038,0.455843,0.232042,0.375636,0.580575,0.187646,0.348736,0.286660,0.818909,0.243144,0.356577,0.595180,0.907510,0.139639,0.877542,0.348064,0.079238,0.151180,0.784194,0.432223,0.870915,0.135695,0.341384,0.828165,0.458424,0.196545,0.858224,0.933005,0.639920,0.896146,0.016115],
[0.486958,0.351989,0.248157,0.862594,0.932564,0.435803,0.211330,0.219223,0.254711,0.454475,0.575800,0.849891,0.361985,0.715439,0.727433,0.710049,0.794677,0.878613,0.494243,0.226900,0.749528,0.629938,0.568284,0.577693,0.088361,0.764829,0.435917,0.021366,0.404750,0.332062,0.037481,0.891708,0.684051,0.285638,0.754302,0.616615,0.721441,0.965633,0.835838,0.976152],
[0.420107,0.411638,0.826044,0.782092,0.127077,0.553477,0.492141,0.921754,0.432089,0.986384,0.148654,0.181617,0.616321,0.716938,0.759310,0.704683,0.481768,0.195227,0.726049,0.886517,0.527289,0.763530,0.778225,0.211340,0.049168,0.532528,0.827954,0.770609,0.498161,0.663792,0.746761,0.918268,0.075430,0.572805,0.700360,0.202507,0.126282,0.192502,0.124262,0.558371],
[0.178885,0.272916,0.739988,0.795207,0.989854,0.499298,0.499890,0.471622,0.694524,0.225938,0.358139,0.221813,0.989468,0.136364,0.433153,0.038636,0.668892,0.261107,0.809245,0.167052,0.924900,0.556006,0.085321,0.000330,0.128811,0.785681,0.202837,0.255093,0.978183,0.327099,0.813464,0.157068,0.600015,0.553453,0.952275,0.589869,0.052751,0.452165,0.061490,0.747275],
[0.678103,0.419629,0.969088,0.667571,0.555993,0.402241,0.706207,0.224885,0.663349,0.515452,0.391938,0.588248,0.071458,0.477258,0.588578,0.200269,0.262939,0.791416,0.455363,0.241122,0.118515,0.268827,0.398190,0.718529,0.822280,0.350465,0.308398,0.875030,0.802630,0.369888,0.622305,0.480733,0.789518,0.591394,0.148304,0.345511,0.993635,0.854511,0.570396,0.656984],
[0.369963,0.962333,0.245232,0.441421,0.439592,0.833810,0.641690,0.702531,0.625226,0.097053,0.943653,0.743741,0.365880,0.341843,0.462270,0.188159,0.692308,0.770669,0.063189,0.494937,0.140557,0.685495,0.975670,0.930075,0.276888,0.123974,0.275585,0.270523,0.978484,0.845981,0.927507,0.348447,0.808315,0.172739,0.789867,0.247906,0.006549,0.431557,0.950437,0.631775],
[0.528610,0.894090,0.375516,0.894489,0.235932,0.837787,0.082649,0.928240,0.608455,0.145838,0.423177,0.749012,0.831332,0.398847,0.679087,0.108221,0.522821,0.954672,0.378744,0.501305,0.800653,0.306250,0.849752,0.608968,0.478989,0.639620,0.856874,0.485538,0.071177,0.807311,0.117314,0.599787,0.701401,0.492830,0.494277,0.937333,0.330617,0.576925,0.865573,0.939072],
[0.722763,0.288750,0.688084,0.554096,0.687597,0.367171,0.662316,0.210418,0.321843,0.041060,0.711723,0.122496,0.347310,0.561476,0.731464,0.826300,0.201095,0.588338,0.311838,0.272272,0.395650,0.429151,0.872059,0.097051,0.921981,0.366336,0.034384,0.252598,0.943261,0.899957,0.191670,0.666024,0.188707,0.879754,0.220120,0.876304,0.246925,0.882436,0.086722,0.568768]],
[[0.923496,0.798446,0.691264,0.270807,0.359921,0.422728,0.097106,0.561016,0.011066,0.408944,0.833289,0.406716,0.838095,0.705348,0.503766,0.760077,0.071684,0.538150,0.012675,0.014945,0.438107,0.204345,0.680970,0.626814,0.084098,0.901090,0.503118,0.331023,0.783526,0.589841,0.899791,0.707022,0.388286,0.591055,0.977829,0.748208,0.013782,0.074935,0.309224,0.024848],
[0.483879,0.142513,0.431564,0.321974,0.847861,0.935330,0.082051,0.919545,0.473480,0.094726,0.934490,0.911587,0.299070,0.615460,0.538401,0.383169,0.516550,0.041519,0.714192,0.300076,0.631360,0.613983,0.007098,0.019646,0.205038,0.984927,0.767854,0.218820,0.059862,0.077078,0.243668,0.543741,0.219591,0.675232,0.865715,0.067451,0.610562,0.947766,0.986997,0.084042],
[0.042492,0.921487,0.995629,0.341562,0.536947,0.534030,0.724731,0.053497,0.575549,0.438923,0.353573,0.206909,0.052906,0.360671,0.226555,0.257944,0.345598,0.994408,0.476764,0.405459,0.071486,0.720432,0.949200,0.291077,0.395663,0.814915,0.358528,0.006225,0.762681,0.345525,0.090267,0.805173,0.267012,0.085895,0.146735,0.803959,0.619925,0.871466,0.857456,0.195473],
[0.310390,0.211029,0.402382,0.363296,0.571700,0.628937,0.621240,0.917298,0.623345,0.098004,0.322757,0.694831,0.818435,0.271957,0.985908,0.214099,0.086872,0.344436,0.220323,0.849553,0.689961,0.310590,0.654726,0.956973,0.396485,0.801461,0.760932,0.016410,0.672927,0.618389,0.211884,0.983316,0.829418,0.614266,0.346612,0.401118,0.243202,0.967852,0.318416,0.866548],
[0.065856,0.641173,0.561379,0.884291,0.913131,0.547287,0.098389,0.000003,0.891724,0.318713,0.849556,0.581685,0.629303,0.504282,0.538658,0.025788,0.305742,0.299590,0.042199,0.978669,0.917979,0.254082,0.961985,0.747397,0.868348,0.308598,0.148515,0.111550,0.276450,0.466931,0.978098,0.342306,0.108104,0.539477,0.226596,0.021235,0.086764,0.324986,0.021238,0.978488],
[0.643699,0.870794,0.560172,0.273002,0.375076,0.098830,0.298790,0.680819,0.398421,0.340989,0.659488,0.316399,0.595071,0.621473,0.063796,0.463419,0.930071,0.212311,0.574969,0.206521,0.679241,0.553067,0.548826,0.787346,0.092545,0.775423,0.808581,0.179309,0.100409,0.829819,0.157797,0.744107,0.700613,0.717969,0.017109,0.075690,0.816799,0.315899,0.756508,0.215220],
[0.656888,0.415996,0.531619,0.251959,0.037470,0.595415,0.715378,0.967541,0.807726,0.290347,0.174061,0.486967,0.843415,0.722888,0.274312,0.935959,0.498311,0.082893,0.115268,0.598719,0.912712,0.273065,0.342827,0.613325,0.991034,0.359936,0.689015,0.807833,0.675835,0.445523,0.023053,0.332723,0.861519,0.554672,0.584682,0.898989,0.150087,0.300059,0.866529,0.957813],
[0.590407,0.040591,0.444779,0.433822,0.763478,0.719092,0.369781,0.261789,0.801985,0.485049,0.860508,0.714697,0.758114,0.203335,0.328022,0.749147,0.563271,0.017036,0.556980,0.239106,0.462559,0.580033,0.571828,0.324078,0.134705,0.156510,0.223067,0.284792,0.456569,0.089596,0.242605,0.046976,0.130186,0.687384,0.480798,0.893665,0.406476,0.850579,0.155454,0.208461],
[0.335628,0.015962,0.923158,0.093741,0.219297,0.251179,0.842888,0.782568,0.268216,0.399869,0.021674,0.730775,0.979902,0.593502,0.054853,0.114607,0.750012,0.277919,0.399400,0.206581,0.367515,0.642005,0.253557,0.497701,0.329389,0.734355,0.391366,0.735865,0.584933,0.546819,0.944326,0.920561,0.562782,0.867484,0.014302,0.782079,0.118663,0.857190,0.564647,0.386879],
[0.257059,0.586320,0.117653,0.236961,0.179822,0.172506,0.351568,0.929834,0.450425,0.750967,0.136414,0.817940,0.392972,0.389971,0.315641,0.722361,0.124326,0.707007,0.458226,0.709259,0.253826,0.402552,0.629819,0.816608,0.270036,0.644121,0.598687,0.388699,0.501311,0.163333,0.775578,0.758370,0.749654,0.893231,0.995330,0.929476,0.065737,0.346898,0.859309,0.516162],
[0.097865,0.995723,0.334102,0.490837,0.385695,0.649744,0.213198,0.510021,0.356751,0.671423,0.219279,0.610577,0.073976,0.849099,0.427185,0.344012,0.493220,0.025871,0.732711,0.994531,0.189204,0.508288,0.752900,0.938858,0.401520,0.748231,0.868333,0.467257,0.095129,0.727642,0.983419,0.192994,0.723366,0.317522,0.683831,0.109061,0.967265,0.897028,0.619081,0.324016],
[0.568452,0.838361,0.934592,0.642427,0.687459,0.361777,0.986439,0.180679,0.387648,0.719149,0.175210,0.576853,0.227438,0.928110,0.515711,0.628957,0.676340,0.384044,0.096214,0.771469,0.111686,0.079633,0.964463,0.835052,0.397155,0.648293,0.944113,0.364420,0.545321,0.563194,0.688436,0.113773,0.401555,0.623028,0.756200,0.089014,0.984805,0.742639,0.269693,0.372453],
[0.461788,0.444903,0.949306,0.689226,0.373013,0.465016,0.318184,0.049353,0.849060,0.414398,0.820822,0.960747,0.494031,0.785285,0.795799,0.891186,0.433578,0.739912,0.255605,0.978900,0.303107,0.944041,0.092673,0.704662,0.567069,0.848873,0.793676,0.551874,0.591512,0.063369,0.924328,0.053301,0.508272,0.873633,0.742527,0.881285,0.338650,0.060711,0.930638,0.187710],
[0.475108,0.751461,0.148457,0.969139,0.536746,0.944256,0.860325,0.970324,0.684168,0.115930,0.949223,0.987275,0.059971,0.041896,0.691937,0.627040,0.890770,0.485613,0.178915,0.482282,0.548982,0.103242,0.535583,0.057254,0.976876,0.278110,0.938539,0.315526,0.338820,0.869177,0.503236,0.813929,0.620638,0.651693,0.783068,0.157383,0.595949,0.643393,0.127707,0.280117],
[0.759323,0.076931,0.267392,0.819294,0.118827,0.959329,0.446335,0.009597,0.444941,0.625249,0.491878,0.993923,0.728492,0.027461,0.051177,0.705368,0.305570,0.989716,0.020893,0.644391,0.858894,0.524129,0.458319,0.479532,0.175822,0.241387,0.636915,0.771771,0.884779,0.764622,0.051888,0.644102,0.841553,0.319280,0.463396,0.960380,0.278609,0.909731,0.969977,0.723550],
[0.534980,0.461855,0.717474,0.263472,0.489316,0.768651,0.968840,0.794886,0.758367,0.989733,0.439277,0.617261,0.513862,0.897596,0.096793,0.689684,0.138983,0.733708,0.461454,0.023762,0.498330,0.513342,0.667864,0.339883,0.832622,0.131261,0.300264,0.111231,0.040992,0.270240,0.834781,0.575972,0.732095,0.552255,0.839444,0.221411,0.320906,0.808283,0.016298,0.079273],
[0.798016,0.455574,0.696534,0.311878,0.353170,0.793327,0.001561,0.492153,0.527035,0.463016,0.515915,0.025365,0.976358,0.183780,0.365249,0.808980,0.315040,0.665512,0.920210,0.356032,0.935753,0.754991,0.932004,0.667848,0.307246,0.771447,0.889259,0.628152,0.579731,0.905556,0.707425,0.377747,0.361131,0.403959,0.689624,0.714301,0.197286,0.691186,0.206454,0.724320],
[0.154201,0.722370,0.749686,0.130559,0.906149,0.114935,0.939538,0.221189,0.780447,0.859749,0.577221,0.716199,0.614740,0.509225,0.384047,0.921986,0.280672,0.273306,0.550138,0.860403,0.178862,0.257563,0.238149,0.539993,0.661521,0.927774,0.254294,0.858807,0.618959,0.460749,0.583127,0.773161,0.183118,0.332813,0.903719,0.089267,0.447747,0.843258,0.310457,0.228194],
[0.703007,0.887678,0.944394,0.317747,0.396903,0.328441,0.239733,0.677575,0.601747,0.789871,0.537978,0.780609,0.047434,0.776127,0.320602,0.708955,0.703901,0.574897,0.567761,0.322860,0.035645,0.150889,0.096021,0.218764,0.483702,0.999740,0.308031,0.931449,0.842998,0.618488,0.159643,0.546004,0.506166,0.104037,0.863751,0.903069,0.432478,0.103484,0.580644,0.034225],
[0.893355,0.118621,0.814834,0.940789,0.894748,0.135436,0.649744,0.598649,0.710333,0.217505,0.921509,0.745979,0.368394,0.017530,0.964742,0.852095,0.017270,0.272773,0.783544,0.860267,0.891261,0.943188,0.406271,0.397427,0.047225,0.270022,0.300495,0.479703,0.373506,0.881139,0.513927,0.266862,0.999760,0.328761,0.207651,0.894509,0.464198,0.857395,0.493158,0.174531],
[0.074900,0.414667,0.920510,0.443294,0.432197,0.885252,0.295389,0.449466,0.158026,0.078934,0.309734,0.049287,0.022122,0.716005,0.446713,0.069346,0.986027,0.747209,0.549049,0.359534,0.628348,0.062976,0.626395,0.628108,0.391738,0.834046,0.522617,0.855936,0.691441,0.015775,0.030467,0.766341,0.430443,0.950977,0.209635,0.862639,0.836229,0.505024,0.312106,0.994254],
[0.583958,0.621839,0.043541,0.606079,0.337844,0.490255,0.675426,0.323872,0.237463,0.224475,0.683405,0.865811,0.287451,0.309801,0.493920,0.679189,0.143847,0.016537,0.535125,0.835288,0.032312,0.565592,0.601628,0.462755,0.516568,0.811263,0.325394,0.352797,0.316287,0.637500,0.347051,0.900245,0.259339,0.390592,0.506324,0.597184,0.880847,0.181750,0.921055,0.118310],
[0.406225,0.604460,0.984122,0.693676,0.914261,0.478041,0.372866,0.058108,0.494578,0.907990,0.893395,0.526891,0.473582,0.495024,0.989646,0.990150,0.306287,0.315040,0.342947,0.622574,0.952540,0.689999,0.522819,0.211879,0.080591,0.029143,0.809063,0.961438,0.210894,0.730118,0.079748,0.617119,0.334578,0.063870,0.310795,0.248839,0.541911,0.683661,0.306947,0.036490],
[0.591651,0.200342,0.563381,0.065233,0.695366,0.553026,0.055384,0.001653,0.868066,0.398331,0.624227,0.820606,0.088329,0.147046,0.032485,0.168920,0.176189,0.841548,0.130358,0.387083,0.571666,0.210107,0.004202,0.906244,0.273977,0.314997,0.155084,0.815888,0.998658,0.462031,0.852378,0.590309,0.662373,0.415759,0.655543,0.357739,0.968785,0.710927,0.359392,0.836851],
[0.109257,0.983618,0.657457,0.197587,0.130664,0.689942,0.366507,0.306854,0.531490,0.496866,0.693937,0.103156,0.706972,0.698138,0.009401,0.980949,0.013136,0.164484,0.796838,0.011794,0.626515,0.649216,0.602103,0.288888,0.064975,0.257646,0.646627,0.033760,0.968573,0.006019,0.870611,0.077830,0.989637,0.528069,0.275417,0.120301,0.218011,0.641924,0.427155,0.749501],
[0.138789,0.121091,0.852657,0.845761,0.819230,0.862058,0.826711,0.832365,0.026542,0.623548,0.844159,0.653057,0.272764,0.446262,0.941945,0.337739,0.703908,0.588572,0.371499,0.672480,0.594591,0.242111,0.750310,0.584228,0.770179,0.025727,0.704529,0.988190,0.667650,0.131684,0.737691,0.806440,0.252775,0.590349,0.652201,0.072004,0.452407,0.478912,0.904370,0.478949],
[0.102460,0.748528,0.132006,0.375224,0.194790,0.073951,0.712963,0.898698,0.662524,0.084463,0.571178,0.257114,0.326573,0.321488,0.841342,0.096753,0.347215,0.545871,0.084943,0.014865,0.677555,0.822634,0.821305,0.930330,0.412983,0.473506,0.002334,0.865389,0.952417,0.906704,0.344338,0.054877,0.655232,0.476344,0.430102,0.850022,0.550296,0.143065,0.748720,0.212819],
[0.227528,0.319898,0.469934,0.554101,0.641386,0.311276,0.650854,0.988601,0.857147,0.735796,0.003466,0.534702,0.558430,0.824771,0.465032,0.971413,0.298277,0.467366,0.836802,0.250694,0.374070,0.181141,0.305572,0.029302,0.657485,0.735674,0.879324,0.207781,0.878739,0.628044,0.420600,0.106266,0.947942,0.890534,0.660367,0.589328,0.201810,0.311221,0.577929,0.058957],
[0.047017,0.581395,0.593659,0.605448,0.406167,0.058691,0.576861,0.704444,0.526056,0.413663,0.955138,0.900126,0.594804,0.260710,0.929428,0.252289,0.996383,0.808752,0.460069,0.875122,0.436795,0.880669,0.981389,0.384737,0.771203,0.641756,0.974065,0.973012,0.952977,0.551994,0.031969,0.999994,0.133390,0.625628,0.605442,0.539556,0.684319,0.182303,0.244000,0.210375],
[0.595966,0.199138,0.110501,0.190770,0.459848,0.039929,0.443059,0.456231,0.848681,0.903128,0.331353,0.285476,0.783797,0.312742,0.670213,0.555000,0.954498,0.644278,0.528012,0.907475,0.196272,0.559982,0.907469,0.329662,0.185610,0.512911,0.869218,0.869929,0.695214,0.113218,0.080304,0.291180,0.312356,0.190805,0.481950,0.772203,0.230734,0.925009,0.228434,0.079415],
[0.828137,0.559787,0.364890,0.611934,0.872529,0.035103,0.166935,0.827027,0.679382,0.694947,0.734502,0.875654,0.254929,0.641971,0.205316,0.440539,0.154882,0.074534,0.310467,0.850096,0.187752,0.390771,0.141276,0.500108,0.581576,0.623226,0.272311,0.812310,0.548235,0.500746,0.891724,0.376372,0.060533,0.256615,0.988307,0.933062,0.291718,0.155242,0.760089,0.971100],
[0.850189,0.494591,0.846754,0.105118,0.136563,0.052070,0.545656,0.291445,0.126604,0.856123,0.141541,0.314356,0.246894,0.282817,0.814464,0.828470,0.906044,0.086775,0.640780,0.454279,0.587521,0.532504,0.830652,0.648054,0.789119,0.818959,0.581116,0.080837,0.974200,0.341205,0.051937,0.824389,0.835797,0.898691,0.929506,0.972359,0.950761,0.475163,0.263804,0.077365],
[0.331286,0.405346,0.391720,0.578180,0.688163,0.206184,0.406650,0.594207,0.292959,0.047430,0.048486,0.880480,0.579934,0.879138,0.528534,0.369053,0.698097,0.109650,0.449891,0.672297,0.450855,0.501828,0.496686,0.286652,0.400519,0.426192,0.259011,0.351280,0.901355,0.522816,0.428644,0.232641,0.928162,0.820365,0.810821,0.616325,0.026549,0.217471,0.210532,0.319508],
[0.264901,0.259018,0.199988,0.844836,0.138156,0.728522,0.213889,0.836253,0.838172,0.663780,0.508549,0.289027,0.165608,0.005235,0.575679,0.566126,0.431427,0.834690,0.917406,0.332782,0.357506,0.346050,0.565423,0.285667,0.166415,0.376243,0.901992,0.192964,0.593715,0.112524,0.512472,0.858616,0.371542,0.712461,0.703452,0.509698,0.440983,0.917341,0.345950,0.279154],
[0.581120,0.854500,0.568181,0.746728,0.859735,0.143860,0.312854,0.291162,0.978550,0.230260,0.623944,0.336056,0.576310,0.189366,0.621723,0.742725,0.565610,0.523715,0.935689,0.159325,0.636239,0.448161,0.017940,0.007781,0.160622,0.721392,0.517479,0.601605,0.638732,0.863429,0.880759,0.219853,0.717929,0.448940,0.966580,0.577664,0.592800,0.279434,0.868826,0.571350],
[0.509695,0.492769,0.907406,0.086005,0.682136,0.529129,0.828730,0.247746,0.052844,0.764420,0.407070,0.689084,0.212581,0.425011,0.696865,0.373203,0.146403,0.214343,0.974808,0.785135,0.077773,0.855567,0.004988,0.795701,0.304507,0.971568,0.373365,0.897307,0.251003,0.242191,0.468658,0.760698,0.734960,0.376063,0.846703,0.417096,0.905193,0.675433,0.664842,0.958037],
[0.439853,0.071912,0.647121,0.652434,0.496923,0.343985,0.025637,0.643326,0.558329,0.000444,0.428462,0.636101,0.856011,0.433450,0.431803,0.160518,0.405018,0.805168,0.057826,0.656021,0.047358,0.526483,0.416718,0.782318,0.902547,0.263421,0.199414,0.807739,0.938854,0.864256,0.765776,0.378707,0.936169,0.412897,0.031141,0.433092,0.756882,0.056777,0.076418,0.315211],
[0.057222,0.504880,0.951312,0.913233,0.938330,0.383114,0.073751,0.343348,0.188282,0.131577,0.999368,0.235641,0.658061,0.416087,0.017959,0.560607,0.679508,0.217373,0.368347,0.618362,0.081630,0.134123,0.997069,0.017799,0.547020,0.028209,0.450891,0.303902,0.084987,0.527309,0.619112,0.142208,0.032189,0.570424,0.055441,0.970519,0.953539,0.129192,0.313867,0.141821],
[0.260770,0.313235,0.377461,0.918830,0.729322,0.395420,0.479437,0.408830,0.612794,0.847784,0.027192,0.694423,0.981907,0.024261,0.712222,0.528927,0.052470,0.163113,0.832828,0.137457,0.690423,0.451941,0.279665,0.722612,0.022365,0.335106,0.693131,0.975904,0.464298,0.006997,0.117724,0.725068,0.320232,0.495186,0.643898,0.049554,0.890606,0.123335,0.458384,0.503400],
[0.971119,0.485575,0.197823,0.953026,0.509836,0.910045,0.481953,0.562306,0.073159,0.314781,0.699763,0.763581,0.766722,0.979428,0.486193,0.789087,0.314534,0.179324,0.764990,0.778832,0.186321,0.882715,0.503900,0.506553,0.377900,0.147798,0.556107,0.268507,0.271134,0.014491,0.771906,0.242253,0.500066,0.969729,0.195279,0.009903,0.879775,0.677232,0.572209,0.952933]],
[[0.992013,0.271972,0.716515,0.758735,0.251400,0.202708,0.547822,0.565933,0.382031,0.312812,0.344766,0.568352,0.195527,0.848666,0.074906,0.573428,0.996464,0.631013,0.841934,0.267598,0.645504,0.613840,0.509851,0.145570,0.583570,0.705130,0.155473,0.463345,0.382362,0.727681,0.416278,0.374375,0.999653,0.132793,0.133110,0.251053,0.335500,0.680933,0.816986,0.717532],
[0.993745,0.161752,0.285884,0.189272,0.010418,0.360789,0.762700,0.006882,0.991802,0.604634,0.274479,0.637306,0.218474,0.784330,0.782876,0.802044,0.489460,0.938349,0.265388,0.871821,0.666031,0.681667,0.246197,0.665684,0.814459,0.379307,0.916736,0.149960,0.060240,0.733722,0.867491,0.053985,0.895474,0.153375,0.243257,0.905892,0.514164,0.005956,0.912773,0.505967],
[0.610590,0.187253,0.143273,0.829064,0.971582,0.926149,0.631107,0.461042,0.864498,0.896496,0.332864,0.530529,0.578162,0.579060,0.196212,0.392621,0.958367,0.112949,0.542581,0.018607,0.846671,0.410072,0.072592,0.742145,0.563447,0.315849,0.648037,0.077611,0.321805,0.560810,0.583578,0.932394,0.748063,0.726851,0.761458,0.719645,0.653000,0.392565,0.180687,0.517498],
[0.289061,0.513551,0.048027,0.867223,0.092611,0.244239,0.259844,0.050978,0.357188,0.802425,0.069586,0.203859,0.212498,0.142177,0.946004,0.775945,0.458026,0.594041,0.853556,0.779831,0.154851,0.437134,0.712225,0.902914,0.163985,0.473683,0.622559,0.816984,0.866248,0.803246,0.334482,0.155309,0.316796,0.382509,0.022532,0.409407,0.626748,0.282376,0.460385,0.983935],
[0.084801,0.529971,0.187794,0.297299,0.672148,0.133798,0.073244,0.130174,0.727839,0.926800,0.910005,0.882690,0.363934,0.622230,0.785604,0.527919,0.095912,0.408163,0.344903,0.962160,0.211408,0.679385,0.117469,0.528205,0.061894,0.140001,0.937612,0.688642,0.422377,0.397997,0.672577,0.507178,0.927968,0.860372,0.804477,0.600117,0.994170,0.877721,0.730291,0.722010],
[0.804521,0.640296,0.604700,0.168455,0.262525,0.390304,0.696374,0.358438,0.798467,0.041277,0.320598,0.009875,0.720662,0.438067,0.538080,0.782556,0.578068,0.475692,0.471198,0.000445,0.873689,0.143776,0.507623,0.801657,0.004147,0.312100,0.401774,0.998317,0.189821,0.132065,0.720327,0.994342,0.772361,0.325027,0.162796,0.034886,0.715331,0.859170,0.393324,0.513798],
[0.900447,0.713923,0.523673,0.621109,0.151990,0.061752,0.403666,0.730058,0.537444,0.874864,0.730503,0.411133,0.018639,0.238125,0.212790,0.022787,0.550225,0.614564,0.021104,0.740046,0.746629,0.741431,0.734387,0.518990,0.066458,0.897184,0.553877,0.781789,0.756354,0.947201,0.295587,0.656801,0.661123,0.819259,0.277910,0.813113,0.881012,0.681576,0.543171,0.418456],
[0.556440,0.273674,0.829588,0.575079,0.511800,0.042379,0.597866,0.062025,0.656943,0.618970,0.802070,0.403572,0.360401,0.536458,0.922562,0.426859,0.433642,0.476439,0.208648,0.189996,0.423640,0.504235,0.846797,0.084763,0.323495,0.124707,0.897876,0.204506,0.806283,0.441048,0.622962,0.362723,0.714722,0.452550,0.937802,0.226522,0.494929,0.535668,0.288546,0.151871],
[0.154638,0.090617,0.555444,0.515038,0.627075,0.478006,0.941898,0.060716,0.954445,0.150546,0.250712,0.378084,0.654781,0.097509,0.462847,0.978276,0.222216,0.360724,0.182782,0.028499,0.801772,0.805744,0.391222,0.516494,0.258294,0.329024,0.743016,0.753223,0.864692,0.031562,0.905094,0.019329,0.122179,0.460538,0.534368,0.749254,0.938543,0.476265,0.809970,0.892988],
[0.626811,0.060682,0.271073,0.281592,0.158190,0.733920,0.259868,0.380406,0.094644,0.442649,0.408905,0.896416,0.248393,0.800127,0.412910,0.506687,0.129151,0.155925,0.259909,0.993842,0.187487,0.165003,0.013172,0.309666,0.625541,0.547540,0.058920,0.564084,0.023805,0.868890,0.457073,0.650616,0.929571,0.728145,0.932208,0.087761,0.462065,0.192076,0.468167,0.556709],
[0.634725,0.877072,0.453125,0.883118,0.677199,0.866034,0.389805,0.806349,0.021960,0.649714,0.800191,0.209447,0.814718,0.813363,0.519113,0.440259,0.360903,0.578033,0.004343,0.384708,0.446923,0.461416,0.035324,0.376494,0.189561,0.967532,0.464255,0.651626,0.159608,0.932423,0.208335,0.794333,0.809495,0.661460,0.677451,0.486693,0.527494,0.067257,0.293042,0.549454],
[0.716971,0.093234,0.758901,0.531689,0.906597,0.278014,0.971947,0.267499,0.856048,0.976291,0.652207,0.302970,0.437706,0.687531,0.679464,0.627267,0.655063,0.143720,0.278893,0.814670,0.076142,0.487228,0.609003,0.885637,0.148688,0.286455,0.372330,0.676182,0.353711,0.665372,0.225636,0.070682,0.758606,0.984536,0.602371,0.665203,0.262551,0.574319,0.932702,0.118598],
[0.550609,0.584909,0.421569,0.988315,0.272440,0.101033,0.615582,0.927502,0.244753,0.894475,0.742172,0.320895,0.381703,0.351176,0.206532,0.530391,0.637630,0.578861,0.206572,0.991342,0.244234,0.432208,0.062024,0.002839,0.416745,0.664395,0.668042,0.679295,0.238714,0.600744,0.797894,0.789323,0.185653,0.219462,0.777638,0.458092,0.320495,0.393220,0.385594,0.565248],
[0.287695,0.127767,0.886143,0.669398,0.478942,0.092674,0.199789,0.116573,0.671536,0.406361,0.107915,0.915770,0.838569,0.169939,0.918609,0.255314,0.834334,0.586651,0.934609,0.073047,0.187395,0.732503,0.862370,0.373048,0.951965,0.640008,0.831140,0.272461,0.033228,0.216734,0.837709,0.320924,0.344501,0.723852,0.990322,0.823443,0.816527,0.190111,0.940016,0.488062],
[0.596472,0.047931,0.403832,0.435041,0.217869,0.322441,0.690355,0.052203,0.909092,0.624965,0.125250,0.096486,0.357468,0.987620,0.469534,0.309433,0.627628,0.300674,0.581894,0.660857,0.517408,0.419603,0.981780,0.861909,0.143455,0.972102,0.685353,0.959982,0.162213,0.625369,0.448044,0.758685,0.673300,0.851876,0.193726,0.891169,0.174317,0.884082,0.943372,0.083409],
[0.509046,0.068622,0.179895,0.866514,0.056242,0.649429,0.175947,0.683871,0.950103,0.757841,0.344727,0.467511,0.177444,0.326508,0.329420,0.320900,0.298610,0.014773,0.280881,0.460823,0.640142,0.728925,0.219507,0.313441,0.580802,0.413233,0.204610,0.755119,0.297315,0.147982,0.838527,0.806361,0.216604,0.018422,0.672875,0.272846,0.667852,0.848822,0.956717,0.617954],
[0.606663,0.301444,0.085466,0.784107,0.627952,0.414886,0.105007,0.926562,0.429659,0.385888,0.387384,0.069801,0.114814,0.606891,0.383242,0.695615,0.020125,0.587852,0.450734,0.317440,0.735834,0.289261,0.123801,0.952438,0.307684,0.796676,0.225284,0.975535,0.645498,0.182001,0.593490,0.252162,0.483445,0.678955,0.036269,0.111397,0.093841,0.141276,0.037958,0.523500],
[0.527164,0.425343,0.593301,0.641978,0.032234,0.976543,0.337593,0.052359,0.564396,0.788327,0.369799,0.300230,0.077589,0.493600,0.252668,0.385272,0.290277,0.477952,0.360808,0.935775,0.659953,0.954297,0.187937,0.143397,0.633252,0.224206,0.254794,0.727094,0.365482,0.292753,0.250594,0.892646,0.718095,0.843895,0.534624,0.750329,0.820438,0.872218,0.802688,0.384834],
[0.660545,0.172488,0.685064,0.738134,0.666088,0.937732,0.123406,0.956365,0.415684,0.484214,0.892140,0.075636,0.438511,0.080077,0.219034,0.071763,0.304283,0.473828,0.798857,0.669765,0.766581,0.049451,0.562411,0.484676,0.893347,0.097035,0.235005,0.713785,0.969253,0.037694,0.098619,0.629798,0.210181,0.783683,0.367933,0.876270,0.721415,0.491339,0.832634,0.137099],
[0.975553,0.724774,0.212735,0.414064,0.804851,0.431769,0.485827,0.109134,0.905597,0.284685,0.778899,0.672178,0.334136,0.341310,0.156854,0.227482,0.438345,0.391859,0.941267,0.407599,0.429553,0.039887,0.037397,0.639734,0.823570,0.405330,0.516004,0.544985,0.896668,0.348638,0.682084,0.872221,0.073413,0.894819,0.286285,0.878264,0.326588,0.772112,0.987398,0.232185],
[0.056797,0.766297,0.904363,0.390933,0.107607,0.061216,0.618415,0.545953,0.453075,0.559683,0.953551,0.882628,0.599569,0.990948,0.522362,0.423139,0.396278,0.038366,0.968124,0.292946,0.387004,0.650208,0.165167,0.460417,0.545027,0.451452,0.338681,0.871614,0.223564,0.326080,0.103799,0.280361,0.092377,0.008162,0.671294,0.199984,0.069379,0.289709,0.745937,0.522454],
[0.849392,0.699488,0.405082,0.448961,0.690436,0.927445,0.872100,0.086714,0.965811,0.840224,0.379660,0.352815,0.490431,0.544827,0.813232,0.035458,0.996280,0.151914,0.907072,0.219844,0.477993,0.010872,0.500206,0.570370,0.019034,0.171499,0.770354,0.088413,0.461209,0.516291,0.610867,0.310600,0.215779,0.015949,0.759561,0.906215,0.943394,0.631661,0.992929,0.909205],
[0.471885,0.372590,0.262020,0.962316,0.917417,0.075252,0.997774,0.913697,0.227166,0.904847,0.133541,0.705159,0.915718,0.633746,0.275529,0.934752,0.805246,0.045884,0.023165,0.266454,0.562175,0.634032,0.577055,0.777954,0.649981,0.336616,0.684169,0.593375,0.968277,0.677099,0.502579,0.440162,0.049688,0.764599,0.402478,0.967105,0.839851,0.400252,0.880802,0.067017],
[0.305098,0.014343,0.772176,0.220817,0.648089,0.047706,0.155569,0.453335,0.093589,0.178735,0.719790,0.655764,0.812767,0.296844,0.433718,0.462747,0.633460,0.117887,0.056122,0.601737,0.794986,0.558701,0.041898,0.844674,0.323300,0.444376,0.811779,0.163151,0.844628,0.692581,0.230169,0.149726,0.706924,0.002345,0.370543,0.355014,0.050050,0.526112,0.808349,0.143640],
[0.704847,0.528139,0.799403,0.517613,0.824983,0.233121,0.980361,0.458443,0.351008,0.036483,0.060180,0.145994,0.595184,0.102078,0.990668,0.918484,0.546455,0.802447,0.081636,0.391082,0.495028,0.311804,0.540809,0.201953,0.314149,0.911352,0.556966,0.364200,0.437464,0.365315,0.507839,0.142311,0.893454,0.307243,0.659925,0.718437,0.540364,0.640286,0.176880,0.891372],
[0.676769,0.237060,0.037366,0.271953,0.339139,0.028034,0.190437,0.885593,0.830481,0.272073,0.276676,0.325509,0.583878,0.817485,0.527462,0.898027,0.728836,0.084428,0.262227,0.166301,0.449743,0.770066,0.308612,0.343197,0.077308,0.968537,0.061634,0.617672,0.608822,0.238515,0.509044,0.285591,0.475575,0.546410,0.557544,0.814714,0.574443,0.747981,0.700307,0.404924],
[0.020054,0.976983,0.730433,0.603932,0.794467,0.257895,0.501959,0.523304,0.342323,0.764185,0.689605,0.792067,0.534251,0.998217,0.135264,0.611560,0.966753,0.196898,0.229232,0.575576,0.435413,0.738276,0.861167,0.910988,0.284685,0.418711,0.725702,0.859128,0.166692,0.426009,0.264052,0.186746,0.402992,0.994486,0.790678,0.197459,0.252381,0.292637,0.720763,0.594704],
[0.056822,0.410367,0.386771,0.591074,0.408584,0.522035,0.202633,0.375337,0.718933,0.431865,0.950913,0.154346,0.170141,0.812079,0.065333,0.454826,0.230790,0.791035,0.313954,0.397482,0.217044,0.578007,0.584228,0.620035,0.572492,0.374906,0.817494,0.824873,0.667543,0.538257,0.419577,0.724365,0.948624,0.806348,0.315439,0.357208,0.328382,0.518072,0.732545,0.047315],
[0.949937,0.683458,0.201661,0.120078,0.495537,0.266994,0.574904,0.726327,0.058029,0.888858,0.123809,0.275073,0.466864,0.708037,0.895108,0.039357,0.082943,0.712602,0.864230,0.750486,0.250859,0.283807,0.474851,0.199483,0.090154,0.790291,0.556691,0.418536,0.308363,0.289236,0.465851,0.258300,0.972693,0.667512,0.378378,0.468231,0.934506,0.953282,0.194558,0.992535],
[0.842140,0.318367,0.267608,0.309005,0.026404,0.162716,0.348361,0.109347,0.875319,0.212591,0.859833,0.126178,0.496398,0.334684,0.325661,0.586552,0.124975,0.882352,0.005088,0.433338,0.171588,0.470940,0.691638,0.144281,0.138452,0.070016,0.612512,0.072957,0.023298,0.807070,0.065493,0.865439,0.125436,0.333101,0.174443,0.151840,0.495817,0.522804,0.261186,0.371136],
[0.735395,0.121019,0.497314,0.231793,0.455703,0.822975,0.818345,0.580677,0.705327,0.823433,0.014015,0.876915,0.294372,0.705653,0.021197,0.432824,0.775669,0.633709,0.505782,0.798968,0.440778,0.571274,0.664406,0.566215,0.904375,0.838849,0.718054,0.400192,0.361654,0.979241,0.771327,0.097049,0.100260,0.268641,0.328842,0.555963,0.091616,0.147186,0.136640,0.796943],
[0.970619,0.150655,0.673858,0.264992,0.856308,0.695055,0.697816,0.631977,0.328764,0.203597,0.430945,0.769542,0.774871,0.095351,0.335757,0.679246,0.934200,0.053811,0.079438,0.295854,0.033052,0.850765,0.392903,0.133312,0.119406,0.721745,0.689274,0.211022,0.868932,0.825914,0.007966,0.839551,0.976569,0.681824,0.104543,0.832877,0.376879,0.802359,0.464854,0.705643],
[0.005956,0.895799,0.475185,0.780827,0.991150,0.810942,0.460073,0.925350,0.864754,0.539511,0.221205,0.897806,0.390276,0.614108,0.031118,0.509683,0.335853,0.720392,0.720705,0.204785,0.546306,0.728670,0.044336,0.522876,0.410494,0.148879,0.355753,0.787373,0.951237,0.820607,0.493016,0.957193,0.716406,0.968202,0.738021,0.707556,0.779144,0.198094,0.632906,0.643897],
[0.737605,0.854111,0.541703,0.127882,0.468219,0.572821,0.637564,0.804072,0.293212,0.358269,0.008857,0.839519,0.086939,0.053193,0.362394,0.497434,0.202072,0.718147,0.284807,0.153309,0.538754,0.777823,0.110503,0.255159,0.746025,0.848524,0.962715,0.525169,0.046618,0.595621,0.169066,0.784223,0.449731,0.710769,0.912105,0.917950,0.283589,0.549669,0.722022,0.576802],
[0.907938,0.730879,0.416320,0.994878,0.784072,0.778715,0.492311,0.986144,0.496862,0.777118,0.139453,0.035615,0.554941,0.249956,0.290774,0.300966,0.098480,0.253489,0.826135,0.145097,0.849110,0.995201,0.929321,0.298841,0.705970,0.841426,0.216791,0.989559,0.391095,0.938813,0.566361,0.299033,0.669691,0.982681,0.293911,0.453763,0.761396,0.786222,0.439907,0.258257],
[0.563340,0.579360,0.293873,0.118282,0.829316,0.584647,0.419248,0.927796,0.838136,0.245383,0.072893,0.687245,0.240584,0.002214,0.986086,0.946553,0.843640,0.202877,0.936112,0.234735,0.141689,0.502473,0.533768,0.811381,0.485154,0.827679,0.265144,0.246550,0.613902,0.705051,0.504808,0.177242,0.284411,0.798680,0.295524,0.113727,0.383327,0.714772,0.041523,0.221463],
[0.960155,0.114416,0.908708,0.200738,0.116629,0.894794,0.147292,0.960269,0.097671,0.083404,0.195004,0.239360,0.585877,0.728772,0.050741,0.071031,0.556451,0.315884,0.317581,0.170353,0.020935,0.822389,0.347595,0.305346,0.621069,0.643119,0.419073,0.004396,0.357890,0.460596,0.225859,0.318045,0.575011,0.134567,0.518783,0.691641,0.029361,0.666075,0.651909,0.127032],
[0.749479,0.846913,0.366392,0.335355,0.575685,0.417132,0.406386,0.132136,0.733016,0.723967,0.302488,0.753952,0.546356,0.650083,0.059298,0.167425,0.293202,0.478371,0.171820,0.651092,0.938967,0.397679,0.969137,0.513978,0.532246,0.487920,0.205618,0.561606,0.153995,0.857528,0.688638,0.903474,0.704441,0.055030,0.238829,0.280125,0.472162,0.645216,0.412261,0.205178],
[0.369183,0.714749,0.959130,0.915539,0.364832,0.018428,0.082964,0.658034,0.496798,0.254784,0.309126,0.435765,0.652463,0.278263,0.949743,0.184709,0.766183,0.155362,0.746315,0.920179,0.012889,0.434953,0.823652,0.717330,0.489983,0.062482,0.997456,0.962144,0.707697,0.409717,0.167322,0.076880,0.124466,0.126452,0.992419,0.489299,0.144880,0.075383,0.147333,0.641678],
[0.330167,0.456459,0.077443,0.982630,0.734722,0.027186,0.167339,0.500905,0.182548,0.913655,0.421083,0.195437,0.348608,0.244736,0.912767,0.838591,0.307218,0.910223,0.800735,0.014915,0.319940,0.968058,0.091796,0.444406,0.094510,0.084215,0.933704,0.239389,0.159598,0.081037,0.881068,0.489765,0.537495,0.958511,0.472395,0.272217,0.985697,0.639735,0.773122,0.168245]],
[[0.553389,0.194205,0.363682,0.901997,0.438941,0.276450,0.740588,0.746159,0.186673,0.541323,0.761074,0.506612,0.509381,0.852869,0.951018,0.603890,0.937084,0.884722,0.843280,0.096682,0.965759,0.724347,0.586447,0.503255,0.682858,0.058843,0.775472,0.668556,0.698578,0.548594,0.836801,0.251967,0.742799,0.200483,0.153964,0.181740,0.476933,0.894552,0.927899,0.663606],
[0.435875,0.688973,0.170218,0.945256,0.541843,0.121236,0.549146,0.478927,0.005959,0.392426,0.575610,0.971718,0.116773,0.162057,0.474973,0.799631,0.220900,0.250444,0.468187,0.919478,0.799038,0.304988,0.171445,0.541837,0.505471,0.325409,0.723578,0.982404,0.219961,0.651477,0.646010,0.655836,0.340450,0.816228,0.601092,0.882293,0.937464,0.150238,0.361220,0.943423],
[0.542664,0.936830,0.915141,0.659437,0.098887,0.390113,0.459068,0.319787,0.640558,0.927255,0.239264,0.439596,0.232243,0.410709,0.981433,0.737714,0.736118,0.705011,0.720118,0.956079,0.356488,0.366128,0.611915,0.696938,0.182356,0.213007,0.579231,0.119820,0.363245,0.940451,0.063243,0.905909,0.877281,0.978384,0.565346,0.976168,0.368497,0.024415,0.295954,0.009055],
[0.951670,0.535219,0.448651,0.183913,0.945928,0.430084,0.921627,0.682045,0.135094,0.641745,0.638124,0.491582,0.007872,0.250039,0.188520,0.190228,0.463047,0.767751,0.310048,0.826292,0.708202,0.373291,0.732201,0.585483,0.351675,0.297547,0.561651,0.720172,0.321962,0.857605,0.729227,0.273632,0.392823,0.177877,0.457545,0.338751,0.607961,0.379172,0.020796,0.743055],
[0.020917,0.658921,0.234637,0.028789,0.908960,0.423157,0.219017,0.372007,0.190908,0.529065,0.198299,0.899110,0.902356,0.930499,0.484593,0.254031,0.228046,0.046243,0.974202,0.550008,0.903848,0.703429,0.823640,0.296671,0.881306,0.281185,0.635422,0.489267,0.660357,0.656219,0.232322,0.681274,0.315140,0.466959,0.710063,0.224100,0.890116,0.929080,0.596107,0.081023],
[0.458146,0.794406,0.980133,0.360502,0.724905,0.464725,0.614533,0.952952,0.510968,0.588735,0.502960,0.414816,0.292164,0.326599,0.711488,0.173471,0.607784,0.346910,0.662738,0.268140,0.003129,0.895060,0.949414,0.318269,0.362019,0.659477,0.542369,0.252134,0.588557,0.138476,0.333157,0.046703,0.932882,0.313290,0.407205,0.657787,0.778015,0.021738,0.610739,0.288983],
[0.610473,0.113698,0.703800,0.902638,0.440298,0.415287,0.076108,0.048082,0.762197,0.738846,0.316222,0.765326,0.633905,0.265636,0.083595,0.995924,0.925113,0.625963,0.248058,0.513670,0.764439,0.581215,0.560374,0.697321,0.894505,0.967579,0.355108,0.672520,0.989317,0.965846,0.961504,0.599790,0.079545,0.665303,0.502427,0.519843,0.080590,0.578536,0.567924,0.842788],
[0.317381,0.884146,0.608114,0.951287,0.149782,0.691708,0.947211,0.074895,0.317672,0.195269,0.588566,0.082111,0.776484,0.148939,0.779432,0.670989,0.116518,0.134540,0.343510,0.105835,0.100386,0.305013,0.705625,0.179931,0.970317,0.208052,0.699774,0.050907,0.786588,0.267698,0.893695,0.103969,0.151844,0.501808,0.055256,0.301626,0.193517,0.002467,0.376522,0.511189],
[0.197736,0.965087,0.593300,0.974220,0.114027,0.372732,0.645209,0.230545,0.507272,0.988719,0.336379,0.607658,0.293732,0.042004,0.787589,0.264049,0.250056,0.487362,0.314956,0.036644,0.755060,0.208651,0.140613,0.906904,0.710459,0.195869,0.208531,0.903976,0.198335,0.585052,0.415165,0.396071,0.550140,0.008464,0.370291,0.664166,0.381196,0.015501,0.894711,0.888468],
[0.004220,0.231090,0.496125,0.297952,0.273094,0.283714,0.562001,0.523150,0.771077,0.876957,0.559794,0.526137,0.085608,0.700406,0.433041,0.796067,0.896275,0.641572,0.700043,0.094610,0.226624,0.115208,0.490682,0.776764,0.123672,0.860973,0.440930,0.504868,0.876473,0.335641,0.393336,0.880693,0.566731,0.889461,0.178645,0.839825,0.173175,0.740646,0.362974,0.944252],
[0.617603,0.922768,0.470389,0.703210,0.623174,0.903430,0.499277,0.519449,0.545002,0.199320,0.614059,0.771626,0.314528,0.104741,0.548390,0.438200,0.965714,0.989320,0.943068,0.842187,0.324960,0.336403,0.722880,0.891691,0.225864,0.901525,0.731516,0.399040,0.642170,0.094490,0.343292,0.259773,0.017258,0.813680,0.962983,0.640432,0.717110,0.462260,0.159881,0.262112],
[0.661580,0.773941,0.033738,0.976108,0.878682,0.582128,0.414308,0.844396,0.571447,0.357376,0.686583,0.896408,0.693779,0.409463,0.788099,0.919644,0.310988,0.519614,0.318683,0.953158,0.614105,0.661975,0.212931,0.631363,0.475655,0.175914,0.271795,0.192765,0.638175,0.431676,0.454877,0.299755,0.205617,0.488615,0.275863,0.084298,0.070743,0.690170,0.928694,0.642190],
[0.047546,0.615277,0.538598,0.741325,0.024740,0.326697,0.660969,0.335727,0.846311,0.979652,0.288885,0.460416,0.641626,0.501817,0.091778,0.117282,0.677731,0.363573,0.310047,0.315905,0.795249,0.764924,0.615660,0.000865,0.253539,0.891523,0.085164,0.324282,0.581693,0.013858,0.966473,0.629239,0.629134,0.505071,0.370564,0.653874,0.831768,0.031533,0.989601,0.678079],
[0.011185,0.278487,0.138495,0.652811,0.780303,0.230273,0.770093,0.458034,0.593847,0.080140,0.773939,0.389096,0.845064,0.389599,0.389961,0.098603,0.281122,0.475125,0.422886,0.862816,0.488982,0.389358,0.492055,0.118117,0.894429,0.862619,0.771991,0.726197,0.894152,0.761592,0.404276,0.905337,0.040078,0.542771,0.558149,0.820381,0.773044,0.328241,0.278415,0.366891],
[0.408381,0.052354,0.755986,0.253445,0.441954,0.145947,0.352048,0.723076,0.621072,0.774934,0.585891,0.110055,0.164292,0.077946,0.228171,0.058721,0.940566,0.000162,0.784918,0.834718,0.761754,0.189194,0.740055,0.801832,0.731965,0.298204,0.622213,0.505009,0.626445,0.900628,0.871900,0.034826,0.952983,0.627886,0.288271,0.394937,0.773834,0.640319,0.118012,0.394906],
[0.415253,0.703904,0.504961,0.579545,0.781850,0.733132,0.638266,0.722416,0.733294,0.423184,0.557134,0.495048,0.612378,0.297189,0.296880,0.344342,0.595393,0.919093,0.849351,0.221838,0.819721,0.721251,0.256664,0.772704,0.349137,0.544935,0.167641,0.122971,0.185254,0.285653,0.517877,0.600507,0.989557,0.022838,0.180052,0.771407,0.755970,0.818318,0.493823,0.489264],
[0.241502,0.050957,0.984312,0.853879,0.348146,0.281191,0.198221,0.943539,0.200284,0.047572,0.165377,0.020006,0.768824,0.422042,0.792710,0.117961,0.966977,0.960351,0.240932,0.152232,0.246004,0.758809,0.752739,0.235561,0.781647,0.932791,0.006968,0.537617,0.751109,0.500790,0.026881,0.992610,0.551747,0.011193,0.846489,0.899893,0.292384,0.044711,0.843432,0.492668],
[0.092283,0.008810,0.512674,0.861107,0.430852,0.305384,0.979068,0.397829,0.265734,0.220000,0.550061,0.511738,0.978809,0.302800,0.747298,0.760456,0.235590,0.754266,0.298074,0.986699,0.255056,0.324955,0.979309,0.806804,0.336148,0.825798,0.706697,0.628532,0.870509,0.550129,0.121200,0.962792,0.558938,0.633874,0.823899,0.989790,0.939258,0.802966,0.387619,0.204992],
[0.022966,0.937680,0.716730,0.001775,0.240479,0.464028,0.762231,0.476070,0.218294,0.060305,0.462768,0.473351,0.385259,0.442077,0.280154,0.721407,0.267876,0.986851,0.349939,0.138385,0.536980,0.471139,0.101177,0.095918,0.105013,0.925076,0.085708,0.044271,0.728042,0.473327,0.249263,0.751008,0.411007,0.965993,0.752783,0.651486,0.430022,0.515014,0.127556,0.648316],
[0.575318,0.590324,0.121667,0.960578,0.032402,0.401822,0.681985,0.300278,0.388673,0.031923,0.438662,0.925653,0.503063,0.539839,0.021571,0.608076,0.464915,0.107279,0.652347,0.192957,0.580607,0.901610,0.943965,0.991614,0.867604,0.696747,0.643100,0.297625,0.211761,0.770656,0.945942,0.787079,0.360980,0.067609,0.747657,0.393382,0.469430,0.429641,0.693660,0.858103],
[0.461565,0.132322,0.783755,0.964627,0.672162,0.805326,0.572703,0.137077,0.912606,0.225050,0.330033,0.493213,0.126661,0.273998,0.484826,0.994264,0.970745,0.127927,0.291890,0.182506,0.898583,0.237831,0.969585,0.259563,0.305440,0.717242,0.652945,0.774870,0.146883,0.346605,0.632973,0.608447,0.478928,0.416728,0.573074,0.151089,0.222055,0.145777,0.288166,0.134661],
[0.370828,0.618199,0.627873,0.497488,0.892197,0.112700,0.491753,0.862942,0.240626,0.783643,0.045448,0.139209,0.021474,0.015033,0.398772,0.326914,0.732275,0.051718,0.101784,0.879158,0.398323,0.734757,0.487605,0.877251,0.151486,0.060679,0.028340,0.373541,0.206457,0.316506,0.508202,0.577285,0.934705,0.136075,0.074773,0.826903,0.248775,0.566526,0.689845,0.489401],
[0.350168,0.735293,0.628610,0.371642,0.750327,0.027382,0.698557,0.482602,0.079100,0.800341,0.361760,0.477423,0.535098,0.849365,0.354674,0.686584,0.910044,0.383014,0.060125,0.116501,0.699520,0.568326,0.693786,0.634225,0.704401,0.768559,0.461128,0.953176,0.335084,0.150972,0.442577,0.685253,0.886266,0.071188,0.056895,0.636592,0.098570,0.755452,0.119194,0.177670],
[0.555793,0.480953,0.655093,0.090891,0.330318,0.009766,0.777475,0.240362,0.392780,0.837600,0.356863,0.092300,0.405926,0.050649,0.726525,0.110328,0.819207,0.187652,0.063504,0.154292,0.338624,0.506081,0.839544,0.224890,0.577269,0.896439,0.861482,0.675839,0.651891,0.980676,0.853509,0.207684,0.461630,0.508601,0.298574,0.791948,0.518367,0.076049,0.032310,0.911147],
[0.913649,0.389173,0.003447,0.319575,0.439821,0.729972,0.429903,0.259029,0.917624,0.493407,0.413320,0.256248,0.999488,0.252865,0.481138,0.576757,0.149304,0.342620,0.252596,0.801195,0.323296,0.106104,0.008879,0.784926,0.614705,0.307453,0.576874,0.133073,0.383502,0.609183,0.044220,0.297151,0.998356,0.047667,0.616727,0.438177,0.777639,0.046630,0.697206,0.695262],
[0.540037,0.110526,0.951511,0.539525,0.363391,0.432649,0.116282,0.512695,0.775269,0.368878,0.313890,0.098565,0.474982,0.322769,0.883491,0.089687,0.630221,0.460365,0.222760,0.013724,0.069548,0.266981,0.310875,0.067904,0.314648,0.927601,0.506081,0.092287,0.974231,0.203287,0.787549,0.514268,0.313814,0.739060,0.053793,0.677205,0.171709,0.170075,0.189900,0.946978],
[0.538952,0.503790,0.045543,0.013935,0.826558,0.929035,0.103622,0.456780,0.389400,0.326382,0.470503,0.458948,0.593363,0.781378,0.526852,0.908011,0.708979,0.032933,0.000298,0.683210,0.236220,0.787848,0.197478,0.550034,0.526908,0.251271,0.227239,0.698617,0.421345,0.417139,0.645594,0.960298,0.920929,0.691138,0.974232,0.747487,0.620172,0.077854,0.204267,0.009572],
[0.404237,0.674771,0.468520,0.997600,0.456149,0.995372,0.905612,0.165128,0.028305,0.905910,0.848338,0.264525,0.693758,0.045816,0.814559,0.220666,0.297087,0.041798,0.919282,0.718432,0.458937,0.564877,0.678730,0.379866,0.256014,0.652963,0.127354,0.876186,0.730817,0.331621,0.885758,0.135054,0.006392,0.354278,0.132654,0.462541,0.349650,0.038266,0.627669,0.377954],
[0.944176,0.476007,0.642479,0.637933,0.521823,0.457038,0.858599,0.818910,0.498837,0.777881,0.537343,0.957774,0.342758,0.216073,0.337640,0.598772,0.869036,0.464994,0.474958,0.599853,0.796615,0.360717,0.734907,0.803007,0.714995,0.867561,0.265548,0.064644,0.905827,0.893216,0.442599,0.850003,0.369223,0.085078,0.487936,0.891047,0.542116,0.346535,0.709957,0.040953],
[0.124417,0.247300,0.998727,0.467175,0.463373,0.336368,0.065946,0.332409,0.801362,0.540905,0.932262,0.597977,0.901621,0.667169,0.400984,0.616616,0.534731,0.666531,0.681260,0.440558,0.559748,0.123859,0.290561,0.928971,0.208936,0.778497,0.820017,0.751053,0.125033,0.529974,0.792006,0.249450,0.777274,0.790733,0.716624,0.240647,0.127101,0.782571,0.573056,0.928462],
[0.323475,0.505318,0.526439,0.225097,0.172487,0.927423,0.841713,0.707218,0.593955,0.522973,0.147776,0.153702,0.646832,0.438337,0.082673,0.855768,0.216834,0.902690,0.606821,0.341867,0.432665,0.398827,0.591317,0.209938,0.189559,0.307941,0.450585,0.316660,0.090512,0.023641,0.245122,0.413987,0.528959,0.771562,0.639084,0.701446,0.698985,0.480796,0.408664,0.292940],
[0.003769,0.556439,0.446642,0.650601,0.994776,0.529315,0.506369,0.211611,0.432006,0.113189,0.553478,0.864670,0.512016,0.144794,0.074609,0.701575,0.452735,0.525194,0.018235,0.543247,0.548835,0.263358,0.957234,0.077793,0.034920,0.596317,0.779239,0.733904,0.077114,0.187903,0.026844,0.080883,0.744342,0.473486,0.731483,0.739118,0.002801,0.237852,0.950729,0.434807],
[0.351041,0.504207,0.299477,0.863057,0.649001,0.374086,0.564633,0.101737,0.899279,0.582868,0.644984,0.448114,0.846226,0.602218,0.525908,0.881146,0.198535,0.305147,0.615050,0.275649,0.493050,0.641894,0.356531,0.237392,0.115380,0.088015,0.976510,0.118182,0.325867,0.927239,0.552989,0.676908,0.431446,0.852466,0.539965,0.080448,0.226551,0.104598,0.182184,0.125831],
[0.687466,0.827168,0.573945,0.533692,0.429385,0.099853,0.414838,0.627920,0.404999,0.029888,0.903569,0.898049,0.671782,0.260101,0.135441,0.787163,0.348115,0.111951,0.905344,0.673982,0.039190,0.458333,0.350890,0.470636,0.310798,0.890856,0.551084,0.537349,0.995454,0.733268,0.663180,0.682920,0.560436,0.237125,0.216612,0.989822,0.336977,0.631450,0.617742,0.741977],
[0.661338,0.521311,0.640026,0.333120,0.781412,0.775467,0.120283,0.129527,0.887417,0.025627,0.803509,0.926607,0.483960,0.154400,0.397244,0.794758,0.045255,0.948327,0.332107,0.040709,0.681596,0.995287,0.723629,0.242032,0.232412,0.940242,0.231853,0.569390,0.571692,0.849595,0.311366,0.233030,0.370906,0.951392,0.566150,0.152318,0.726859,0.686433,0.281845,0.614276],
[0.712060,0.085354,0.540884,0.196020,0.239754,0.938127,0.990778,0.285009,0.886455,0.322885,0.325719,0.568050,0.318172,0.049348,0.810082,0.550585,0.989590,0.041935,0.119974,0.561282,0.891531,0.431341,0.794312,0.262437,0.382733,0.360462,0.414755,0.109592,0.046895,0.696600,0.723868,0.758955,0.781954,0.264752,0.954975,0.021708,0.202879,0.945753,0.306718,0.089334],
[0.268639,0.632436,0.657385,0.586811,0.681784,0.467467,0.137396,0.671374,0.509402,0.257370,0.232655,0.400933,0.688710,0.026967,0.663370,0.071443,0.387429,0.078125,0.181035,0.434324,0.774725,0.904903,0.193279,0.556679,0.169655,0.148255,0.578387,0.372535,0.094008,0.885105,0.461869,0.362647,0.517541,0.119254,0.949458,0.199325,0.586720,0.086853,0.870699,0.096123],
[0.344223,0.103354,0.497056,0.032933,0.130321,0.160425,0.104376,0.517750,0.238550,0.285412,0.952074,0.013274,0.190315,0.145353,0.569953,0.359970,0.293608,0.148341,0.732505,0.387616,0.033446,0.194374,0.750263,0.550987,0.313627,0.699721,0.750313,0.900348,0.786574,0.621012,0.996470,0.130797,0.724366,0.493526,0.163730,0.854687,0.653951,0.268107,0.372436,0.892501],
[0.553518,0.324510,0.905775,0.743833,0.469863,0.475729,0.103804,0.763471,0.624070,0.836308,0.151088,0.657516,0.030682,0.901351,0.208503,0.344309,0.601072,0.958816,0.244657,0.387646,0.579827,0.241127,0.518443,0.304193,0.734653,0.682173,0.158880,0.388604,0.950280,0.531317,0.281105,0.503798,0.855827,0.186880,0.247632,0.325690,0.662609,0.351435,0.089162,0.286679],
[0.187743,0.240249,0.944195,0.218425,0.141600,0.152698,0.562734,0.742672,0.111513,0.807391,0.130318,0.691341,0.048518,0.648760,0.995534,0.783171,0.330934,0.154414,0.171775,0.281213,0.685731,0.452880,0.785012,0.541557,0.639760,0.032643,0.867248,0.302369,0.384078,0.956409,0.589048,0.571822,0.196659,0.533243,0.790247,0.338259,0.685941,0.352981,0.080931,0.797454]],
[[0.160372,0.211249,0.488795,0.208890,0.860009,0.484329,0.992061,0.190943,0.638743,0.163836,0.472156,0.324474,0.616715,0.257168,0.866031,0.256476,0.289811,0.733279,0.558845,0.673889,0.689688,0.147893,0.245710,0.886347,0.681136,0.035957,0.224605,0.367077,0.388938,0.305536,0.164531,0.549310,0.516785,0.653326,0.758200,0.376794,0.137655,0.750261,0.567737,0.776398],
[0.914097,0.039893,0.100872,0.530813,0.297060,0.966903,0.787288,0.586871,0.700181,0.346133,0.260760,0.389869,0.494027,0.506470,0.276216,0.175163,0.542427,0.500821,0.542240,0.931365,0.806358,0.706772,0.480676,0.323142,0.360098,0.238876,0.699937,0.497753,0.989138,0.267673,0.274151,0.903235,0.307566,0.375022,0.434047,0.604626,0.341925,0.221336,0.191497,0.042106],
[0.567469,0.452257,0.431975,0.061495,0.958726,0.708191,0.236658,0.501154,0.209012,0.778899,0.432519,0.015370,0.485670,0.913195,0.338512,0.845768,0.152071,0.038449,0.343521,0.141209,0.306122,0.617671,0.044444,0.613688,0.992693,0.478491,0.218314,0.334618,0.699827,0.409811,0.376724,0.267295,0.862067,0.808699,0.328791,0.820794,0.516890,0.565449,0.321947,0.725902],
[0.344348,0.754466,0.741271,0.830018,0.667661,0.079783,0.675786,0.819732,0.118232,0.019306,0.960941,0.424354,0.636977,0.005385,0.038042,0.629670,0.483876,0.256356,0.964288,0.183702,0.666166,0.341012,0.450998,0.528234,0.149711,0.779788,0.349028,0.666600,0.345237,0.670975,0.392502,0.689585,0.425441,0.133773,0.519603,0.093103,0.213557,0.195389,0.912835,0.331789],
[0.214695,0.873776,0.756142,0.851672,0.879160,0.794184,0.481342,0.363036,0.050540,0.445631,0.546738,0.716706,0.786642,0.997736,0.244940,0.936353,0.777524,0.593968,0.602953,0.122761,0.264943,0.995455,0.812346,0.690384,0.129228,0.331949,0.783487,0.342785,0.527338,0.696321,0.674574,0.742032,0.570097,0.430716,0.593704,0.449257,0.224900,0.075047,0.812293,0.275440],
[0.520677,0.359031,0.992146,0.307320,0.356767,0.237086,0.243673,0.134290,0.831054,0.846626,0.257051,0.095997,0.842081,0.069398,0.786381,0.971309,0.401347,0.569867,0.314094,0.928684,0.266189,0.988668,0.670717,0.836286,0.419384,0.264421,0.285543,0.644284,0.339468,0.097836,0.919724,0.860146,0.456867,0.911870,0.167465,0.813633,0.148956,0.411138,0.947924,0.980010],
[0.257764,0.204975,0.076006,0.099845,0.274373,0.862387,0.071154,0.675720,0.432254,0.385248,0.604404,0.698443,0.373915,0.275121,0.534729,0.793299,0.539542,0.820272,0.437582,0.879010,0.918108,0.357306,0.739155,0.374974,0.269176,0.906621,0.188608,0.418132,0.317759,0.136532,0.398141,0.575523,0.341507,0.474148,0.675367,0.615880,0.336535,0.746521,0.291599,0.768789],
[0.131768,0.896003,0.467232,0.505684,0.171124,0.001961,0.298982,0.710665,0.822232,0.736565,0.589675,0.740340,0.093871,0.328831,0.115314,0.363046,0.235452,0.303922,0.781178,0.553211,0.440454,0.179319,0.128733,0.781960,0.653467,0.804100,0.397840,0.990002,0.550621,0.689439,0.758791,0.682390,0.585442,0.226023,0.188073,0.756566,0.227983,0.487056,0.467231,0.050215],
[0.223620,0.056907,0.790555,0.317491,0.385737,0.905869,0.680537,0.621189,0.209791,0.461715,0.174400,0.650245,0.641035,0.303133,0.432205,0.294502,0.107233,0.830045,0.284503,0.657854,0.519484,0.043294,0.340244,0.104926,0.269317,0.528317,0.861492,0.497300,0.015373,0.328724,0.547515,0.238993,0.385630,0.338070,0.556484,0.771368,0.243939,0.237021,0.392557,0.453730],
[0.698737,0.566957,0.103975,0.339771,0.870089,0.536180,0.634273,0.977323,0.366224,0.918777,0.635177,0.885708,0.962071,0.975421,0.990635,0.231387,0.503738,0.852127,0.728687,0.519111,0.180850,0.276202,0.758104,0.566480,0.614272,0.314588,0.337848,0.858211,0.551610,0.730405,0.311941,0.250346,0.297362,0.415916,0.590118,0.167451,0.952096,0.224391,0.144773,0.318320],
[0.143167,0.779950,0.204028,0.105238,0.755372,0.194663,0.336625,0.259110,0.046789,0.065312,0.778221,0.227640,0.341514,0.536325,0.794120,0.955786,0.850914,0.131968,0.813997,0.402523,0.862373,0.125939,0.652869,0.159735,0.541855,0.242987,0.327186,0.493950,0.467378,0.471959,0.812270,0.610545,0.251910,0.016299,0.715783,0.007281,0.210961,0.052408,0.266391,0.257751],
[0.117720,0.044612,0.485390,0.459235,0.580937,0.279510,0.415021,0.431851,0.411479,0.229018,0.834374,0.273852,0.354957,0.487243,0.433586,0.896812,0.730230,0.760772,0.390762,0.197608,0.232731,0.203033,0.808153,0.484641,0.219331,0.523936,0.491922,0.430293,0.576344,0.758313,0.688043,0.694064,0.802925,0.173434,0.153299,0.383862,0.452944,0.568320,0.815713,0.864423],
[0.797338,0.650087,0.138274,0.152295,0.137330,0.571861,0.049107,0.867560,0.332633,0.439869,0.065168,0.565364,0.642902,0.873320,0.050004,0.862233,0.397256,0.541926,0.292526,0.973600,0.300238,0.980570,0.667664,0.103163,0.154003,0.820963,0.487025,0.606947,0.389283,0.302737,0.471370,0.186621,0.952824,0.609644,0.338916,0.090154,0.181505,0.388023,0.957714,0.514137],
[0.827892,0.022881,0.079501,0.470794,0.896202,0.129505,0.333027,0.293458,0.671431,0.625553,0.267058,0.971669,0.606123,0.934723,0.074832,0.760126,0.755686,0.561857,0.367074,0.144969,0.864594,0.838444,0.331590,0.817418,0.448088,0.670506,0.907572,0.629593,0.058529,0.865286,0.143730,0.886421,0.888167,0.223231,0.357214,0.784369,0.352736,0.690242,0.077827,0.024166],
[0.315795,0.344885,0.995835,0.921918,0.279608,0.070667,0.682044,0.035294,0.632524,0.049118,0.180263,0.497118,0.887561,0.511853,0.314536,0.335649,0.182359,0.222108,0.965242,0.240887,0.087394,0.108972,0.127308,0.975561,0.332203,0.484522,0.759930,0.684938,0.174764,0.837758,0.709105,0.490559,0.182643,0.704940,0.412477,0.462251,0.775607,0.094521,0.497545,0.408131],
[0.143639,0.677808,0.905249,0.031201,0.189660,0.219785,0.366850,0.372019,0.441893,0.332092,0.612906,0.529287,0.441064,0.740214,0.504848,0.773266,0.224736,0.264778,0.458205,0.399500,0.102536,0.167309,0.890059,0.285179,0.872249,0.302536,0.747430,0.647856,0.397057,0.244975,0.055988,0.540697,0.922782,0.961237,0.571898,0.112443,0.181022,0.938748,0.484462,0.622915],
[0.270840,0.097367,0.152202,0.711904,0.837581,0.657051,0.485170,0.062317,0.921829,0.943375,0.461816,0.024365,0.110684,0.351875,0.309544,0.982933,0.654411,0.056974,0.630789,0.051468,0.301949,0.686777,0.592165,0.224731,0.648014,0.164062,0.337174,0.829036,0.102810,0.821635,0.451951,0.373650,0.919003,0.604154,0.085553,0.756584,0.261204,0.570723,0.818901,0.183033],
[0.514098,0.280717,0.207399,0.624782,0.632592,0.516943,0.607715,0.287003,0.573917,0.238504,0.338471,0.875866,0.925281,0.930636,0.100597,0.573295,0.094698,0.437771,0.402331,0.197508,0.259406,0.854282,0.571158,0.178409,0.458436,0.656711,0.934993,0.719640,0.227435,0.753894,0.902673,0.741533,0.034611,0.110072,0.366314,0.667203,0.627015,0.974029,0.954205,0.200931],
[0.212533,0.292676,0.076797,0.137814,0.223312,0.177394,0.711109,0.318009,0.615164,0.113440,0.515517,0.874570,0.967722,0.086675,0.052979,0.426158,0.743387,0.987972,0.145798,0.970821,0.741865,0.048471,0.712354,0.776476,0.158543,0.078669,0.443679,0.785557,0.052698,0.397884,0.986489,0.265231,0.690560,0.063286,0.403046,0.913871,0.240680,0.114155,0.231881,0.855844],
[0.227595,0.747398,0.730414,0.195318,0.834073,0.783393,0.621475,0.577460,0.771365,0.767273,0.548281,0.513231,0.815744,0.260635,0.289707,0.974287,0.339304,0.733385,0.759844,0.392002,0.131269,0.746333,0.657233,0.821829,0.809619,0.060278,0.735700,0.050299,0.174433,0.967581,0.906142,0.402029,0.714979,0.636556,0.597346,0.549052,0.419950,0.218822,0.126512,0.191315],
[0.986095,0.674793,0.704545,0.801839,0.935429,0.994252,0.776126,0.274733,0.727637,0.535970,0.666735,0.858906,0.282304,0.323967,0.680735,0.091923,0.384246,0.416435,0.142221,0.558679,0.384016,0.048364,0.960708,0.098994,0.684920,0.558054,0.648047,0.104870,0.776876,0.774559,0.296185,0.762971,0.449352,0.000730,0.564810,0.384781,0.994982,0.340936,0.659514,0.722619],
[0.876906,0.326248,0.581525,0.159209,0.650216,0.262260,0.251132,0.034461,0.678695,0.393353,0.593140,0.062711,0.441717,0.553848,0.161705,0.126637,0.111902,0.809752,0.231507,0.888778,0.584311,0.527691,0.651748,0.033663,0.528421,0.216558,0.418444,0.523403,0.557493,0.077957,0.246023,0.434399,0.404206,0.827548,0.593609,0.054421,0.089809,0.844741,0.088883,0.768504],
[0.238094,0.682023,0.831215,0.679811,0.235871,0.992920,0.806448,0.347773,0.802672,0.037955,0.236551,0.386983,0.565646,0.888299,0.420645,0.094068,0.104856,0.839089,0.617471,0.662349,0.917046,0.863494,0.096749,0.321252,0.691042,0.690357,0.375673,0.780851,0.535098,0.464555,0.549354,0.773192,0.146578,0.380569,0.453003,0.382449,0.373489,0.259451,0.730222,0.176161],
[0.297405,0.966773,0.563143,0.863052,0.855072,0.983789,0.957119,0.959928,0.822877,0.574590,0.622277,0.739923,0.438084,0.719026,0.061175,0.129126,0.409383,0.436848,0.909977,0.944481,0.901403,0.459331,0.717673,0.047981,0.839900,0.170675,0.430431,0.213389,0.430126,0.160653,0.389550,0.727531,0.127426,0.952693,0.590583,0.982498,0.936482,0.547702,0.942426,0.759359],
[0.122293,0.564703,0.499282,0.560377,0.283729,0.560457,0.689503,0.693112,0.997305,0.599480,0.637593,0.898707,0.058811,0.355266,0.946689,0.898712,0.525941,0.377119,0.112101,0.956067,0.537772,0.501651,0.683598,0.665198,0.454344,0.274181,0.647696,0.390825,0.821884,0.590122,0.150184,0.944176,0.154826,0.649467,0.504553,0.438555,0.209924,0.194057,0.131667,0.207228],
[0.793537,0.769260,0.105936,0.852348,0.124526,0.052624,0.751060,0.650467,0.429743,0.863160,0.606534,0.967516,0.364811,0.290133,0.632714,0.819155,0.564314,0.280411,0.209980,0.386198,0.870533,0.360165,0.330374,0.025358,0.009631,0.834928,0.463913,0.219555,0.028984,0.595580,0.426783,0.822521,0.364841,0.532719,0.674870,0.489367,0.585343,0.425929,0.139835,0.015087],
[0.289090,0.746369,0.982603,0.653900,0.036502,0.615317,0.473055,0.600816,0.895727,0.683035,0.987013,0.766260,0.043200,0.317388,0.791619,0.052831,0.152315,0.255532,0.272386,0.181300,0.851112,0.699169,0.003821,0.215953,0.231888,0.678691,0.705320,0.817232,0.104620,0.845155,0.832319,0.393709,0.591524,0.814921,0.047610,0.628026,0.430238,0.520665,0.228841,0.325965],
[0.203700,0.215855,0.092226,0.246900,0.533243,0.883844,0.299730,0.685558,0.139376,0.572116,0.866858,0.990489,0.271285,0.870679,0.206442,0.503174,0.549370,0.911763,0.320406,0.653990,0.756918,0.152724,0.047699,0.348442,0.967645,0.095309,0.976467,0.397883,0.615974,0.205309,0.723848,0.819674,0.421163,0.816074,0.066574,0.954406,0.699918,0.366304,0.639964,0.839295],
[0.938420,0.506822,0.829784,0.209706,0.377501,0.036226,0.712880,0.926871,0.947988,0.033285,0.580861,0.704906,0.186009,0.628560,0.053348,0.153654,0.723869,0.029815,0.551537,0.339843,0.235124,0.275386,0.159517,0.656287,0.091460,0.226091,0.610693,0.791378,0.592395,0.250657,0.630673,0.530815,0.757479,0.460457,0.740521,0.134980,0.496683,0.453400,0.061850,0.444671],
[0.486686,0.642711,0.149577,0.672695,0.271271,0.202925,0.826349,0.995140,0.232740,0.377886,0.334983,0.467863,0.653272,0.494500,0.124150,0.744731,0.720591,0.734843,0.536109,0.312986,0.985500,0.166782,0.843801,0.742979,0.627239,0.584322,0.877959,0.123922,0.037722,0.939809,0.568593,0.524408,0.582520,0.718170,0.197103,0.853790,0.921095,0.023451,0.848930,0.153834],
[0.401338,0.183913,0.621698,0.054609,0.678413,0.745848,0.799341,0.399004,0.480692,0.335450,0.711990,0.466192,0.502232,0.555791,0.209171,0.129472,0.140113,0.087130,0.253393,0.177835,0.026939,0.821986,0.702243,0.609459,0.540156,0.899346,0.463249,0.461251,0.922797,0.312179,0.615085,0.324135,0.496093,0.236783,0.378744,0.174506,0.982631,0.178085,0.573510,0.463322],
[0.513535,0.285501,0.929514,0.015767,0.841292,0.138685,0.145239,0.981405,0.225815,0.398633,0.159240,0.252754,0.220619,0.861483,0.862213,0.760775,0.760829,0.325462,0.222026,0.683627,0.637641,0.837111,0.007762,0.133734,0.073894,0.386506,0.308240,0.056525,0.564591,0.881750,0.519847,0.078126,0.167251,0.449361,0.093893,0.008543,0.588047,0.239132,0.989947,0.813862],
[0.637765,0.149188,0.066616,0.858384,0.010671,0.928829,0.619159,0.771500,0.254291,0.841185,0.455127,0.891932,0.678296,0.462889,0.025667,0.752189,0.849394,0.333907,0.808714,0.413985,0.215657,0.328561,0.492111,0.382908,0.777922,0.586004,0.391450,0.365969,0.825136,0.381398,0.179831,0.462901,0.530586,0.246447,0.321285,0.541257,0.175276,0.940443,0.312757,0.429567],
[0.781628,0.767884,0.321499,0.459923,0.230772,0.347166,0.212113,0.080167,0.681073,0.020827,0.494152,0.896730,0.349388,0.986263,0.279637,0.127310,0.572267,0.671088,0.493279,0.397403,0.052486,0.673110,0.860304,0.583071,0.919557,0.181588,0.124328,0.094833,0.122031,0.437085,0.524400,0.903659,0.204969,0.845899,0.363583,0.435741,0.193065,0.575695,0.515908,0.874138],
[0.596522,0.010059,0.770868,0.945910,0.996322,0.050505,0.073220,0.568589,0.721593,0.566498,0.965992,0.774079,0.239608,0.826296,0.357150,0.159165,0.007884,0.481478,0.253998,0.129915,0.918563,0.778397,0.033575,0.123531,0.624297,0.397157,0.559272,0.817362,0.972852,0.075180,0.691500,0.569374,0.085239,0.462367,0.515284,0.081561,0.512872,0.588503,0.650150,0.234465],
[0.155002,0.616142,0.008544,0.394610,0.442437,0.365694,0.553775,0.450321,0.847172,0.807772,0.580237,0.765735,0.586170,0.613811,0.889266,0.210466,0.010968,0.448538,0.027828,0.983820,0.523718,0.719328,0.553195,0.608957,0.181695,0.068479,0.690518,0.694567,0.656982,0.340668,0.929032,0.811984,0.956810,0.937576,0.206594,0.399248,0.303270,0.760368,0.849569,0.150443],
[0.568140,0.429806,0.916177,0.154310,0.043617,0.805444,0.364776,0.054585,0.253982,0.392604,0.038406,0.777700,0.111932,0.591600,0.386657,0.293627,0.660079,0.077175,0.988194,0.317061,0.417844,0.917226,0.129045,0.374654,0.854803,0.335639,0.773902,0.158073,0.096007,0.623471,0.308516,0.664147,0.053277,0.224693,0.818457,0.096894,0.030137,0.183233,0.151480,0.284119],
[0.575837,0.189885,0.061818,0.687769,0.781486,0.448475,0.981396,0.441565,0.525651,0.969590,0.758626,0.943494,0.886816,0.887671,0.318149,0.741619,0.223310,0.092051,0.899692,0.319317,0.715522,0.208208,0.983465,0.768799,0.432901,0.801922,0.865694,0.463038,0.985155,0.017173,0.747156,0.560993,0.207059,0.808975,0.248762,0.988544,0.257450,0.230157,0.430109,0.783101],
[0.199747,0.188736,0.726595,0.086563,0.076407,0.044744,0.828182,0.299717,0.136794,0.727875,0.619034,0.852316,0.936082,0.602499,0.621116,0.368983,0.404421,0.486809,0.832021,0.389576,0.503983,0.579177,0.950568,0.711041,0.388152,0.199330,0.699586,0.645602,0.429488,0.129695,0.428703,0.629235,0.318430,0.155298,0.715798,0.394837,0.200042,0.543981,0.694554,0.336836],
[0.271855,0.313588,0.189152,0.207938,0.916087,0.810268,0.576921,0.320507,0.297077,0.408942,0.710083,0.801060,0.988120,0.660652,0.512101,0.376272,0.859982,0.211687,0.021874,0.289469,0.341382,0.450577,0.918704,0.659812,0.605875,0.634502,0.054649,0.805917,0.178483,0.749204,0.142753,0.450338,0.062792,0.331905,0.658276,0.978879,0.142173,0.235197,0.299386,0.439250]],
[[0.644139,0.009470,0.240310,0.632259,0.670121,0.752412,0.008530,0.530103,0.964098,0.030404,0.819572,0.305480,0.480981,0.738277,0.965292,0.086857,0.372779,0.019941,0.892773,0.551262,0.769145,0.035526,0.001600,0.831937,0.367431,0.659876,0.810816,0.509605,0.895073,0.110202,0.948855,0.539212,0.119672,0.189165,0.171471,0.789793,0.941577,0.180001,0.319896,0.905675],
[0.210405,0.139469,0.211155,0.691387,0.877745,0.176447,0.778243,0.250524,0.196389,0.671017,0.801786,0.965533,0.706543,0.803386,0.797470,0.073975,0.463262,0.608286,0.583579,0.358335,0.718488,0.532434,0.897547,0.838160,0.721600,0.069018,0.627952,0.663177,0.249019,0.947849,0.568852,0.459424,0.087317,0.780007,0.150811,0.965062,0.956455,0.929054,0.215586,0.152843],
[0.600071,0.017372,0.118377,0.306614,0.820759,0.915847,0.380589,0.284021,0.524133,0.964168,0.642357,0.242621,0.496602,0.539904,0.080780,0.218202,0.608922,0.708733,0.881378,0.857941,0.656581,0.450230,0.317365,0.743898,0.230237,0.468176,0.708960,0.186692,0.397230,0.924546,0.339535,0.997302,0.941919,0.457912,0.303916,0.762678,0.373758,0.684505,0.046699,0.897891],
[0.648673,0.689055,0.140512,0.145275,0.228959,0.221292,0.363477,0.837881,0.930024,0.244855,0.695822,0.586605,0.695086,0.013187,0.330503,0.925323,0.481363,0.039463,0.112015,0.878593,0.964010,0.451550,0.875895,0.905929,0.909462,0.179811,0.668606,0.283220,0.864316,0.715305,0.181111,0.512989,0.404360,0.321623,0.658264,0.633319,0.542914,0.021742,0.471200,0.472939],
[0.266597,0.167022,0.059544,0.961683,0.180209,0.390047,0.887006,0.661571,0.429510,0.999021,0.540164,0.393520,0.450571,0.416059,0.299449,0.360033,0.595870,0.968055,0.643254,0.460186,0.683360,0.824365,0.973175,0.087720,0.145988,0.631439,0.721039,0.688902,0.653181,0.192239,0.161841,0.919778,0.359261,0.221385,0.881460,0.539470,0.611431,0.768466,0.201041,0.040942],
[0.767487,0.741205,0.434462,0.218059,0.157265,0.733911,0.578092,0.753135,0.701965,0.221346,0.213320,0.385325,0.045711,0.186495,0.473045,0.191698,0.817934,0.194084,0.880601,0.471115,0.386323,0.042442,0.390893,0.745583,0.263826,0.272353,0.285053,0.875258,0.040820,0.486094,0.916199,0.808307,0.227299,0.350661,0.026366,0.384564,0.084572,0.604458,0.137699,0.786537],
[0.825803,0.351019,0.171862,0.871514,0.537514,0.644907,0.063212,0.355448,0.838990,0.943813,0.826563,0.225313,0.986254,0.217456,0.970896,0.250081,0.489809,0.255949,0.125338,0.530629,0.742043,0.041537,0.338936,0.969343,0.392199,0.365302,0.353907,0.476770,0.969759,0.491605,0.263307,0.795563,0.842624,0.435169,0.667076,0.380138,0.080076,0.730289,0.735587,0.919066],
[0.674102,0.562150,0.144379,0.660356,0.779607,0.115275,0.910437,0.269416,0.371224,0.035775,0.800045,0.113268,0.077312,0.138981,0.082610,0.469511,0.504282,0.436517,0.946281,0.474042,0.928122,0.209588,0.269604,0.770746,0.644757,0.936681,0.150885,0.724833,0.666969,0.886472,0.643899,0.341071,0.448622,0.788278,0.001427,0.228229,0.903553,0.911864,0.497645,0.274778],
[0.947638,0.297690,0.388045,0.024951,0.436671,0.470656,0.494461,0.940953,0.907172,0.440742,0.414995,0.835294,0.650330,0.684599,0.606041,0.295087,0.621279,0.756926,0.019921,0.288249,0.643397,0.663820,0.629320,0.092019,0.452098,0.630747,0.320248,0.355652,0.542610,0.817892,0.630430,0.490249,0.115582,0.018475,0.515199,0.552252,0.489131,0.009661,0.493205,0.396303],
[0.450403,0.908200,0.231597,0.100733,0.592799,0.837638,0.395821,0.214078,0.594564,0.415741,0.502327,0.237961,0.079561,0.131647,0.329980,0.531659,0.762394,0.650228,0.887311,0.305004,0.468120,0.517740,0.795253,0.583702,0.536215,0.310452,0.135954,0.025346,0.320113,0.629160,0.421649,0.770516,0.537360,0.653246,0.871249,0.130159,0.490884,0.267070,0.344237,0.085448],
[0.682811,0.846565,0.323409,0.762372,0.978212,0.653389,0.294031,0.740605,0.303616,0.181342,0.045609,0.771736,0.699082,0.840862,0.355438,0.235298,0.151314,0.491392,0.260643,0.471427,0.120552,0.682292,0.241943,0.657912,0.335538,0.113192,0.788071,0.826423,0.380262,0.132308,0.911870,0.063073,0.978873,0.235279,0.825445,0.957085,0.888668,0.119476,0.697690,0.192285],
[0.300818,0.743299,0.964021,0.999900,0.584161,0.319459,0.235198,0.735474,0.810852,0.495841,0.206901,0.931404,0.178133,0.448844,0.589316,0.513672,0.562037,0.377387,0.340094,0.942299,0.509696,0.251965,0.005372,0.488569,0.487244,0.830816,0.445653,0.375912,0.950292,0.143343,0.568197,0.251110,0.886642,0.532218,0.251010,0.470802,0.851677,0.486208,0.206277,0.662529],
[0.982049,0.413178,0.593933,0.160183,0.862023,0.183249,0.673854,0.424059,0.560636,0.013948,0.366358,0.070331,0.265913,0.371729,0.558900,0.753157,0.202546,0.004553,0.129069,0.152838,0.147896,0.697266,0.403948,0.034538,0.229484,0.654958,0.505340,0.081162,0.141166,0.711617,0.743690,0.123216,0.124795,0.337623,0.283398,0.986817,0.520872,0.957252,0.410877,0.081508],
[0.971201,0.777234,0.151839,0.237114,0.148964,0.710739,0.990271,0.351509,0.715292,0.119340,0.504347,0.863189,0.816607,0.908295,0.897726,0.046091,0.563254,0.403067,0.127252,0.704420,0.114683,0.870943,0.827636,0.239478,0.208566,0.111034,0.226296,0.729438,0.068286,0.637172,0.810946,0.039487,0.414406,0.962785,0.276601,0.563370,0.673524,0.266872,0.914879,0.388817],
[0.386213,0.419227,0.252005,0.202819,0.327522,0.149732,0.248910,0.890776,0.552798,0.376162,0.595196,0.667482,0.247105,0.422832,0.906960,0.455671,0.533866,0.133255,0.185109,0.602152,0.770428,0.996055,0.641640,0.184834,0.958840,0.918241,0.748204,0.632365,0.185113,0.663083,0.021182,0.571326,0.082310,0.273187,0.774145,0.409833,0.422919,0.023055,0.300609,0.975717],
[0.399217,0.895805,0.643199,0.646322,0.318637,0.550159,0.101994,0.852503,0.683415,0.287103,0.454656,0.453842,0.283158,0.096296,0.638676,0.241999,0.014537,0.386880,0.874363,0.199650,0.049963,0.895545,0.770976,0.132274,0.168732,0.545121,0.542106,0.591651,0.568176,0.842715,0.567368,0.967393,0.738520,0.210567,0.613716,0.057158,0.760726,0.715709,0.909661,0.444141],
[0.002812,0.364317,0.897983,0.285970,0.460612,0.536659,0.527969,0.475149,0.923539,0.402332,0.674799,0.973503,0.297877,0.445774,0.105777,0.466609,0.990895,0.647883,0.058259,0.559071,0.490598,0.625627,0.526464,0.229119,0.836194,0.140179,0.286276,0.596921,0.855889,0.195937,0.041062,0.858701,0.560253,0.939045,0.144671,0.020865,0.475704,0.672640,0.496014,0.399244],
[0.074972,0.170813,0.372746,0.372849,0.616587,0.478523,0.839458,0.607482,0.126406,0.897717,0.166553,0.617004,0.523344,0.693017,0.846123,0.359539,0.833197,0.132399,0.956459,0.689085,0.328336,0.997521,0.547786,0.888589,0.936566,0.692458,0.909455,0.412270,0.365098,0.405469,0.811514,0.440070,0.576281,0.184260,0.812920,0.192869,0.662783,0.652377,0.800351,0.789189],
[0.550095,0.966904,0.406194,0.073439,0.659922,0.252316,0.432978,0.493118,0.384715,0.389437,0.182204,0.713051,0.386958,0.729990,0.601640,0.323524,0.422448,0.511094,0.735795,0.787546,0.916563,0.547309,0.227616,0.492845,0.731569,0.040535,0.685713,0.394352,0.692913,0.486064,0.183542,0.243007,0.452969,0.589736,0.316446,0.112890,0.842052,0.749424,0.606009,0.226767],
[0.138861,0.788212,0.939818,0.525819,0.518202,0.541458,0.849343,0.940650,0.052553,0.585138,0.728196,0.969116,0.132447,0.955812,0.461960,0.864016,0.996347,0.147674,0.258368,0.689260,0.633738,0.441910,0.932268,0.086707,0.031646,0.248714,0.199597,0.873698,0.998138,0.805606,0.100465,0.136998,0.593818,0.040284,0.662817,0.112020,0.581742,0.512161,0.052670,0.634294],
[0.097299,0.780866,0.603410,0.229746,0.736678,0.065371,0.093762,0.733025,0.213045,0.352131,0.422285,0.846783,0.794041,0.354553,0.933490,0.825687,0.603266,0.133087,0.699385,0.601404,0.938693,0.799850,0.738402,0.532511,0.840134,0.401220,0.644531,0.421876,0.913381,0.697202,0.056170,0.010680,0.478068,0.659580,0.240426,0.214746,0.724951,0.334188,0.947771,0.937996],
[0.686319,0.370056,0.784778,0.480360,0.724609,0.718268,0.306047,0.327875,0.851355,0.005431,0.929279,0.790048,0.805282,0.667681,0.322559,0.645415,0.068901,0.967090,0.067291,0.982282,0.664291,0.123461,0.992962,0.142359,0.783041,0.233389,0.357105,0.507992,0.567577,0.304875,0.445988,0.253896,0.674931,0.230766,0.734256,0.399540,0.949034,0.040302,0.727415,0.800389],
[0.045734,0.656694,0.590437,0.851015,0.324375,0.912996,0.496430,0.393277,0.880085,0.563721,0.375559,0.544376,0.687182,0.368521,0.686735,0.470223,0.601910,0.043840,0.978215,0.169487,0.348715,0.424203,0.423383,0.023646,0.654969,0.157638,0.423186,0.604003,0.197940,0.150601,0.404392,0.243674,0.807295,0.994830,0.094689,0.131670,0.907825,0.591119,0.524947,0.787911],
[0.154840,0.900506,0.332287,0.842022,0.269027,0.019023,0.312245,0.870937,0.062863,0.290460,0.040423,0.411578,0.714662,0.463806,0.435224,0.369631,0.621444,0.858410,0.973634,0.819384,0.009011,0.378026,0.063058,0.816306,0.372856,0.157747,0.947976,0.280682,0.748866,0.472923,0.068592,0.903706,0.373429,0.400880,0.745728,0.642456,0.419902,0.057973,0.513392,0.482765],
[0.348433,0.553815,0.894342,0.063095,0.017621,0.329567,0.432726,0.639065,0.187977,0.406360,0.458449,0.196988,0.784387,0.521507,0.013294,0.157243,0.679254,0.961270,0.437924,0.428120,0.434193,0.506517,0.331826,0.807622,0.907396,0.077555,0.450078,0.327298,0.135528,0.963470,0.810063,0.483961,0.517285,0.704405,0.547056,0.534906,0.033972,0.979783,0.173971,0.221949],
[0.386143,0.632420,0.418937,0.170530,0.153927,0.432231,0.327773,0.833181,0.393501,0.765697,0.261301,0.827694,0.272214,0.593128,0.635316,0.179610,0.670683,0.085394,0.506908,0.806211,0.048864,0.316971,0.290172,0.566149,0.021377,0.837229,0.101055,0.055349,0.817011,0.275026,0.277297,0.203155,0.907446,0.696234,0.373684,0.061373,0.128465,0.701457,0.894555,0.521966],
[0.467154,0.155856,0.349660,0.739368,0.748984,0.984977,0.918978,0.419667,0.070370,0.425886,0.225878,0.119234,0.742858,0.516050,0.685383,0.764234,0.353279,0.786437,0.819583,0.170290,0.061463,0.096880,0.373445,0.968909,0.793114,0.747129,0.030282,0.921579,0.448586,0.924837,0.443545,0.915740,0.080693,0.793206,0.655109,0.829677,0.778182,0.574087,0.249344,0.848553],
[0.999973,0.475222,0.967787,0.742831,0.991272,0.653169,0.507065,0.344551,0.439607,0.326648,0.514841,0.501070,0.423528,0.888285,0.469979,0.216643,0.635414,0.500261,0.138222,0.084001,0.425098,0.581767,0.999741,0.505791,0.374973,0.654850,0.335468,0.153156,0.228936,0.584813,0.001708,0.228910,0.060035,0.969495,0.971740,0.051307,0.622665,0.478806,0.395858,0.062271],
[0.805454,0.910699,0.563341,0.228982,0.798984,0.033320,0.445625,0.434399,0.533581,0.583847,0.518399,0.958679,0.165614,0.518140,0.464470,0.540587,0.172990,0.799938,0.693743,0.401926,0.384751,0.695451,0.630836,0.444786,0.664946,0.602576,0.496092,0.287611,0.081382,0.891950,0.349882,0.886835,0.802649,0.913223,0.115817,0.601633,0.946543,0.561442,0.036031,0.480124],
[0.145288,0.554431,0.438802,0.310903,0.072571,0.903272,0.851490,0.245560,0.703210,0.545233,0.647487,0.087961,0.240684,0.278323,0.532746,0.905631,0.880899,0.028839,0.193242,0.962281,0.920789,0.543124,0.849116,0.723438,0.456347,0.964933,0.325071,0.402890,0.526375,0.361102,0.883014,0.671663,0.915533,0.321816,0.982566,0.988103,0.225088,0.834056,0.233664,0.928298],
[0.379289,0.881151,0.016259,0.619973,0.159473,0.549005,0.525604,0.040372,0.577844,0.718845,0.002653,0.498633,0.261969,0.851768,0.222071,0.718317,0.816701,0.547142,0.121207,0.343076,0.908244,0.004221,0.014740,0.823777,0.326037,0.997305,0.811880,0.551125,0.831361,0.045544,0.479423,0.210650,0.926695,0.495682,0.830623,0.086168,0.044687,0.356227,0.126540,0.622531],
[0.075072,0.129193,0.121165,0.337042,0.980961,0.343236,0.055358,0.797662,0.890378,0.176566,0.140739,0.798622,0.180786,0.155478,0.622399,0.506823,0.152784,0.434280,0.057948,0.984145,0.479824,0.537371,0.194795,0.406519,0.033053,0.025418,0.492687,0.077740,0.381645,0.619227,0.700272,0.456717,0.748420,0.821436,0.793759,0.729381,0.164672,0.849118,0.527043,0.055050],
[0.025683,0.667782,0.853672,0.206470,0.823260,0.476072,0.713293,0.976043,0.910351,0.771241,0.960188,0.390175,0.308612,0.154984,0.796694,0.341665,0.180402,0.289381,0.419406,0.562047,0.908609,0.119677,0.018765,0.657028,0.941114,0.812524,0.386409,0.105786,0.661642,0.913452,0.160836,0.687325,0.581233,0.014509,0.893794,0.404493,0.490580,0.607088,0.380536,0.400932],
[0.378329,0.340725,0.791107,0.686941,0.495709,0.587801,0.028607,0.676111,0.877183,0.448013,0.238158,0.785791,0.567690,0.256923,0.442819,0.508804,0.069447,0.829228,0.614590,0.731089,0.742680,0.775426,0.418413,0.323913,0.789935,0.312208,0.728406,0.280515,0.919295,0.108942,0.681447,0.297624,0.449667,0.472554,0.984566,0.945376,0.060355,0.013172,0.621486,0.937538],
[0.461185,0.859645,0.723329,0.028875,0.116568,0.166148,0.537678,0.186015,0.995376,0.152268,0.917103,0.738056,0.927694,0.335517,0.061969,0.717629,0.647725,0.790375,0.998144,0.567020,0.899317,0.679590,0.864644,0.348984,0.152144,0.849210,0.294360,0.212499,0.862382,0.915847,0.150037,0.323567,0.775491,0.873366,0.352442,0.892059,0.039514,0.890120,0.078074,0.034890],
[0.042388,0.995177,0.772946,0.970082,0.330694,0.834915,0.687711,0.978419,0.625290,0.685855,0.545439,0.524607,0.365445,0.410083,0.873592,0.517589,0.259293,0.167952,0.730088,0.121676,0.083799,0.880125,0.445243,0.859290,0.753490,0.797685,0.751349,0.793004,0.687805,0.829422,0.827894,0.730194,0.824599,0.600840,0.700276,0.155293,0.435755,0.387987,0.133711,0.061045],
[0.073842,0.679150,0.585653,0.439287,0.089233,0.459245,0.956876,0.348526,0.627197,0.686963,0.470202,0.710995,0.567088,0.915445,0.570285,0.320578,0.713130,0.321633,0.113582,0.400935,0.151055,0.941476,0.131129,0.975654,0.542316,0.831405,0.130947,0.978071,0.219392,0.264659,0.039117,0.293234,0.943809,0.624770,0.732520,0.033042,0.084014,0.689396,0.381568,0.711211],
[0.376359,0.851770,0.422206,0.943447,0.767215,0.992491,0.264025,0.480345,0.314124,0.377607,0.881280,0.465180,0.319083,0.012409,0.440834,0.861399,0.843814,0.571781,0.839471,0.063206,0.836440,0.878588,0.356439,0.780249,0.503357,0.088960,0.813291,0.587372,0.778356,0.194859,0.298582,0.154715,0.046629,0.720788,0.098163,0.813845,0.713279,0.362188,0.294190,0.027403],
[0.739795,0.175470,0.492583,0.058879,0.187878,0.933417,0.920278,0.031692,0.505198,0.759749,0.094898,0.341638,0.638336,0.451337,0.121887,0.141694,0.540297,0.935177,0.729065,0.318653,0.130036,0.027648,0.473368,0.176666,0.748436,0.571531,0.990510,0.461715,0.933719,0.284700,0.489119,0.673514,0.460170,0.981702,0.732393,0.648048,0.915119,0.652671,0.679740,0.420317],
[0.412420,0.774638,0.761955,0.050756,0.225976,0.883842,0.192450,0.766273,0.819019,0.921515,0.084926,0.949055,0.949162,0.558294,0.125720,0.697598,0.129825,0.116231,0.159314,0.063544,0.400931,0.648432,0.737058,0.861100,0.630134,0.469451,0.509148,0.545253,0.122122,0.188888,0.965570,0.534542,0.963527,0.727525,0.585298,0.189502,0.611366,0.777748,0.955775,0.430385]]];

c=[[7,2,7,1,6,2,7,4,8,9,4,1,5,4,7,6,2,4,8,4,9,3,8,9,9,7,4,4,4,4,5,10,6,1,3,3,2,9,9,1],
[9,2,2,4,7,10,1,10,3,8,3,3,10,3,1,8,9,6,3,2,2,7,3,9,7,5,1,1,6,9,3,4,2,6,7,9,5,7,10,9],
[6,3,1,7,5,3,6,5,1,8,6,2,4,8,2,3,5,2,5,10,3,9,3,4,5,2,4,9,10,4,10,8,8,2,4,2,5,10,8,7],
[7,3,10,3,2,1,7,6,4,3,7,6,1,2,10,5,3,5,6,4,8,7,1,5,8,5,8,4,6,5,10,2,9,1,6,3,1,4,8,5],
[6,7,2,9,8,3,5,2,8,2,5,7,8,8,4,6,2,1,9,9,8,1,2,8,1,8,10,2,3,10,8,9,6,9,9,5,4,3,6,1],
[7,10,7,4,7,10,9,10,3,10,8,2,10,2,1,10,9,3,3,3,2,10,3,9,1,1,3,4,6,10,6,2,9,2,7,8,4,6,9,8],
[7,9,1,6,10,1,7,10,3,10,2,6,9,5,6,1,7,10,4,2,9,9,3,10,3,10,7,8,7,7,5,5,5,7,10,6,9,6,5,4],
[7,9,9,6,3,7,6,9,6,2,3,5,2,7,4,4,8,2,1,6,10,7,10,7,5,1,2,4,9,9,7,5,7,7,2,1,3,10,1,1],
[1,3,7,2,2,2,8,9,3,10,5,4,7,4,10,3,7,2,6,5,10,4,9,8,1,1,10,5,10,10,5,2,5,1,5,6,4,2,4,6],
[2,10,2,10,4,1,2,2,2,10,6,3,3,4,2,3,6,1,10,7,1,6,10,7,9,5,2,2,8,7,10,9,7,1,10,2,1,4,3,5],
[3,8,9,7,3,1,2,1,1,1,7,3,6,7,1,4,3,2,6,10,9,7,1,5,7,10,8,7,5,10,1,9,7,10,6,1,2,7,1,4],
[9,10,9,6,6,9,2,10,1,7,9,1,5,9,7,1,1,4,7,7,3,10,6,1,1,3,3,4,9,4,7,9,3,5,4,10,4,5,1,6],
[3,9,8,7,10,4,7,10,9,6,6,3,7,3,5,9,5,7,2,5,2,8,5,4,5,9,5,10,5,5,7,8,6,4,6,5,9,3,6,7],
[10,3,1,6,6,5,6,2,1,7,7,3,6,1,8,10,1,5,9,6,1,7,5,6,10,10,10,10,4,5,8,3,10,8,10,5,2,5,6,3],
[3,4,7,9,7,6,8,7,10,9,4,1,5,8,8,7,10,8,8,3,4,6,8,5,3,9,9,7,6,7,1,8,2,7,6,8,2,6,7,4],
[4,2,4,10,2,1,8,1,10,8,3,6,3,10,10,7,1,1,3,6,9,3,3,10,1,1,10,3,6,8,8,1,9,1,2,10,3,10,10,5],
[7,5,2,1,6,3,7,6,5,2,1,3,4,6,3,7,6,4,1,3,1,8,3,9,10,4,1,2,5,10,8,3,6,9,5,2,4,4,7,8],
[5,10,1,8,7,5,6,2,8,6,6,8,3,10,8,2,3,8,6,10,10,3,4,5,4,9,8,7,4,5,6,8,6,8,7,2,2,3,5,1],
[8,10,8,1,9,8,2,3,5,9,4,6,2,10,3,7,10,10,5,3,6,10,10,3,8,6,4,1,10,10,2,8,1,1,10,1,8,3,6,5],
[2,1,10,5,10,4,1,1,6,5,3,1,6,4,6,3,2,1,6,1,1,7,10,1,7,9,4,5,2,9,1,5,1,2,9,1,6,9,3,1],
[3,6,3,8,1,8,3,2,1,8,5,1,6,4,3,2,5,8,8,8,6,10,2,7,2,10,9,9,10,1,9,4,8,3,1,1,3,5,4,3],
[4,8,5,9,4,9,3,10,7,2,7,2,2,8,10,3,9,10,1,8,3,1,1,2,5,3,2,9,10,6,1,3,5,7,4,10,6,8,9,2],
[9,5,5,2,4,7,6,4,6,8,3,10,8,3,2,5,8,5,3,7,2,6,1,7,2,6,8,7,3,7,10,2,3,5,3,9,1,9,2,8],
[6,5,8,6,9,1,10,6,7,4,4,9,9,7,7,3,2,4,1,5,2,1,8,5,5,10,5,5,10,6,4,8,2,3,3,1,3,4,8,2],
[9,4,2,10,10,8,2,1,3,2,7,7,2,4,3,8,6,7,2,5,2,8,4,4,10,6,6,5,1,3,6,2,6,9,1,7,8,2,8,10],
[5,4,8,7,10,10,4,5,6,8,9,10,5,3,3,6,10,10,10,3,4,7,4,10,5,4,8,2,7,5,4,1,1,1,7,10,3,3,4,8],
[2,4,7,8,8,1,3,10,10,5,4,6,3,7,7,10,2,4,3,8,9,8,10,1,1,7,2,3,1,5,10,2,10,9,9,10,1,3,9,3],
[9,2,8,2,10,4,3,1,7,5,10,7,3,9,7,3,7,8,5,7,4,6,10,6,6,10,5,7,5,5,9,3,6,6,6,7,9,8,7,5],
[3,8,4,7,6,10,9,5,10,5,3,3,2,3,8,8,4,2,4,8,6,4,3,3,9,8,9,9,6,7,5,10,4,8,6,2,8,6,6,7],
[2,10,1,3,2,9,2,8,2,5,7,10,10,9,4,8,7,5,6,4,1,3,3,7,10,10,10,9,7,7,5,8,6,6,2,10,6,4,7,9],
[10,5,8,10,4,4,9,10,8,7,5,10,9,7,6,8,8,7,7,4,3,3,3,1,10,4,10,7,9,8,6,1,2,5,2,5,8,10,6,7],
[6,10,7,6,8,4,6,5,1,4,10,5,6,2,5,8,6,4,4,6,3,1,6,5,6,7,1,5,9,9,2,6,8,10,2,8,3,7,2,5],
[10,4,10,7,5,6,6,2,2,10,8,4,2,5,10,9,4,1,4,2,9,7,7,8,8,8,5,10,6,9,7,7,2,8,4,6,3,9,10,4],
[10,9,8,2,3,9,10,6,9,5,9,9,3,6,7,10,5,3,2,1,3,10,7,4,7,2,2,9,3,1,3,2,1,2,5,3,10,7,1,1],
[3,9,9,6,6,7,7,1,2,10,3,4,9,1,10,5,3,1,6,5,3,10,8,3,1,5,7,2,1,9,2,5,8,3,2,3,1,9,5,2],
[10,7,8,1,8,7,5,2,9,2,8,3,1,7,7,3,1,3,5,3,2,8,8,1,2,9,5,3,9,10,6,9,8,3,9,7,1,5,8,9],
[7,5,1,9,2,7,2,4,2,8,7,5,5,4,5,7,2,9,1,3,10,6,1,8,1,1,6,1,5,4,2,3,10,4,2,3,3,5,7,4],
[2,5,8,8,8,4,6,1,4,8,3,4,4,5,3,6,5,8,6,2,3,9,4,5,3,7,7,5,1,5,10,4,9,7,4,6,10,1,9,3],
[9,3,8,2,8,10,7,4,10,4,5,4,5,9,8,7,7,5,1,8,9,2,3,10,8,8,5,9,9,5,3,7,10,1,8,7,2,6,2,3],
[1,7,7,5,7,4,3,3,10,5,2,1,6,7,10,3,4,6,3,2,1,6,10,10,8,9,8,1,4,1,4,7,9,2,3,5,7,6,10,7],
];
