m=10;
n=10;
p=3;
q=3;

alpha=[0.566150,0.788725,0.676492,0.524279,0.846794,0.673445];

proba=[[[0.085135,0.988816,0.091093,0.941801,0.087931,0.175564,0.937639,0.229190,0.218503,0.450487],
[0.047030,0.546783,0.499930,0.714574,0.947833,0.648596,0.236846,0.969017,0.617619,0.020696],
[0.215977,0.205699,0.160397,0.513113,0.561286,0.292697,0.090564,0.914270,0.341256,0.784151],
[0.261161,0.426390,0.772967,0.352254,0.368191,0.860898,0.527818,0.305831,0.090088,0.746321],
[0.756317,0.137118,0.293104,0.256248,0.851692,0.240938,0.904844,0.088538,0.209955,0.522463],
[0.109234,0.425932,0.728161,0.269631,0.939045,0.289447,0.562328,0.029609,0.203717,0.903584],
[0.813761,0.464878,0.329974,0.586727,0.817132,0.698165,0.447625,0.344950,0.003996,0.537714],
[0.091271,0.760313,0.674832,0.384376,0.016561,0.526524,0.625314,0.921405,0.615062,0.835268],
[0.443867,0.724296,0.261200,0.172029,0.993927,0.200246,0.461476,0.556255,0.229855,0.665193],
[0.459839,0.043615,0.130072,0.789813,0.630343,0.947204,0.487978,0.077968,0.292154,0.491974]],
[[0.615682,0.383425,0.252287,0.290513,0.767801,0.268848,0.817037,0.393114,0.190252,0.432099],
[0.228383,0.634120,0.156395,0.489583,0.806149,0.150322,0.689829,0.267625,0.706577,0.919683],
[0.932818,0.166416,0.963299,0.062889,0.956229,0.593642,0.010093,0.444206,0.671610,0.302247],
[0.936180,0.287292,0.685672,0.188467,0.577805,0.453473,0.457315,0.394842,0.846587,0.647567],
[0.826941,0.074970,0.281687,0.983336,0.564553,0.087835,0.133659,0.254382,0.355460,0.840236],
[0.174065,0.288277,0.006652,0.137364,0.351167,0.962881,0.731006,0.361260,0.407087,0.402615],
[0.663507,0.343268,0.689907,0.349179,0.531735,0.267712,0.802652,0.989049,0.662554,0.649239],
[0.636616,0.489495,0.724209,0.918303,0.472832,0.288762,0.006138,0.606490,0.543144,0.361597],
[0.446726,0.717209,0.649875,0.453378,0.854573,0.001042,0.416259,0.585579,0.362302,0.823347],
[0.988194,0.025809,0.166614,0.678101,0.374988,0.698349,0.945813,0.177639,0.687398,0.608368]],
[[0.826878,0.324014,0.097863,0.551088,0.242317,0.570695,0.839850,0.248455,0.177185,0.382994],
[0.610052,0.623911,0.100203,0.259927,0.077289,0.954776,0.260968,0.493549,0.540355,0.623270],
[0.316895,0.528549,0.649079,0.483510,0.206650,0.024066,0.181859,0.152464,0.201706,0.869257],
[0.760831,0.028584,0.193271,0.858694,0.579672,0.435588,0.429389,0.419521,0.684042,0.606573],
[0.802515,0.294094,0.230484,0.902718,0.554021,0.307774,0.857493,0.814989,0.801322,0.397848],
[0.438259,0.118217,0.926397,0.087338,0.601727,0.133047,0.111404,0.783586,0.285511,0.313110],
[0.652842,0.046342,0.341694,0.846113,0.905036,0.921365,0.281701,0.334425,0.340887,0.965743],
[0.940998,0.143402,0.259837,0.171482,0.046119,0.813858,0.479256,0.903612,0.628847,0.280578],
[0.301460,0.067106,0.398795,0.227857,0.154444,0.000522,0.360904,0.265848,0.784108,0.646415],
[0.578958,0.436950,0.692757,0.920652,0.283063,0.597793,0.842017,0.564764,0.932218,0.182904]],
[[0.530507,0.873216,0.326305,0.790344,0.044699,0.372424,0.604202,0.523955,0.276037,0.233048],
[0.804533,0.577497,0.300155,0.203328,0.805354,0.454599,0.203851,0.166258,0.720447,0.987959],
[0.812673,0.299405,0.424909,0.505431,0.220056,0.707972,0.103224,0.062073,0.272736,0.035442],
[0.244977,0.803242,0.908659,0.571282,0.593586,0.953358,0.943706,0.197788,0.477312,0.219743],
[0.430836,0.281845,0.797240,0.730991,0.485173,0.602594,0.185589,0.689024,0.768852,0.906036],
[0.676982,0.581526,0.205441,0.101891,0.086956,0.425497,0.809863,0.190181,0.487570,0.082598],
[0.225623,0.732547,0.885841,0.134282,0.303829,0.479427,0.087639,0.247535,0.677214,0.564951],
[0.467278,0.108050,0.846796,0.264518,0.839041,0.331969,0.867112,0.024630,0.020993,0.635965],
[0.930666,0.697975,0.217490,0.136107,0.799866,0.304447,0.561603,0.609728,0.494627,0.049173],
[0.692326,0.720250,0.781720,0.578167,0.854532,0.085549,0.057594,0.942171,0.333084,0.734808]],
[[0.507122,0.800362,0.842858,0.353919,0.064880,0.681899,0.685888,0.931993,0.706530,0.706881],
[0.567957,0.637196,0.404856,0.785448,0.773303,0.204722,0.089895,0.334906,0.814450,0.584522],
[0.384080,0.506776,0.304772,0.165800,0.084943,0.159304,0.251348,0.142537,0.101475,0.584432],
[0.877345,0.608598,0.384795,0.720204,0.962517,0.449675,0.402103,0.648405,0.381668,0.108633],
[0.355285,0.949625,0.745829,0.760141,0.735073,0.519132,0.964863,0.824967,0.854038,0.779313],
[0.409490,0.238118,0.286089,0.714262,0.403917,0.371033,0.873566,0.655266,0.513570,0.975042],
[0.239698,0.390915,0.583640,0.624493,0.111119,0.546156,0.074168,0.513222,0.194561,0.455836],
[0.621855,0.549846,0.405461,0.367684,0.309987,0.140534,0.886816,0.274850,0.965502,0.740854],
[0.054163,0.374991,0.978972,0.340252,0.089253,0.382889,0.711285,0.962820,0.038155,0.224854],
[0.937861,0.277854,0.615769,0.521501,0.902347,0.726888,0.067657,0.976515,0.240110,0.262218]],
[[0.432352,0.861965,0.812064,0.837813,0.229649,0.122052,0.978347,0.116464,0.396902,0.943849],
[0.857318,0.451065,0.318840,0.836290,0.791317,0.408093,0.219179,0.502602,0.370913,0.257334],
[0.727456,0.308774,0.535188,0.343226,0.830275,0.437534,0.070114,0.897932,0.414050,0.310224],
[0.160150,0.846401,0.172189,0.972215,0.684214,0.401837,0.094266,0.662561,0.518301,0.491168],
[0.606410,0.375620,0.942233,0.925251,0.211909,0.733551,0.333344,0.431088,0.236152,0.704257],
[0.688422,0.963609,0.013031,0.223610,0.306834,0.843306,0.661144,0.376948,0.741239,0.075194],
[0.687172,0.901389,0.921595,0.859360,0.873604,0.605809,0.261198,0.967871,0.268370,0.779499],
[0.459039,0.874781,0.155119,0.401273,0.800031,0.367028,0.134823,0.133375,0.798116,0.370976],
[0.837632,0.486538,0.334584,0.850663,0.710148,0.641419,0.693970,0.371292,0.018367,0.435209],
[0.446486,0.705539,0.336598,0.368081,0.564899,0.210202,0.973890,0.826097,0.178073,0.242261]]];

c=[[6,7,10,4,7,1,6,5,7,3],
[10,10,10,9,8,2,2,5,9,5],
[3,9,3,6,3,6,1,3,4,9],
[3,1,7,2,6,3,4,1,8,10],
[6,7,1,5,7,1,7,10,5,7],
[4,9,7,9,5,10,4,7,2,9],
[5,7,9,1,8,5,6,4,5,3],
[3,2,1,6,7,9,6,5,8,2],
[1,4,1,7,4,7,6,7,3,10],
[7,9,6,7,1,5,3,6,8,10],
];
