m=40;
n=40;
p=3;
q=3;

alpha=[0.583075,0.669691,0.512101,0.582468,0.996585,0.803524];

proba=[[[0.813293,0.034594,0.711724,0.303012,0.392557,0.258855,0.545044,0.194622,0.780958,0.802462,0.502223,0.452538,0.277715,0.691039,0.056912,0.769175,0.083222,0.021848,0.414652,0.566199,0.452160,0.861408,0.088166,0.822228,0.304067,0.254316,0.161611,0.328269,0.419252,0.154781,0.935318,0.232545,0.189375,0.647042,0.535557,0.581932,0.905897,0.080601,0.776554,0.686855],
[0.883063,0.278777,0.139393,0.160778,0.969816,0.196305,0.929952,0.053038,0.218153,0.344604,0.619238,0.670313,0.206012,0.707403,0.492542,0.510080,0.961719,0.654152,0.838349,0.380972,0.808934,0.773667,0.613517,0.998309,0.420708,0.149074,0.580241,0.326605,0.229674,0.356795,0.013460,0.112738,0.635573,0.152853,0.273516,0.605389,0.349158,0.203468,0.658427,0.567311],
[0.548072,0.277665,0.237624,0.754085,0.985068,0.730166,0.264164,0.946787,0.384318,0.102513,0.327759,0.193252,0.876180,0.941275,0.191561,0.296888,0.090349,0.771802,0.623493,0.320023,0.128597,0.636953,0.432761,0.764170,0.789806,0.706277,0.369558,0.138964,0.909745,0.027985,0.706276,0.457817,0.305650,0.943900,0.211902,0.290718,0.674066,0.476066,0.237506,0.058385],
[0.578579,0.565264,0.251637,0.454759,0.506540,0.443197,0.751648,0.596889,0.214999,0.375141,0.916912,0.343597,0.012094,0.349673,0.107767,0.801900,0.055950,0.477325,0.940864,0.965695,0.505310,0.647140,0.423512,0.810960,0.591040,0.635413,0.101679,0.265106,0.111479,0.339184,0.323491,0.690058,0.904449,0.575128,0.144818,0.410989,0.018325,0.896465,0.007877,0.233325],
[0.271606,0.924790,0.576921,0.283700,0.274463,0.684688,0.085601,0.330413,0.162013,0.026465,0.296108,0.667323,0.673605,0.719620,0.478284,0.264645,0.355033,0.579962,0.529752,0.466512,0.919147,0.853243,0.156570,0.823595,0.428370,0.301388,0.234584,0.446696,0.197853,0.242461,0.680020,0.469459,0.167251,0.256941,0.753160,0.441714,0.941629,0.838760,0.772127,0.103642],
[0.865225,0.068235,0.770965,0.538830,0.787855,0.249249,0.803476,0.142888,0.829211,0.333228,0.609400,0.748358,0.186470,0.765970,0.571953,0.614841,0.067358,0.806537,0.061536,0.265211,0.048999,0.741556,0.734670,0.216250,0.998498,0.487830,0.657964,0.940127,0.326590,0.430091,0.043769,0.191815,0.498326,0.814734,0.730646,0.286181,0.063983,0.534121,0.429068,0.893194],
[0.867349,0.038468,0.641552,0.053819,0.804438,0.213505,0.668660,0.871796,0.020042,0.730197,0.137007,0.069041,0.471753,0.871677,0.285291,0.470251,0.359507,0.943255,0.410378,0.686097,0.373346,0.454147,0.877913,0.871672,0.268881,0.608558,0.157853,0.332863,0.142680,0.586922,0.226057,0.010029,0.625390,0.867609,0.063848,0.429827,0.081114,0.732509,0.301623,0.101157],
[0.462706,0.438630,0.170198,0.934459,0.310307,0.455489,0.404710,0.669815,0.398744,0.815088,0.355912,0.772090,0.269235,0.233825,0.643762,0.538116,0.842383,0.801615,0.870979,0.985063,0.388536,0.097036,0.995092,0.013926,0.964646,0.058940,0.443753,0.045760,0.791449,0.745377,0.146917,0.254155,0.184007,0.317114,0.188613,0.494314,0.772603,0.593323,0.164129,0.171347],
[0.408411,0.520041,0.943436,0.677646,0.753866,0.587198,0.215762,0.596249,0.388813,0.086741,0.581313,0.777349,0.183777,0.576405,0.791275,0.148422,0.635345,0.235029,0.194182,0.426794,0.980405,0.341099,0.680949,0.164412,0.658213,0.869562,0.658727,0.430817,0.462886,0.822856,0.602163,0.871297,0.342897,0.545600,0.548943,0.096763,0.132798,0.764705,0.693012,0.521611],
[0.851445,0.274325,0.298960,0.035222,0.850730,0.090236,0.183645,0.486075,0.325264,0.377827,0.912869,0.305670,0.718926,0.593817,0.470082,0.377139,0.463380,0.128809,0.807956,0.926265,0.951665,0.410119,0.797562,0.294561,0.955719,0.346505,0.391324,0.088517,0.111210,0.084336,0.610128,0.962655,0.358661,0.909088,0.997878,0.209391,0.999324,0.181523,0.695465,0.324589],
[0.559350,0.608334,0.630259,0.278276,0.202152,0.100341,0.655415,0.665531,0.229150,0.463371,0.591797,0.180814,0.873490,0.389359,0.475376,0.829209,0.735864,0.866700,0.917726,0.847074,0.951036,0.527854,0.809729,0.309698,0.436942,0.807607,0.519089,0.436266,0.989130,0.214554,0.760855,0.548479,0.822888,0.391114,0.826755,0.025040,0.491455,0.482170,0.690571,0.720604],
[0.945540,0.282368,0.901419,0.819030,0.671727,0.376794,0.648238,0.407591,0.243494,0.565964,0.254665,0.194530,0.093818,0.064394,0.504228,0.530760,0.872001,0.023317,0.967026,0.861131,0.237871,0.727881,0.409610,0.060759,0.118995,0.236365,0.085799,0.610450,0.718534,0.776371,0.331054,0.664075,0.058739,0.232473,0.483104,0.730466,0.609267,0.131343,0.138057,0.852761],
[0.697307,0.392722,0.047292,0.791125,0.457116,0.551520,0.321885,0.329117,0.574836,0.288911,0.190248,0.812707,0.016792,0.599858,0.873466,0.135788,0.836223,0.959265,0.746238,0.554757,0.735636,0.077292,0.218832,0.794375,0.309765,0.701936,0.524841,0.919032,0.833279,0.662897,0.771793,0.530586,0.055619,0.819085,0.321711,0.512735,0.370604,0.643595,0.841852,0.945441],
[0.932506,0.032100,0.758148,0.949298,0.631958,0.631614,0.085086,0.468181,0.590880,0.831324,0.022938,0.326516,0.908615,0.241770,0.120891,0.218380,0.943706,0.645731,0.137412,0.776985,0.308629,0.909205,0.307571,0.364248,0.728290,0.629282,0.876983,0.098894,0.272877,0.718835,0.044335,0.205383,0.750935,0.802483,0.154682,0.382894,0.434097,0.239768,0.851075,0.024977],
[0.071091,0.874013,0.351493,0.979707,0.115783,0.472384,0.198087,0.059490,0.118115,0.335499,0.836475,0.426744,0.244704,0.144046,0.790992,0.972994,0.773328,0.667975,0.071888,0.046205,0.386810,0.116223,0.251588,0.137745,0.918706,0.406270,0.520639,0.352804,0.646038,0.371714,0.377781,0.717129,0.245727,0.729274,0.696836,0.361510,0.201658,0.894923,0.421000,0.319773],
[0.230422,0.257475,0.746517,0.475126,0.401521,0.537509,0.448120,0.174848,0.205484,0.520008,0.221053,0.592294,0.636232,0.472642,0.730039,0.554938,0.878911,0.250678,0.907742,0.524949,0.622392,0.285523,0.242078,0.868119,0.014797,0.938913,0.229629,0.216455,0.833836,0.650629,0.536228,0.064258,0.908104,0.282745,0.539383,0.309624,0.820254,0.987503,0.484473,0.025738],
[0.507512,0.705526,0.618032,0.143744,0.178168,0.348071,0.698682,0.057079,0.598749,0.606424,0.582028,0.221141,0.891947,0.824106,0.089260,0.906744,0.763020,0.318889,0.123198,0.596856,0.969518,0.659426,0.661113,0.877622,0.942172,0.200497,0.187246,0.762426,0.188000,0.671719,0.788164,0.695512,0.377245,0.406197,0.839255,0.555413,0.754268,0.537937,0.612492,0.353017],
[0.144361,0.194520,0.574158,0.036308,0.018626,0.663417,0.943051,0.781646,0.982306,0.066250,0.378501,0.951824,0.725676,0.039614,0.829446,0.667848,0.240111,0.016692,0.430274,0.428111,0.688411,0.218438,0.123623,0.065657,0.624635,0.962878,0.621069,0.378903,0.500815,0.233561,0.731920,0.645176,0.428081,0.306077,0.681484,0.446708,0.969495,0.624535,0.228353,0.951801],
[0.690785,0.606855,0.903626,0.416461,0.646469,0.733072,0.084308,0.886580,0.749764,0.514582,0.314691,0.438176,0.733020,0.438314,0.503832,0.357655,0.401192,0.124902,0.736558,0.902008,0.358463,0.468477,0.547184,0.786544,0.774554,0.228667,0.233252,0.744049,0.853202,0.461605,0.695850,0.543987,0.068460,0.599476,0.960447,0.714929,0.332548,0.044756,0.601509,0.082313],
[0.559338,0.916200,0.520489,0.292358,0.354514,0.024321,0.650013,0.755706,0.149223,0.386570,0.657714,0.507686,0.855048,0.204897,0.294230,0.629602,0.433565,0.527482,0.373651,0.286767,0.989087,0.069502,0.830754,0.057547,0.668978,0.791201,0.772476,0.001526,0.835957,0.373985,0.083839,0.395295,0.290185,0.604327,0.687652,0.644699,0.628648,0.337665,0.400405,0.777871],
[0.724236,0.058118,0.285557,0.579283,0.263016,0.579787,0.208885,0.696581,0.107269,0.582537,0.983348,0.096356,0.652039,0.814102,0.153903,0.321016,0.605303,0.926379,0.322543,0.441260,0.300363,0.406381,0.836555,0.590548,0.010708,0.524207,0.235246,0.639356,0.861872,0.635651,0.417227,0.586108,0.693770,0.702784,0.165391,0.956785,0.282570,0.374276,0.653366,0.389839],
[0.956813,0.636714,0.486195,0.608851,0.450816,0.640097,0.929868,0.056119,0.566476,0.252410,0.497379,0.866839,0.658792,0.333934,0.457387,0.669500,0.858141,0.692634,0.308856,0.720013,0.328285,0.726083,0.306120,0.022054,0.428867,0.471511,0.978840,0.711437,0.845787,0.632206,0.101275,0.802600,0.268920,0.587470,0.411452,0.719736,0.227567,0.341320,0.775856,0.794044],
[0.593730,0.273235,0.660883,0.252522,0.607169,0.118270,0.922022,0.465310,0.810904,0.230878,0.185323,0.139188,0.956961,0.491443,0.161242,0.385827,0.962955,0.140082,0.097264,0.808742,0.772288,0.198539,0.611342,0.041208,0.786009,0.022794,0.760944,0.013577,0.364114,0.536800,0.807620,0.957844,0.810034,0.468503,0.210366,0.417203,0.586773,0.132388,0.882513,0.397677],
[0.363265,0.067836,0.536865,0.320226,0.559280,0.698107,0.706053,0.522234,0.838189,0.803317,0.330976,0.610477,0.001857,0.942319,0.651685,0.787866,0.965113,0.412629,0.801443,0.329227,0.949428,0.609063,0.287071,0.759463,0.077567,0.497437,0.176666,0.664340,0.629825,0.059179,0.062017,0.993091,0.127016,0.598882,0.313317,0.686295,0.296989,0.019370,0.208529,0.135178],
[0.822687,0.539506,0.745655,0.824544,0.481824,0.397340,0.612409,0.446937,0.809969,0.413852,0.776164,0.759397,0.022916,0.063235,0.518859,0.100482,0.560673,0.695526,0.764822,0.190498,0.754705,0.826839,0.183589,0.881721,0.425721,0.496905,0.568016,0.722710,0.516275,0.776545,0.857888,0.338962,0.316051,0.603544,0.163506,0.797875,0.000884,0.775915,0.244812,0.810852],
[0.189768,0.020976,0.570249,0.212683,0.084212,0.089109,0.313166,0.644885,0.784634,0.077988,0.835383,0.539339,0.904826,0.018972,0.421060,0.330547,0.515877,0.989076,0.053257,0.032152,0.765621,0.911145,0.371115,0.081672,0.514689,0.534621,0.879546,0.515573,0.310536,0.124359,0.326425,0.500304,0.145335,0.896674,0.712987,0.229546,0.985783,0.026152,0.874431,0.770417],
[0.104140,0.709814,0.309756,0.008966,0.728785,0.730816,0.339513,0.244663,0.719891,0.392770,0.276815,0.485512,0.303916,0.647930,0.567184,0.818605,0.182550,0.446730,0.334178,0.493086,0.571089,0.660603,0.993390,0.716423,0.557278,0.706376,0.945970,0.543061,0.732529,0.820401,0.313478,0.836669,0.530215,0.623234,0.845635,0.259000,0.354050,0.185149,0.503662,0.073941],
[0.577919,0.780477,0.559453,0.881835,0.428407,0.126637,0.700440,0.610957,0.573367,0.034618,0.104043,0.144456,0.695221,0.097433,0.860879,0.252499,0.803809,0.806849,0.795560,0.536338,0.627250,0.109038,0.373007,0.157465,0.732273,0.218642,0.416465,0.086322,0.403791,0.920127,0.160264,0.981710,0.700604,0.719717,0.863544,0.129011,0.846354,0.563984,0.739969,0.419722],
[0.598602,0.844012,0.564178,0.293824,0.941445,0.425057,0.546323,0.745254,0.231906,0.341884,0.281592,0.859156,0.450922,0.654599,0.016621,0.183195,0.873241,0.433086,0.269517,0.277032,0.353213,0.429781,0.258742,0.053817,0.149498,0.122286,0.182828,0.995852,0.686270,0.922797,0.415574,0.284873,0.766809,0.979752,0.578697,0.708254,0.404809,0.125020,0.453508,0.636715],
[0.466904,0.735100,0.495871,0.917826,0.389700,0.512492,0.101020,0.262941,0.945578,0.370537,0.539973,0.298790,0.800318,0.798715,0.352607,0.949816,0.921001,0.535436,0.945668,0.607271,0.458233,0.361242,0.892144,0.225042,0.340994,0.470841,0.933296,0.745802,0.595861,0.386804,0.382517,0.062765,0.121904,0.878389,0.980590,0.511604,0.390881,0.081611,0.774545,0.336459],
[0.452148,0.314518,0.635249,0.252466,0.113232,0.987856,0.202281,0.034233,0.523292,0.147949,0.641504,0.981525,0.509191,0.533648,0.206567,0.850185,0.004489,0.139862,0.595987,0.600350,0.526666,0.978504,0.663115,0.648570,0.856893,0.643705,0.160173,0.247774,0.725316,0.934718,0.584232,0.177464,0.249235,0.219482,0.429929,0.362468,0.207338,0.632210,0.396701,0.730630],
[0.780160,0.038205,0.712155,0.289351,0.571853,0.918722,0.139536,0.576343,0.058584,0.735523,0.176693,0.585249,0.714027,0.839808,0.233819,0.570919,0.483514,0.393992,0.818693,0.208830,0.328710,0.402926,0.386293,0.577945,0.622407,0.816222,0.940412,0.829745,0.448432,0.337113,0.560376,0.228592,0.375318,0.272531,0.517943,0.947172,0.191252,0.657479,0.523514,0.249836],
[0.393001,0.700208,0.835085,0.107028,0.540016,0.068904,0.677947,0.023530,0.462896,0.496640,0.232359,0.791606,0.899566,0.618652,0.369551,0.521973,0.434874,0.309963,0.351719,0.883307,0.647076,0.912094,0.111899,0.022394,0.184625,0.629842,0.969566,0.375877,0.287321,0.493080,0.625713,0.680322,0.193288,0.460798,0.787350,0.733304,0.529703,0.465297,0.756834,0.992599],
[0.961937,0.989193,0.784205,0.861504,0.607845,0.153755,0.383477,0.042720,0.463718,0.735196,0.926027,0.110794,0.647290,0.037926,0.133188,0.831915,0.667768,0.102754,0.207792,0.955089,0.595834,0.833505,0.635410,0.789122,0.294304,0.422760,0.522426,0.824006,0.888057,0.279260,0.816605,0.849995,0.268453,0.600810,0.711498,0.876298,0.754565,0.094975,0.919018,0.218283],
[0.830171,0.845044,0.329077,0.477461,0.882970,0.462266,0.309375,0.550738,0.565020,0.517167,0.505826,0.160854,0.350673,0.141237,0.949976,0.644976,0.563997,0.472402,0.468983,0.452054,0.751662,0.285588,0.302049,0.020115,0.886398,0.013547,0.896412,0.640963,0.108522,0.815430,0.859246,0.938693,0.660474,0.188323,0.416153,0.543444,0.650589,0.725529,0.094182,0.215609],
[0.242696,0.600009,0.376463,0.593369,0.741246,0.326439,0.238345,0.305242,0.798841,0.707328,0.757296,0.550503,0.992915,0.059345,0.570618,0.879313,0.072892,0.467030,0.520276,0.181414,0.282460,0.379522,0.120106,0.942934,0.567845,0.536259,0.486379,0.218434,0.261788,0.580561,0.434043,0.504484,0.180570,0.810506,0.097853,0.921815,0.136945,0.336198,0.227058,0.935786],
[0.043526,0.984354,0.486289,0.036441,0.043699,0.056907,0.915754,0.116591,0.523937,0.436030,0.298004,0.806397,0.815552,0.418111,0.749332,0.383396,0.954370,0.235710,0.601830,0.216158,0.816271,0.035873,0.720642,0.996841,0.846379,0.818495,0.918656,0.983323,0.154693,0.145714,0.919109,0.198219,0.130068,0.405399,0.234660,0.173767,0.462306,0.150414,0.290358,0.986243],
[0.586444,0.588362,0.792640,0.401996,0.006473,0.541972,0.785393,0.960843,0.777682,0.387223,0.177001,0.593953,0.423096,0.897643,0.590794,0.269475,0.716139,0.509451,0.252798,0.870832,0.655165,0.171908,0.069051,0.785233,0.577306,0.303711,0.959000,0.039612,0.454126,0.249358,0.025855,0.040570,0.837720,0.818495,0.442566,0.844193,0.360466,0.227959,0.805036,0.138148],
[0.615182,0.982038,0.732101,0.038278,0.879681,0.322896,0.307752,0.595820,0.832346,0.560550,0.466652,0.487511,0.732458,0.535703,0.272744,0.309764,0.839414,0.231744,0.349376,0.293540,0.481102,0.375231,0.334110,0.318823,0.193726,0.776676,0.163016,0.554192,0.004635,0.968052,0.692340,0.619817,0.950090,0.424441,0.658094,0.829771,0.747337,0.965846,0.425591,0.579683],
[0.526397,0.892242,0.067194,0.258855,0.427945,0.339938,0.568620,0.267360,0.571682,0.917996,0.560899,0.052784,0.293227,0.895009,0.371607,0.486953,0.671686,0.534623,0.041145,0.676321,0.502675,0.733485,0.296137,0.452765,0.157926,0.954231,0.282536,0.905263,0.920078,0.708127,0.484946,0.446475,0.600369,0.552140,0.705330,0.028314,0.892078,0.273950,0.295674,0.463760]],
[[0.191946,0.856573,0.516544,0.485173,0.751583,0.888151,0.972125,0.423269,0.422774,0.013270,0.099589,0.925449,0.746755,0.395727,0.378214,0.904680,0.349958,0.660750,0.809943,0.270036,0.368877,0.294889,0.716511,0.969246,0.847028,0.421841,0.997560,0.739106,0.695791,0.293234,0.202866,0.887736,0.149807,0.719411,0.372909,0.901390,0.607562,0.345034,0.324659,0.030335],
[0.358304,0.424248,0.955784,0.105059,0.819974,0.333998,0.009739,0.169932,0.994748,0.819682,0.439968,0.363625,0.114571,0.156479,0.332870,0.961599,0.578320,0.330430,0.700705,0.274111,0.623665,0.903572,0.161847,0.773472,0.622982,0.534755,0.674862,0.230544,0.879790,0.999521,0.260879,0.238094,0.423769,0.216664,0.343153,0.243743,0.550662,0.352892,0.413676,0.545410],
[0.172575,0.853644,0.909035,0.287146,0.010123,0.241905,0.248745,0.588443,0.572336,0.949450,0.862554,0.196000,0.853022,0.024401,0.969472,0.476004,0.559156,0.644334,0.706548,0.438946,0.643855,0.967427,0.677040,0.067624,0.184091,0.020193,0.311367,0.734753,0.373085,0.725043,0.280163,0.545659,0.578687,0.189198,0.832805,0.588810,0.431103,0.081550,0.177254,0.003439],
[0.031000,0.039808,0.199439,0.884022,0.064209,0.168911,0.360026,0.623365,0.813245,0.066574,0.062311,0.457101,0.034001,0.739351,0.524725,0.218092,0.759543,0.836092,0.952845,0.132628,0.561135,0.233008,0.678287,0.139822,0.422206,0.511092,0.728632,0.853309,0.592642,0.905885,0.856747,0.623643,0.945693,0.056186,0.507665,0.009902,0.225097,0.867691,0.633266,0.038343],
[0.934266,0.695577,0.495443,0.968267,0.434928,0.020168,0.186359,0.194471,0.856260,0.139204,0.327099,0.417394,0.372212,0.005387,0.557216,0.794418,0.516479,0.285848,0.647726,0.109122,0.191733,0.504474,0.732764,0.137426,0.560660,0.240429,0.147327,0.785758,0.108121,0.780594,0.824100,0.042386,0.476171,0.319544,0.010654,0.911099,0.339712,0.197013,0.105571,0.195972],
[0.336217,0.432670,0.613366,0.708429,0.438057,0.170582,0.502847,0.954536,0.456430,0.150574,0.063657,0.648163,0.655048,0.796422,0.785588,0.215708,0.036851,0.932916,0.001465,0.144972,0.713510,0.825566,0.187358,0.189681,0.145109,0.198012,0.100780,0.484821,0.395025,0.206351,0.680793,0.731242,0.639021,0.294159,0.439671,0.077077,0.464741,0.942519,0.031613,0.921171],
[0.093092,0.095270,0.569333,0.748140,0.891692,0.354922,0.963847,0.928543,0.287837,0.965312,0.073515,0.001347,0.790878,0.260873,0.191028,0.935987,0.458885,0.291808,0.420808,0.853910,0.498159,0.101601,0.585152,0.137179,0.395760,0.024823,0.214257,0.860501,0.967341,0.245869,0.781672,0.060434,0.341140,0.351005,0.808573,0.232832,0.705926,0.772421,0.161374,0.993764],
[0.737733,0.234889,0.995111,0.528611,0.495763,0.186139,0.464599,0.954648,0.477947,0.885407,0.808557,0.976106,0.987008,0.393709,0.113285,0.382768,0.418532,0.327542,0.243269,0.385873,0.573411,0.024941,0.446307,0.914551,0.375946,0.254880,0.147382,0.081872,0.027301,0.308757,0.075636,0.765034,0.543646,0.070747,0.293645,0.039409,0.256885,0.758244,0.994056,0.734832],
[0.643651,0.802613,0.710937,0.630659,0.196322,0.824223,0.013427,0.614854,0.151764,0.256697,0.000727,0.725175,0.281638,0.447034,0.639726,0.657584,0.701915,0.787108,0.739456,0.729216,0.095865,0.815092,0.494250,0.639511,0.885839,0.787895,0.678920,0.142724,0.546139,0.672976,0.877556,0.189790,0.475589,0.588493,0.820449,0.671911,0.412716,0.833877,0.286765,0.564480],
[0.090574,0.287493,0.289655,0.372212,0.734527,0.929381,0.029796,0.436442,0.716490,0.769252,0.165657,0.812355,0.584344,0.659907,0.451866,0.470182,0.447803,0.130786,0.612906,0.993942,0.803761,0.490462,0.183733,0.279350,0.078955,0.004182,0.951262,0.491671,0.838059,0.238027,0.056151,0.928633,0.525520,0.345806,0.300844,0.260047,0.275187,0.330640,0.696489,0.991677],
[0.099892,0.862146,0.804032,0.684235,0.522054,0.255898,0.154418,0.969857,0.386683,0.767324,0.963799,0.190445,0.257786,0.147532,0.469795,0.336741,0.151714,0.421057,0.828412,0.989772,0.659084,0.884563,0.918405,0.184604,0.230369,0.219249,0.444651,0.505556,0.549889,0.141140,0.497233,0.649781,0.003286,0.301265,0.334016,0.525340,0.557163,0.488434,0.495197,0.943846],
[0.255758,0.458996,0.134291,0.513544,0.606527,0.604086,0.850285,0.758241,0.025143,0.678697,0.748013,0.684227,0.563259,0.666418,0.868832,0.793628,0.885667,0.313483,0.299184,0.435556,0.454623,0.796417,0.085337,0.457909,0.097682,0.419353,0.983249,0.654844,0.907787,0.478446,0.598691,0.163545,0.937442,0.732982,0.677089,0.543969,0.337068,0.527374,0.302210,0.362211],
[0.206071,0.050223,0.046438,0.769330,0.716641,0.915270,0.562958,0.602309,0.228752,0.862142,0.037865,0.683375,0.658558,0.123202,0.141285,0.756240,0.542555,0.124534,0.411084,0.450342,0.602980,0.009775,0.613887,0.540422,0.742757,0.290976,0.084391,0.079824,0.818350,0.386601,0.442035,0.024421,0.436824,0.488473,0.793751,0.153466,0.403743,0.356708,0.755774,0.632495],
[0.218850,0.793639,0.315870,0.877408,0.916841,0.457155,0.633648,0.459397,0.581689,0.044733,0.909739,0.184669,0.054508,0.523626,0.725091,0.797264,0.814603,0.809483,0.877089,0.632952,0.196084,0.319124,0.657373,0.632908,0.807597,0.451124,0.786374,0.211340,0.807832,0.542148,0.843835,0.026682,0.335787,0.159705,0.904090,0.252629,0.616860,0.537738,0.712025,0.198549],
[0.582471,0.621765,0.383218,0.636978,0.145391,0.108309,0.434243,0.959994,0.917792,0.311331,0.592946,0.113876,0.630455,0.250319,0.746784,0.438052,0.701443,0.533158,0.649392,0.509275,0.075306,0.493226,0.535957,0.411093,0.652932,0.440047,0.663722,0.269792,0.977785,0.375747,0.468341,0.560256,0.997512,0.851559,0.197234,0.142903,0.959868,0.631477,0.102896,0.877660],
[0.942808,0.695842,0.991535,0.573264,0.946161,0.738319,0.011316,0.647604,0.271477,0.660707,0.156879,0.346783,0.153934,0.692836,0.757875,0.806865,0.132883,0.421597,0.076657,0.110668,0.797344,0.544998,0.670923,0.794856,0.396556,0.868158,0.937758,0.356424,0.499635,0.040654,0.234084,0.442443,0.736497,0.225620,0.015707,0.682658,0.963939,0.027022,0.330262,0.235416],
[0.687729,0.487141,0.582198,0.841663,0.179977,0.340074,0.648528,0.312860,0.761671,0.725185,0.423528,0.559015,0.270182,0.094451,0.353870,0.666739,0.962609,0.291628,0.023163,0.462244,0.332283,0.257247,0.904687,0.068779,0.482867,0.920394,0.751437,0.446806,0.947416,0.081700,0.682222,0.635145,0.568841,0.264420,0.476808,0.748818,0.604494,0.125336,0.061678,0.366164],
[0.850521,0.485206,0.925179,0.120703,0.579657,0.279049,0.787442,0.542266,0.570677,0.810605,0.004509,0.902960,0.067852,0.909196,0.971739,0.550719,0.829590,0.723176,0.997525,0.777006,0.804876,0.679747,0.412151,0.373717,0.944167,0.888959,0.122535,0.548661,0.014295,0.184213,0.914825,0.864816,0.669419,0.840004,0.985519,0.249076,0.119053,0.772961,0.791342,0.689730],
[0.583567,0.795851,0.592690,0.651419,0.705047,0.564429,0.202138,0.534637,0.287606,0.199664,0.311643,0.092482,0.879410,0.723793,0.466198,0.823577,0.612752,0.588733,0.372238,0.627047,0.772947,0.287063,0.491863,0.442365,0.127067,0.477383,0.691441,0.246120,0.250344,0.482783,0.935851,0.833911,0.278634,0.528541,0.485330,0.983681,0.092971,0.687468,0.518318,0.380576],
[0.887132,0.829961,0.473058,0.766542,0.553754,0.939256,0.590120,0.166506,0.527990,0.962358,0.793554,0.300936,0.249421,0.285417,0.743302,0.376488,0.762800,0.434743,0.622608,0.013144,0.917526,0.558459,0.847055,0.196159,0.087001,0.332385,0.179840,0.179971,0.019853,0.698158,0.560547,0.906985,0.528119,0.033605,0.673527,0.081873,0.972862,0.263647,0.248379,0.500851],
[0.226005,0.041933,0.801787,0.475425,0.327350,0.545089,0.851913,0.090149,0.979832,0.474522,0.103293,0.897357,0.032981,0.950348,0.093517,0.119982,0.282733,0.273357,0.299953,0.302586,0.971515,0.860500,0.209571,0.499635,0.894106,0.883098,0.581508,0.866967,0.146745,0.829887,0.367818,0.372750,0.871819,0.169606,0.848176,0.199169,0.714694,0.700089,0.289319,0.694526],
[0.174611,0.392612,0.591883,0.207592,0.342960,0.685400,0.327574,0.625693,0.958757,0.627526,0.928279,0.930272,0.488027,0.137850,0.429907,0.382132,0.020948,0.011414,0.249100,0.167694,0.841301,0.616918,0.540444,0.713120,0.786524,0.388620,0.912290,0.501218,0.088708,0.201608,0.195744,0.263319,0.594220,0.787627,0.470911,0.937180,0.473027,0.798484,0.562873,0.431784],
[0.426011,0.491152,0.362056,0.914038,0.629002,0.791962,0.296170,0.649950,0.803377,0.545269,0.817644,0.644678,0.162187,0.358088,0.357798,0.948711,0.746707,0.270088,0.449929,0.835416,0.471696,0.645673,0.098735,0.065916,0.433300,0.569646,0.003096,0.906327,0.368130,0.565969,0.338110,0.794141,0.057121,0.700166,0.708179,0.686122,0.492128,0.004349,0.336072,0.295505],
[0.549618,0.153716,0.940183,0.711805,0.511804,0.297981,0.660516,0.258511,0.568068,0.110445,0.093927,0.039764,0.756118,0.192662,0.105680,0.189418,0.762308,0.108776,0.095745,0.130438,0.674744,0.433855,0.924579,0.731865,0.134021,0.632758,0.417988,0.626150,0.637106,0.754060,0.921655,0.186724,0.907776,0.861838,0.898530,0.419580,0.159818,0.559046,0.678092,0.727887],
[0.669491,0.772019,0.767651,0.425609,0.964681,0.873331,0.615027,0.726989,0.982106,0.710772,0.857427,0.656851,0.144627,0.782007,0.388716,0.278648,0.414764,0.806703,0.904798,0.051871,0.560763,0.826452,0.238595,0.468540,0.688290,0.137125,0.888120,0.848108,0.696171,0.566212,0.575995,0.365662,0.338231,0.343646,0.791271,0.302913,0.216976,0.406298,0.029902,0.199082],
[0.117070,0.887329,0.855933,0.261696,0.669336,0.244649,0.540344,0.084100,0.051352,0.445142,0.135971,0.612116,0.271595,0.374566,0.080655,0.959885,0.511691,0.968776,0.807993,0.207861,0.534988,0.383988,0.573523,0.873219,0.727633,0.364794,0.176132,0.944610,0.771091,0.206034,0.143692,0.888161,0.093363,0.999625,0.149857,0.762699,0.244274,0.690202,0.846799,0.295627],
[0.135344,0.982769,0.907742,0.406938,0.357335,0.988398,0.366823,0.869026,0.957173,0.174816,0.076887,0.492161,0.558803,0.650410,0.365380,0.286437,0.015204,0.541512,0.231046,0.786295,0.747546,0.374738,0.674456,0.840909,0.374364,0.824314,0.603607,0.618638,0.514516,0.450406,0.914264,0.649860,0.433175,0.822007,0.056798,0.790510,0.810404,0.423621,0.659536,0.767578],
[0.598437,0.736423,0.259739,0.157240,0.386834,0.625119,0.443677,0.402038,0.166631,0.674723,0.188333,0.914177,0.049462,0.862790,0.755085,0.423826,0.687104,0.358693,0.042464,0.201619,0.809098,0.956728,0.851479,0.242274,0.778734,0.908277,0.032784,0.589139,0.331898,0.692320,0.356716,0.930335,0.428744,0.616455,0.087575,0.815578,0.241574,0.531252,0.217615,0.408205],
[0.205975,0.405949,0.322382,0.255437,0.268738,0.077467,0.679263,0.955842,0.436160,0.721727,0.157461,0.245258,0.678454,0.008940,0.487532,0.457189,0.917217,0.520316,0.046328,0.249115,0.212637,0.403044,0.179450,0.641381,0.019499,0.267024,0.456958,0.261073,0.798276,0.674573,0.669278,0.004252,0.080522,0.991660,0.259689,0.349260,0.069127,0.938952,0.305102,0.505287],
[0.660679,0.462563,0.750545,0.339133,0.471503,0.238078,0.796322,0.388720,0.758394,0.842650,0.637835,0.971030,0.245694,0.817284,0.612411,0.265193,0.084309,0.069369,0.526266,0.882585,0.743942,0.195544,0.886837,0.824464,0.187204,0.146526,0.173725,0.256331,0.085478,0.478827,0.761618,0.746157,0.941390,0.512163,0.085290,0.412893,0.750240,0.881612,0.801612,0.508634],
[0.724262,0.439447,0.479664,0.969956,0.256731,0.092075,0.235149,0.341040,0.161444,0.761414,0.223625,0.905387,0.956958,0.110462,0.729851,0.144162,0.256988,0.903576,0.400492,0.342466,0.382402,0.162110,0.088623,0.323792,0.674273,0.173914,0.736685,0.424513,0.055526,0.538297,0.933147,0.779788,0.977744,0.412812,0.749744,0.234476,0.504887,0.984893,0.575516,0.666331],
[0.746307,0.799141,0.571718,0.703265,0.909602,0.301569,0.847427,0.166590,0.205145,0.247919,0.509057,0.587547,0.410029,0.597680,0.911339,0.084302,0.771594,0.648024,0.508815,0.827120,0.186321,0.441962,0.606908,0.164065,0.854774,0.356652,0.398541,0.359661,0.341544,0.974056,0.025993,0.087851,0.773197,0.597710,0.791116,0.682799,0.899279,0.638543,0.849390,0.104424],
[0.886463,0.358446,0.691971,0.296492,0.956127,0.603309,0.380794,0.727720,0.251333,0.889609,0.554840,0.437654,0.331572,0.161748,0.601719,0.186346,0.518399,0.000259,0.546007,0.859943,0.974315,0.572000,0.947794,0.747512,0.169710,0.738911,0.430311,0.068989,0.377454,0.279701,0.173413,0.263917,0.638148,0.865384,0.560409,0.594274,0.468693,0.941203,0.321994,0.720026],
[0.830812,0.876834,0.157680,0.162383,0.038582,0.759399,0.348729,0.556981,0.759658,0.894736,0.416924,0.733973,0.466736,0.364719,0.481485,0.636446,0.103629,0.911797,0.705435,0.481083,0.191498,0.878848,0.745000,0.829646,0.744232,0.305409,0.423920,0.212925,0.246611,0.745914,0.932952,0.077423,0.622749,0.090632,0.239806,0.661331,0.850030,0.588535,0.218312,0.609688],
[0.483271,0.635236,0.343662,0.950007,0.999955,0.825147,0.586452,0.103584,0.736944,0.291888,0.584667,0.928442,0.170736,0.329667,0.758088,0.914968,0.635076,0.182007,0.127893,0.881687,0.927922,0.060845,0.959110,0.550670,0.151477,0.198916,0.212001,0.001507,0.787451,0.430313,0.611196,0.270722,0.065549,0.954858,0.220729,0.065503,0.780005,0.807181,0.169087,0.516949],
[0.099069,0.753754,0.445391,0.269805,0.083421,0.203478,0.184773,0.718497,0.385486,0.312666,0.600184,0.313407,0.373511,0.559294,0.864078,0.524988,0.758210,0.076079,0.526496,0.545661,0.506391,0.137692,0.816383,0.571940,0.092549,0.037111,0.637444,0.872554,0.844293,0.806531,0.389502,0.943361,0.560285,0.834893,0.213166,0.643706,0.038372,0.397939,0.362203,0.423857],
[0.710605,0.962386,0.737265,0.084116,0.521680,0.601342,0.609104,0.279890,0.677421,0.135600,0.825551,0.183813,0.273292,0.641933,0.755753,0.365841,0.679045,0.393197,0.238395,0.523337,0.199728,0.627897,0.466699,0.760013,0.462790,0.679865,0.403719,0.501162,0.077803,0.765922,0.925019,0.788408,0.728308,0.662284,0.872524,0.249988,0.263627,0.481629,0.529878,0.941048],
[0.617229,0.355429,0.124860,0.890521,0.997362,0.880613,0.256361,0.676407,0.273810,0.494756,0.199744,0.473538,0.122653,0.666443,0.233551,0.585443,0.346308,0.637270,0.086605,0.424111,0.403191,0.011624,0.212519,0.131500,0.673908,0.085044,0.381488,0.937535,0.566672,0.911366,0.878582,0.183901,0.266795,0.003443,0.074422,0.264157,0.884056,0.330783,0.940564,0.157866],
[0.825539,0.140308,0.631404,0.948192,0.806750,0.864955,0.533635,0.153058,0.502225,0.620239,0.577169,0.905416,0.631863,0.789689,0.036916,0.305772,0.874732,0.418404,0.243306,0.441405,0.329770,0.121888,0.625306,0.596565,0.125331,0.699728,0.860721,0.009387,0.030511,0.801285,0.167253,0.856050,0.941592,0.798657,0.804241,0.748343,0.663612,0.337876,0.901401,0.165837],
[0.958115,0.478570,0.071253,0.589979,0.268259,0.108169,0.895750,0.142991,0.526572,0.139056,0.584396,0.856342,0.260945,0.209702,0.452907,0.386276,0.909430,0.313628,0.395663,0.939941,0.114913,0.562916,0.795991,0.056505,0.361574,0.600232,0.804848,0.025186,0.938108,0.706249,0.191023,0.896223,0.184819,0.262276,0.486202,0.453078,0.370445,0.381952,0.596070,0.897017]],
[[0.521009,0.180466,0.753359,0.781954,0.390168,0.206266,0.168229,0.299598,0.519894,0.563892,0.239539,0.634806,0.126809,0.035530,0.691312,0.488382,0.635762,0.496160,0.513568,0.573869,0.202409,0.704592,0.470092,0.387228,0.966868,0.956294,0.840306,0.337313,0.338247,0.436376,0.234330,0.859255,0.616841,0.987689,0.641209,0.007009,0.193955,0.809438,0.306607,0.713849],
[0.373331,0.546146,0.348655,0.500139,0.581676,0.039967,0.988521,0.217438,0.536127,0.502090,0.791307,0.738535,0.206681,0.261399,0.125763,0.173549,0.217694,0.966069,0.510862,0.555940,0.402445,0.745192,0.415196,0.019286,0.732882,0.056405,0.026296,0.926837,0.865843,0.332903,0.640686,0.239174,0.879050,0.989341,0.739313,0.460726,0.029308,0.727834,0.678163,0.565435],
[0.229924,0.469470,0.303970,0.436606,0.730870,0.429733,0.610155,0.948564,0.395802,0.121017,0.504504,0.798247,0.866210,0.919700,0.817534,0.599091,0.976105,0.843829,0.525928,0.841948,0.176732,0.166614,0.081122,0.055782,0.155955,0.820434,0.516508,0.185263,0.548269,0.194671,0.750698,0.778193,0.664142,0.054668,0.214799,0.395011,0.484401,0.824954,0.343575,0.880203],
[0.945971,0.848079,0.678450,0.812181,0.767780,0.495984,0.411272,0.743884,0.339813,0.937201,0.585832,0.516545,0.103815,0.666954,0.572327,0.259771,0.487388,0.088835,0.445034,0.035657,0.283506,0.195732,0.813850,0.947648,0.250400,0.028649,0.342659,0.734800,0.853603,0.686235,0.615003,0.799574,0.534314,0.293453,0.611755,0.302094,0.789437,0.023027,0.045978,0.129250],
[0.960228,0.631810,0.645795,0.064043,0.298764,0.218123,0.323814,0.786152,0.306958,0.768847,0.821809,0.590464,0.964579,0.635660,0.538112,0.214979,0.664308,0.880772,0.949779,0.517911,0.567006,0.564782,0.317485,0.101320,0.858236,0.929240,0.403414,0.647672,0.952267,0.449392,0.776922,0.912495,0.081202,0.422717,0.976538,0.379966,0.640840,0.300351,0.166118,0.947797],
[0.069199,0.987928,0.538261,0.033778,0.623587,0.076374,0.248757,0.287896,0.957145,0.198536,0.805807,0.524151,0.763319,0.123291,0.625472,0.621554,0.052531,0.028886,0.269227,0.004798,0.478277,0.046148,0.917292,0.559479,0.468865,0.893830,0.939445,0.109705,0.194181,0.105563,0.057502,0.263379,0.093491,0.595764,0.297157,0.717078,0.672137,0.545914,0.004974,0.629283],
[0.744451,0.810780,0.153434,0.507769,0.934072,0.778906,0.129324,0.986603,0.807791,0.398550,0.991400,0.286069,0.444698,0.908693,0.845548,0.913564,0.802522,0.784993,0.023269,0.996703,0.890557,0.080771,0.260082,0.984048,0.676535,0.557240,0.701126,0.348672,0.103154,0.706100,0.977955,0.847605,0.516880,0.131389,0.355374,0.450952,0.910295,0.484698,0.437555,0.718086],
[0.883248,0.428955,0.004155,0.327946,0.337648,0.849703,0.241510,0.140170,0.634696,0.264779,0.136873,0.525253,0.345550,0.396955,0.509300,0.022085,0.954195,0.210426,0.370757,0.057349,0.916526,0.348712,0.904953,0.433406,0.480101,0.260327,0.884358,0.390396,0.745025,0.321912,0.108482,0.628273,0.750867,0.112637,0.956219,0.088515,0.962340,0.197729,0.228685,0.597037],
[0.462507,0.365558,0.122290,0.808057,0.762513,0.631590,0.830142,0.716708,0.842016,0.200899,0.774057,0.758542,0.549611,0.679010,0.191948,0.029712,0.939338,0.076306,0.420108,0.684363,0.398218,0.528590,0.312635,0.149085,0.641227,0.268854,0.237600,0.603568,0.466582,0.466285,0.200605,0.929090,0.831843,0.322894,0.737147,0.594356,0.954485,0.567289,0.311064,0.796501],
[0.768189,0.085121,0.555043,0.317800,0.764131,0.746991,0.347512,0.703468,0.823297,0.767620,0.387831,0.221515,0.296211,0.700466,0.370600,0.937438,0.969320,0.608201,0.541006,0.435902,0.074486,0.741611,0.364992,0.906329,0.064505,0.102139,0.500685,0.018990,0.669428,0.811749,0.815491,0.437617,0.896870,0.370534,0.755417,0.661000,0.117525,0.102930,0.364469,0.940822],
[0.870550,0.752300,0.162337,0.166760,0.452766,0.532938,0.104198,0.422085,0.141138,0.645204,0.857987,0.215624,0.386815,0.222979,0.121953,0.451320,0.325118,0.622638,0.470310,0.994546,0.434387,0.285800,0.432163,0.331257,0.656334,0.187580,0.992257,0.773860,0.290510,0.356726,0.714682,0.161060,0.109025,0.877020,0.327820,0.561791,0.409957,0.432019,0.983876,0.551095],
[0.077223,0.841863,0.766719,0.464038,0.064842,0.888672,0.915358,0.389960,0.511311,0.385667,0.384506,0.945698,0.671468,0.816670,0.276955,0.327802,0.004250,0.269211,0.101662,0.294760,0.625937,0.816344,0.455820,0.734962,0.693364,0.783640,0.296753,0.103321,0.215659,0.280629,0.654416,0.292882,0.122492,0.421135,0.756920,0.187335,0.309808,0.672278,0.577295,0.821119],
[0.057945,0.961802,0.766816,0.729413,0.778471,0.043771,0.057215,0.782721,0.312982,0.158877,0.077481,0.938919,0.975221,0.533301,0.673882,0.668585,0.316942,0.970634,0.771905,0.532601,0.251263,0.426322,0.825483,0.373756,0.847457,0.582402,0.561090,0.157265,0.254680,0.138386,0.978384,0.312625,0.100187,0.745200,0.042038,0.878658,0.788971,0.099253,0.661380,0.101953],
[0.258129,0.738861,0.040873,0.233350,0.272163,0.714755,0.901935,0.589104,0.685389,0.673841,0.121705,0.936652,0.100162,0.947187,0.310408,0.947619,0.529590,0.871499,0.104884,0.784270,0.009884,0.083267,0.096895,0.110071,0.828467,0.138933,0.988729,0.617439,0.238186,0.650109,0.719392,0.496315,0.388970,0.760265,0.729666,0.661133,0.475020,0.631601,0.250237,0.160409],
[0.305441,0.371942,0.097061,0.405603,0.319129,0.407469,0.353222,0.848719,0.278968,0.458106,0.632989,0.288852,0.541374,0.729884,0.398923,0.369841,0.868816,0.387652,0.987280,0.107002,0.037762,0.706672,0.603317,0.426732,0.466937,0.332983,0.087865,0.941956,0.964583,0.338101,0.102365,0.270024,0.710043,0.199426,0.675628,0.029172,0.606895,0.028850,0.877891,0.885863],
[0.486957,0.510879,0.174715,0.028330,0.240763,0.573638,0.398172,0.109579,0.961290,0.385452,0.216581,0.999052,0.092124,0.819899,0.425783,0.559060,0.152881,0.513648,0.501017,0.117465,0.851750,0.603382,0.387489,0.561793,0.802808,0.063117,0.590965,0.409704,0.091967,0.468855,0.295567,0.578924,0.979735,0.470281,0.607254,0.220498,0.043919,0.005426,0.330077,0.005209],
[0.390878,0.546659,0.004261,0.483001,0.366557,0.430045,0.042062,0.519438,0.943693,0.543079,0.636903,0.795442,0.146461,0.024392,0.357235,0.949269,0.087509,0.948199,0.358973,0.179476,0.417055,0.654539,0.758400,0.396790,0.124821,0.365654,0.617287,0.168740,0.371080,0.947364,0.173949,0.761957,0.494023,0.178210,0.244958,0.860580,0.608255,0.287020,0.380018,0.551948],
[0.830099,0.016921,0.347390,0.976560,0.041314,0.704624,0.925829,0.128823,0.652824,0.284801,0.308299,0.069879,0.939341,0.066698,0.466668,0.064161,0.432352,0.083956,0.232901,0.803432,0.031320,0.406851,0.565389,0.525343,0.585061,0.810347,0.385923,0.193316,0.097367,0.765941,0.745264,0.927466,0.782863,0.092653,0.904026,0.824177,0.797277,0.829855,0.952999,0.450101],
[0.114656,0.261298,0.519980,0.053996,0.327996,0.986648,0.118158,0.760348,0.070604,0.351059,0.563779,0.101924,0.757910,0.129168,0.627267,0.342971,0.939515,0.013190,0.536287,0.036883,0.779131,0.281550,0.964349,0.561994,0.374204,0.868375,0.386171,0.171481,0.698230,0.339170,0.621582,0.812885,0.600468,0.141562,0.866882,0.928463,0.128210,0.985040,0.688811,0.198814],
[0.336099,0.252591,0.300738,0.094009,0.381759,0.928004,0.436979,0.321274,0.941194,0.973266,0.358157,0.720325,0.254817,0.322506,0.282320,0.629020,0.190881,0.668490,0.800501,0.889111,0.007660,0.422083,0.701996,0.608128,0.563645,0.568878,0.536591,0.691856,0.553917,0.225402,0.890670,0.890016,0.477993,0.191407,0.984025,0.859752,0.119412,0.421004,0.181026,0.060606],
[0.394270,0.539183,0.780931,0.649087,0.861689,0.063251,0.278107,0.052571,0.731741,0.078609,0.941681,0.739401,0.500692,0.643677,0.347529,0.064338,0.212555,0.884120,0.756193,0.766473,0.109522,0.646863,0.656489,0.587515,0.838270,0.640514,0.447267,0.957682,0.061518,0.628293,0.018288,0.455788,0.167477,0.799219,0.104875,0.029166,0.862470,0.382983,0.081737,0.594211],
[0.461591,0.023418,0.333612,0.962284,0.667096,0.681141,0.026621,0.879651,0.565260,0.782814,0.646124,0.674783,0.429677,0.302613,0.262298,0.267947,0.943126,0.709565,0.225629,0.004644,0.337859,0.243917,0.460432,0.505336,0.043136,0.565308,0.534502,0.905605,0.948291,0.616239,0.499816,0.409882,0.639657,0.833428,0.372166,0.306753,0.514568,0.398787,0.186403,0.079829],
[0.181601,0.832527,0.754612,0.611279,0.135140,0.016910,0.879226,0.078266,0.726475,0.104855,0.082910,0.064334,0.348772,0.543342,0.569669,0.391908,0.108650,0.104171,0.297513,0.056941,0.720410,0.797329,0.466823,0.360067,0.630757,0.838988,0.666819,0.145326,0.237775,0.853223,0.225155,0.419377,0.685750,0.979766,0.030655,0.820889,0.996676,0.909881,0.899155,0.723151],
[0.014737,0.982065,0.787485,0.363509,0.525408,0.357154,0.755416,0.634058,0.461325,0.052930,0.690999,0.181735,0.850259,0.157822,0.541801,0.481016,0.996810,0.208621,0.626342,0.234586,0.061843,0.851496,0.653962,0.747593,0.831263,0.684618,0.568482,0.827938,0.594499,0.467638,0.551089,0.609236,0.449703,0.338574,0.972745,0.975111,0.695728,0.728161,0.609169,0.157053],
[0.781091,0.300168,0.338788,0.631350,0.457990,0.880589,0.112366,0.454800,0.089210,0.738707,0.689386,0.151053,0.590204,0.343348,0.898646,0.421466,0.027966,0.467128,0.249405,0.622465,0.934766,0.800494,0.231700,0.384469,0.139068,0.204445,0.359580,0.834796,0.932606,0.968749,0.991849,0.713697,0.268918,0.330636,0.345046,0.726907,0.211225,0.457412,0.181708,0.300435],
[0.196119,0.871093,0.451488,0.786323,0.214441,0.350134,0.207789,0.242407,0.817262,0.457194,0.864871,0.752028,0.257688,0.096572,0.136497,0.396757,0.301017,0.496077,0.231552,0.233623,0.464827,0.223401,0.947319,0.733744,0.554037,0.292366,0.460652,0.765263,0.749778,0.642359,0.065697,0.945897,0.513453,0.517185,0.732220,0.727894,0.867319,0.940009,0.970300,0.684581],
[0.397204,0.835172,0.436608,0.654892,0.931743,0.573106,0.051648,0.232760,0.069183,0.283201,0.466383,0.534010,0.506602,0.413702,0.267754,0.060639,0.706068,0.728406,0.825902,0.455846,0.370765,0.891599,0.401743,0.884218,0.408784,0.133963,0.612111,0.276103,0.073972,0.582412,0.960684,0.471175,0.417583,0.397292,0.126067,0.349327,0.970397,0.177716,0.582087,0.039580],
[0.460917,0.048469,0.573590,0.967519,0.462172,0.841344,0.028158,0.168240,0.569749,0.854060,0.624085,0.940514,0.745660,0.025828,0.824732,0.154444,0.159791,0.436843,0.430547,0.233762,0.019255,0.391231,0.704938,0.436838,0.788522,0.831005,0.786165,0.758920,0.008721,0.368252,0.798500,0.469638,0.416721,0.372090,0.437156,0.878893,0.213434,0.465315,0.047133,0.783183],
[0.319375,0.671218,0.723697,0.065035,0.697046,0.548429,0.219479,0.856837,0.985273,0.650026,0.090599,0.004528,0.041256,0.795537,0.441366,0.829779,0.626542,0.227531,0.588698,0.635263,0.595783,0.387199,0.104901,0.012504,0.759289,0.542057,0.891396,0.972722,0.007372,0.938529,0.755905,0.326747,0.609747,0.479603,0.391781,0.306793,0.028032,0.611260,0.163629,0.013305],
[0.261285,0.254228,0.017833,0.302541,0.049765,0.459199,0.132320,0.676307,0.686731,0.721018,0.311570,0.282513,0.108217,0.416471,0.295017,0.867506,0.958528,0.186413,0.840228,0.965900,0.124942,0.596134,0.292646,0.734689,0.075737,0.684428,0.041482,0.103769,0.295688,0.205112,0.117074,0.556973,0.459340,0.134907,0.859514,0.509105,0.594107,0.991834,0.185412,0.280837],
[0.712853,0.496982,0.563351,0.821070,0.913453,0.858368,0.688576,0.871981,0.044781,0.528804,0.837880,0.169724,0.124938,0.130527,0.904413,0.200675,0.814954,0.945895,0.304444,0.110642,0.151007,0.421519,0.667615,0.610347,0.556426,0.527129,0.119452,0.150533,0.518964,0.304865,0.431370,0.231816,0.801847,0.994721,0.052886,0.715300,0.853089,0.741462,0.587281,0.897870],
[0.270267,0.425161,0.067594,0.395205,0.555688,0.972007,0.595880,0.370642,0.917902,0.900325,0.481284,0.068909,0.321843,0.148899,0.679256,0.878270,0.676028,0.798709,0.028803,0.194991,0.103573,0.460173,0.426808,0.905420,0.454894,0.479694,0.620720,0.307983,0.221157,0.208001,0.205853,0.491424,0.633162,0.273447,0.886629,0.188850,0.245454,0.482509,0.559492,0.163356],
[0.382834,0.040776,0.232265,0.704677,0.189675,0.911521,0.582947,0.865703,0.710230,0.611750,0.060694,0.813803,0.071923,0.487502,0.719224,0.526817,0.967196,0.339944,0.834800,0.188353,0.547945,0.040654,0.679776,0.181108,0.314101,0.566405,0.369958,0.559555,0.048914,0.929450,0.722911,0.431748,0.970226,0.955176,0.136426,0.159901,0.866697,0.719373,0.025604,0.576927],
[0.331122,0.086298,0.390730,0.403045,0.573800,0.109954,0.929862,0.540996,0.449898,0.764663,0.729349,0.997843,0.805316,0.409126,0.178950,0.119417,0.975531,0.548908,0.678972,0.024445,0.478358,0.401883,0.456193,0.448584,0.357058,0.592619,0.608485,0.223755,0.311992,0.634089,0.800682,0.643114,0.720387,0.191412,0.046159,0.294187,0.301366,0.976021,0.835183,0.751264],
[0.740684,0.564532,0.749107,0.546000,0.973658,0.928057,0.665417,0.949188,0.476966,0.344389,0.973633,0.955324,0.746272,0.429827,0.403908,0.103330,0.022446,0.012394,0.327085,0.334438,0.646483,0.127767,0.977552,0.366870,0.319179,0.023711,0.661057,0.620545,0.999732,0.496240,0.371809,0.740415,0.060772,0.120916,0.286415,0.034430,0.048973,0.951833,0.983618,0.525939],
[0.296222,0.957251,0.481262,0.042493,0.387078,0.885171,0.145823,0.409524,0.897564,0.472908,0.743962,0.544047,0.600675,0.721513,0.910917,0.919854,0.745224,0.571973,0.540399,0.744956,0.068213,0.912208,0.485371,0.128985,0.033124,0.771787,0.163415,0.082098,0.723619,0.147033,0.608036,0.019841,0.104284,0.089299,0.062334,0.491362,0.974469,0.208157,0.900886,0.872033],
[0.681065,0.644848,0.416080,0.281740,0.366362,0.326997,0.201594,0.111586,0.898970,0.741994,0.856542,0.967183,0.654202,0.341913,0.096168,0.687327,0.113700,0.259583,0.769424,0.837319,0.406615,0.377460,0.857160,0.510899,0.466759,0.919494,0.002262,0.441229,0.127652,0.903148,0.313262,0.808717,0.547996,0.729342,0.090457,0.914358,0.056339,0.292052,0.025944,0.955309],
[0.034046,0.882485,0.922492,0.688248,0.224398,0.018661,0.375574,0.338098,0.278243,0.144999,0.175416,0.684859,0.522459,0.032576,0.195758,0.989218,0.952071,0.198020,0.430447,0.079722,0.101168,0.743709,0.888439,0.649164,0.473052,0.978897,0.563522,0.529391,0.270949,0.589466,0.484700,0.304995,0.471951,0.407193,0.993242,0.696349,0.425853,0.368817,0.034446,0.704097],
[0.513816,0.209863,0.388956,0.036275,0.242439,0.584714,0.025493,0.194510,0.782734,0.455940,0.274232,0.883902,0.199649,0.162672,0.533066,0.672701,0.141569,0.096588,0.202092,0.412517,0.686053,0.686792,0.717512,0.158004,0.093985,0.710755,0.854353,0.519838,0.079571,0.888799,0.223934,0.593387,0.098662,0.612890,0.629662,0.341102,0.197604,0.655155,0.535611,0.980338],
[0.111095,0.809844,0.864239,0.310745,0.972515,0.397305,0.983446,0.114084,0.493893,0.185538,0.526601,0.179946,0.872330,0.244113,0.337950,0.966314,0.954868,0.192303,0.486152,0.034439,0.081103,0.710086,0.627826,0.179765,0.322976,0.257488,0.520867,0.520580,0.912643,0.056478,0.500918,0.023739,0.866322,0.365157,0.334483,0.838837,0.762462,0.317929,0.952921,0.256355]],
[[0.503467,0.479522,0.436301,0.375796,0.723635,0.774252,0.342110,0.678503,0.966555,0.828262,0.712943,0.047657,0.538349,0.340769,0.227422,0.861325,0.598258,0.748289,0.381905,0.510901,0.804767,0.882824,0.534640,0.671088,0.247981,0.869123,0.509925,0.010443,0.187052,0.462846,0.266799,0.690519,0.942368,0.703100,0.066315,0.666003,0.477352,0.408426,0.344506,0.443906],
[0.236688,0.057449,0.491564,0.775037,0.398218,0.718986,0.636362,0.996476,0.467275,0.018267,0.507377,0.272042,0.901091,0.042017,0.943130,0.149072,0.911140,0.453055,0.159515,0.098192,0.915901,0.426314,0.788711,0.858268,0.129414,0.855026,0.524272,0.606765,0.263452,0.868778,0.050672,0.500140,0.926227,0.542235,0.275177,0.324446,0.261221,0.911538,0.320922,0.728496],
[0.929805,0.828299,0.000538,0.830896,0.870315,0.943667,0.979968,0.781455,0.396722,0.139483,0.879647,0.312623,0.565797,0.668358,0.170891,0.695211,0.523384,0.695163,0.301976,0.786836,0.563941,0.352648,0.286976,0.490168,0.894883,0.562153,0.814614,0.156104,0.473691,0.135536,0.884600,0.403497,0.963834,0.885138,0.234393,0.834149,0.828805,0.214361,0.615604,0.225527],
[0.353844,0.495251,0.538150,0.919640,0.163609,0.709042,0.614851,0.686993,0.404204,0.916827,0.473829,0.968145,0.269474,0.760805,0.458313,0.164357,0.322957,0.272927,0.320461,0.796649,0.408463,0.205062,0.200145,0.372297,0.090199,0.434538,0.206447,0.919005,0.648899,0.822051,0.144532,0.002743,0.317302,0.682682,0.922383,0.480911,0.391724,0.537233,0.167903,0.795928],
[0.454060,0.641732,0.764073,0.723534,0.402537,0.222387,0.887891,0.725494,0.495314,0.208353,0.522143,0.903777,0.413414,0.722288,0.276074,0.503614,0.156827,0.482521,0.422618,0.805726,0.304572,0.567150,0.808468,0.621874,0.249833,0.730851,0.102785,0.641557,0.268084,0.270688,0.437485,0.722144,0.912420,0.201558,0.445678,0.314957,0.423945,0.333570,0.040451,0.919259],
[0.541922,0.562593,0.823037,0.955337,0.284882,0.099111,0.458951,0.441708,0.581632,0.881569,0.247434,0.886204,0.448720,0.055902,0.508078,0.698552,0.786753,0.610863,0.340109,0.054837,0.881552,0.777594,0.776982,0.793972,0.979152,0.222660,0.108929,0.403097,0.556230,0.149380,0.322356,0.098152,0.711973,0.145393,0.053489,0.996855,0.244504,0.512440,0.438563,0.826136],
[0.394009,0.685997,0.712340,0.842728,0.741899,0.220418,0.541281,0.528652,0.831282,0.881390,0.583490,0.712834,0.658983,0.360471,0.506806,0.638135,0.583131,0.615735,0.041232,0.139361,0.765114,0.363588,0.237514,0.477088,0.508981,0.291003,0.473942,0.753485,0.803442,0.912506,0.579620,0.197451,0.598503,0.291960,0.040180,0.340402,0.512378,0.581461,0.869055,0.343660],
[0.462850,0.452545,0.056493,0.121833,0.813016,0.563299,0.759968,0.396148,0.179034,0.801200,0.535509,0.944148,0.164788,0.773022,0.421236,0.673769,0.064025,0.895178,0.427254,0.867468,0.807684,0.006874,0.064919,0.406187,0.298834,0.105099,0.746589,0.811212,0.686559,0.615644,0.154872,0.149410,0.068189,0.211365,0.271243,0.881205,0.774664,0.031211,0.277353,0.953698],
[0.832411,0.812861,0.897846,0.997200,0.585884,0.319082,0.670969,0.649909,0.214260,0.098223,0.517377,0.021944,0.105097,0.582296,0.428130,0.403931,0.687395,0.174720,0.215143,0.373954,0.790364,0.370015,0.523363,0.858552,0.581380,0.794606,0.739757,0.356045,0.825817,0.017110,0.309743,0.658229,0.829971,0.207589,0.655429,0.415855,0.526670,0.326398,0.065764,0.740930],
[0.424621,0.583141,0.762874,0.529718,0.165437,0.191004,0.933649,0.852831,0.365723,0.148792,0.226785,0.156087,0.518807,0.750148,0.014639,0.100188,0.544755,0.754396,0.456232,0.370572,0.771506,0.765975,0.028801,0.601477,0.973563,0.684230,0.017333,0.500234,0.010628,0.083097,0.241164,0.435249,0.666238,0.004037,0.964967,0.831675,0.195041,0.898616,0.684506,0.560764],
[0.047409,0.911291,0.716851,0.566216,0.661440,0.731491,0.666404,0.206194,0.485887,0.122636,0.576767,0.257393,0.888611,0.605568,0.858871,0.862174,0.289798,0.876203,0.362408,0.300425,0.959301,0.603572,0.735674,0.625539,0.607609,0.700641,0.457213,0.802650,0.599257,0.141720,0.363415,0.646666,0.053011,0.080266,0.212882,0.714450,0.811756,0.879286,0.920645,0.297644],
[0.001922,0.497411,0.555037,0.890533,0.102979,0.413908,0.752707,0.392777,0.290111,0.115115,0.693202,0.249412,0.718687,0.428876,0.874950,0.326296,0.129517,0.332164,0.128946,0.728774,0.473883,0.492361,0.375440,0.526894,0.572627,0.588322,0.241344,0.384383,0.467607,0.161989,0.682027,0.469529,0.659401,0.237064,0.360062,0.762380,0.650971,0.112769,0.155156,0.941082],
[0.227884,0.848358,0.190494,0.946571,0.277235,0.065444,0.272867,0.406752,0.397608,0.401814,0.135526,0.871491,0.894175,0.510966,0.398385,0.466801,0.099288,0.639729,0.851185,0.566895,0.801718,0.533212,0.036424,0.461118,0.770275,0.396486,0.223498,0.421246,0.509254,0.378655,0.362329,0.737138,0.227013,0.552822,0.683710,0.504248,0.618266,0.956577,0.911000,0.015874],
[0.358390,0.046526,0.887364,0.252565,0.557492,0.285749,0.719366,0.656780,0.925478,0.570551,0.223675,0.727196,0.103763,0.260099,0.188314,0.874038,0.656585,0.411812,0.295284,0.165839,0.790467,0.657613,0.902978,0.017480,0.210435,0.586687,0.521728,0.828701,0.543264,0.432728,0.844575,0.901655,0.479253,0.731940,0.154220,0.036745,0.017689,0.873586,0.693524,0.943166],
[0.444137,0.917199,0.670362,0.547900,0.177299,0.858676,0.421937,0.833883,0.270488,0.717222,0.999723,0.060956,0.374834,0.902701,0.078436,0.585269,0.489388,0.600164,0.413971,0.032653,0.032891,0.258546,0.934307,0.512145,0.990486,0.088527,0.548889,0.008174,0.962113,0.242414,0.951341,0.406250,0.159613,0.621703,0.954150,0.336912,0.480379,0.376087,0.170795,0.750867],
[0.093309,0.170518,0.811823,0.468143,0.073219,0.890258,0.053412,0.562607,0.490422,0.467383,0.595260,0.523314,0.725929,0.529567,0.035458,0.716415,0.618094,0.584348,0.724589,0.580207,0.826761,0.675929,0.986457,0.986375,0.297632,0.940606,0.323286,0.778010,0.316693,0.494081,0.528877,0.410002,0.664600,0.340700,0.878145,0.737818,0.230958,0.931557,0.300426,0.721380],
[0.398940,0.895686,0.244694,0.124869,0.425253,0.280152,0.841284,0.043346,0.864500,0.565873,0.623553,0.691261,0.241802,0.610010,0.677636,0.539434,0.550616,0.000922,0.317444,0.867309,0.495003,0.846322,0.277311,0.159603,0.187022,0.155456,0.897421,0.417980,0.087013,0.197847,0.139360,0.485953,0.093533,0.384055,0.610823,0.518785,0.664207,0.452107,0.562131,0.528707],
[0.017979,0.185685,0.219968,0.259781,0.795694,0.897603,0.799215,0.346310,0.898525,0.116660,0.213619,0.393528,0.962981,0.490930,0.553131,0.150003,0.646386,0.450552,0.567983,0.733399,0.648399,0.707344,0.219352,0.741931,0.091398,0.830175,0.260717,0.755605,0.282281,0.822848,0.284311,0.300260,0.008533,0.504279,0.560042,0.804227,0.401882,0.359257,0.150537,0.300407],
[0.475917,0.364156,0.693935,0.438898,0.855086,0.247066,0.588901,0.501472,0.697618,0.156884,0.234871,0.346017,0.864227,0.454223,0.087948,0.955625,0.284398,0.348665,0.711230,0.566679,0.171513,0.995542,0.866939,0.180046,0.499821,0.426981,0.984272,0.901703,0.786238,0.134809,0.202110,0.262154,0.498966,0.896045,0.701052,0.354052,0.143111,0.289953,0.855524,0.840729],
[0.446837,0.090395,0.186746,0.311064,0.544618,0.274694,0.266690,0.829016,0.623359,0.977920,0.395694,0.794872,0.973462,0.262634,0.974917,0.473283,0.689615,0.959190,0.374985,0.475853,0.093999,0.577095,0.738007,0.592965,0.473140,0.439059,0.947017,0.616250,0.729012,0.802541,0.456979,0.175849,0.892936,0.643725,0.486914,0.437553,0.918419,0.753604,0.266569,0.541777],
[0.731524,0.662264,0.336649,0.704986,0.924897,0.311566,0.178269,0.614512,0.270756,0.553254,0.090364,0.364755,0.130349,0.828371,0.957720,0.603489,0.267430,0.904737,0.219739,0.996443,0.707277,0.676719,0.172292,0.600213,0.320443,0.659206,0.037766,0.238862,0.412810,0.304336,0.780639,0.144335,0.966599,0.117288,0.849321,0.891496,0.428855,0.027590,0.506008,0.699611],
[0.580844,0.596372,0.064366,0.711193,0.424743,0.022087,0.314682,0.692174,0.926823,0.534422,0.688617,0.634101,0.211140,0.860909,0.234314,0.531584,0.520115,0.272080,0.770445,0.932926,0.576416,0.551084,0.077260,0.543015,0.668372,0.926581,0.434511,0.097227,0.954171,0.940519,0.796838,0.535015,0.536891,0.861204,0.246208,0.961635,0.883291,0.560891,0.653808,0.810114],
[0.095312,0.342425,0.444215,0.306453,0.203334,0.678529,0.838036,0.723450,0.950609,0.608481,0.656376,0.527025,0.159566,0.733636,0.070040,0.827938,0.660217,0.504552,0.925165,0.614388,0.445071,0.722003,0.149404,0.981962,0.583207,0.395612,0.943597,0.466497,0.956503,0.597405,0.276611,0.051815,0.939831,0.720826,0.358268,0.143165,0.399355,0.196304,0.866615,0.349964],
[0.804785,0.522990,0.876990,0.964351,0.256626,0.947030,0.792289,0.916843,0.451582,0.717454,0.531232,0.896653,0.439457,0.680635,0.878615,0.022663,0.076247,0.822212,0.489160,0.032750,0.419617,0.765772,0.084565,0.359448,0.486598,0.442832,0.502613,0.885953,0.639136,0.369227,0.235917,0.443921,0.892218,0.112907,0.408272,0.148844,0.059937,0.200561,0.065687,0.511519],
[0.918015,0.596919,0.408171,0.357472,0.277554,0.286786,0.380135,0.353801,0.108998,0.869295,0.386551,0.528615,0.635067,0.471116,0.888063,0.121665,0.913948,0.390676,0.007617,0.553084,0.759904,0.243534,0.997006,0.652121,0.356441,0.405278,0.800965,0.416378,0.605839,0.866652,0.927897,0.523854,0.463571,0.336068,0.881325,0.741124,0.622854,0.261460,0.094926,0.731852],
[0.130756,0.481476,0.260468,0.765822,0.952592,0.148531,0.887487,0.866540,0.539207,0.895104,0.419624,0.299111,0.138639,0.416630,0.951232,0.495080,0.821908,0.752197,0.911458,0.427747,0.618849,0.839355,0.951601,0.082419,0.175423,0.832926,0.823544,0.798277,0.094386,0.918469,0.530129,0.225142,0.399946,0.790597,0.990964,0.352538,0.939128,0.878451,0.219078,0.478335],
[0.773556,0.638702,0.777446,0.912195,0.055332,0.728678,0.407275,0.877240,0.480875,0.318733,0.304987,0.099723,0.158087,0.256588,0.182143,0.333510,0.089514,0.005686,0.131786,0.183900,0.924155,0.661915,0.409042,0.324101,0.452512,0.400007,0.676639,0.391640,0.278458,0.895717,0.869975,0.052014,0.534419,0.647421,0.964208,0.589752,0.376099,0.371483,0.466992,0.856974],
[0.690215,0.771979,0.956697,0.848303,0.028566,0.138840,0.181812,0.118080,0.144526,0.313598,0.301980,0.068682,0.975514,0.711023,0.392782,0.428026,0.111029,0.069421,0.819666,0.389487,0.965138,0.689641,0.441501,0.499557,0.337062,0.405710,0.089308,0.713161,0.777193,0.556300,0.570134,0.467408,0.328279,0.526832,0.315711,0.356845,0.665671,0.497523,0.474926,0.810198],
[0.811121,0.776906,0.878879,0.786635,0.487929,0.271662,0.214661,0.598958,0.341083,0.034326,0.988445,0.306221,0.723967,0.429947,0.805777,0.061028,0.835656,0.895086,0.774189,0.612849,0.451386,0.344323,0.080257,0.779665,0.871155,0.395967,0.136510,0.536826,0.893490,0.611436,0.347024,0.704611,0.388342,0.225903,0.491246,0.876271,0.497565,0.705907,0.475229,0.838647],
[0.740233,0.463674,0.144868,0.464200,0.893621,0.950645,0.525228,0.729277,0.845731,0.299417,0.342126,0.297117,0.643740,0.422383,0.076781,0.514895,0.818351,0.213291,0.051721,0.711841,0.824727,0.398745,0.416452,0.213069,0.624648,0.907698,0.089340,0.122212,0.613605,0.564569,0.960860,0.353838,0.028244,0.105727,0.818037,0.921865,0.056373,0.343265,0.651142,0.902103],
[0.642682,0.993269,0.199220,0.286422,0.415652,0.276001,0.801317,0.234003,0.489292,0.853038,0.945843,0.314020,0.251782,0.362295,0.527089,0.876430,0.269993,0.616430,0.998642,0.883598,0.180999,0.959502,0.237436,0.209243,0.065230,0.055473,0.131108,0.121602,0.398738,0.782250,0.023705,0.041420,0.775519,0.222925,0.327842,0.191171,0.498926,0.129159,0.425174,0.988219],
[0.982197,0.371017,0.302239,0.233979,0.733312,0.829328,0.110409,0.003306,0.445757,0.109052,0.886904,0.626756,0.068554,0.124340,0.835999,0.133783,0.179813,0.967107,0.255386,0.578551,0.749357,0.279091,0.619971,0.524876,0.502016,0.947814,0.716046,0.000942,0.076973,0.141220,0.989161,0.059170,0.512237,0.291399,0.293149,0.245549,0.120727,0.403558,0.248855,0.566485],
[0.512610,0.135759,0.193241,0.581164,0.260098,0.029240,0.714947,0.439911,0.996347,0.970333,0.018462,0.745704,0.249424,0.638433,0.270579,0.751440,0.586247,0.986626,0.752382,0.663220,0.127846,0.741543,0.722389,0.640083,0.032943,0.015538,0.885632,0.153670,0.419096,0.134487,0.720155,0.931706,0.270245,0.913396,0.512870,0.530343,0.942636,0.227818,0.970254,0.938983],
[0.198151,0.988716,0.684686,0.447575,0.627149,0.955266,0.199014,0.213396,0.941891,0.951397,0.876615,0.069737,0.692940,0.599004,0.709820,0.725882,0.614542,0.595452,0.879552,0.033639,0.729938,0.599706,0.965345,0.000184,0.513102,0.478215,0.530527,0.455738,0.706033,0.500781,0.394720,0.904184,0.489497,0.079407,0.351758,0.116646,0.034673,0.550773,0.330041,0.976564],
[0.502169,0.206656,0.046301,0.195109,0.805661,0.756121,0.920991,0.420203,0.351573,0.800543,0.453841,0.081511,0.400249,0.419186,0.081695,0.913351,0.897401,0.612222,0.369089,0.603434,0.113003,0.763809,0.507618,0.602500,0.843216,0.859376,0.719146,0.877889,0.410148,0.049188,0.854453,0.912317,0.255844,0.900754,0.107426,0.061505,0.656875,0.028417,0.481708,0.008448],
[0.828959,0.935549,0.089959,0.229208,0.354735,0.171654,0.142559,0.252137,0.783876,0.511648,0.855571,0.896879,0.275458,0.363189,0.499380,0.118674,0.222565,0.218526,0.996562,0.632713,0.267714,0.851015,0.545031,0.523558,0.751769,0.652457,0.585063,0.408643,0.680874,0.066770,0.417091,0.509833,0.002320,0.507050,0.739042,0.357055,0.678704,0.881601,0.609192,0.462581],
[0.393249,0.464763,0.359460,0.668707,0.827952,0.858840,0.787380,0.050517,0.077366,0.783943,0.683230,0.345080,0.634958,0.228261,0.868638,0.386726,0.880718,0.453700,0.795370,0.561592,0.520471,0.212461,0.071425,0.522791,0.719511,0.810466,0.879846,0.398215,0.692067,0.489038,0.860796,0.085317,0.953801,0.220256,0.754024,0.781753,0.079096,0.541404,0.832270,0.156462],
[0.325347,0.515500,0.501542,0.960305,0.743761,0.370179,0.347031,0.624479,0.823880,0.142400,0.186070,0.344351,0.354861,0.257495,0.867141,0.074372,0.067961,0.746987,0.472588,0.760029,0.236025,0.333384,0.845346,0.189826,0.553640,0.599370,0.971579,0.632735,0.140774,0.803849,0.789197,0.466121,0.319349,0.290739,0.426425,0.063110,0.660918,0.773456,0.687589,0.484798],
[0.915856,0.873659,0.829149,0.270717,0.131154,0.696290,0.345089,0.199116,0.443277,0.817677,0.959144,0.679302,0.151060,0.804490,0.869128,0.704700,0.403860,0.840706,0.337435,0.544634,0.644555,0.126633,0.010754,0.963904,0.417372,0.437180,0.027013,0.078290,0.210635,0.714602,0.563088,0.126492,0.588261,0.392237,0.397209,0.719415,0.088527,0.742298,0.918530,0.531804],
[0.559974,0.877675,0.211106,0.711035,0.682165,0.080234,0.415735,0.086025,0.920940,0.753170,0.630659,0.565495,0.879803,0.641413,0.529399,0.297174,0.078593,0.556412,0.375465,0.289228,0.271014,0.938553,0.415720,0.859275,0.330790,0.812928,0.578690,0.419317,0.555226,0.497221,0.951121,0.115200,0.374896,0.162227,0.826235,0.057061,0.242461,0.241970,0.143086,0.163401]],
[[0.995140,0.773745,0.728896,0.874943,0.415158,0.258295,0.172117,0.493751,0.814708,0.547582,0.782979,0.085722,0.486134,0.198698,0.944997,0.816924,0.011627,0.523688,0.236241,0.566852,0.020908,0.187362,0.682053,0.395804,0.349590,0.508288,0.452865,0.592051,0.750258,0.595952,0.755452,0.745398,0.369697,0.484348,0.620340,0.784855,0.742643,0.792457,0.278605,0.557351],
[0.340039,0.061584,0.643073,0.826173,0.260283,0.588070,0.643098,0.271909,0.111758,0.879339,0.838761,0.132666,0.066701,0.520814,0.528470,0.416291,0.029102,0.981335,0.008342,0.779360,0.577287,0.763794,0.524758,0.946983,0.248142,0.145098,0.731838,0.990785,0.937556,0.010443,0.548136,0.277595,0.072028,0.191208,0.103768,0.332310,0.779278,0.746866,0.604219,0.891036],
[0.626205,0.442981,0.023702,0.692906,0.963795,0.552172,0.109197,0.992897,0.533508,0.117539,0.772258,0.110794,0.881333,0.297016,0.057778,0.129474,0.442114,0.789616,0.120259,0.379670,0.800059,0.668395,0.657264,0.872087,0.859603,0.761032,0.204397,0.638882,0.507898,0.808616,0.529918,0.134103,0.251597,0.553620,0.827009,0.215392,0.105792,0.936206,0.208289,0.639299],
[0.053746,0.980547,0.750094,0.935078,0.277563,0.807872,0.064553,0.719677,0.597488,0.184812,0.099347,0.397547,0.853207,0.756611,0.269635,0.712810,0.517643,0.474032,0.351692,0.025541,0.282648,0.881610,0.159644,0.534245,0.435230,0.986653,0.749637,0.541022,0.922860,0.957927,0.180321,0.976605,0.938474,0.930415,0.911684,0.216036,0.738287,0.976236,0.935713,0.335775],
[0.161048,0.035060,0.733323,0.014255,0.791671,0.002957,0.727065,0.309314,0.476989,0.078758,0.334855,0.759637,0.960368,0.494499,0.293882,0.395598,0.481153,0.043519,0.936620,0.404013,0.001446,0.116941,0.380618,0.939919,0.047356,0.292302,0.155956,0.785643,0.268538,0.091669,0.121418,0.429586,0.126729,0.854741,0.443841,0.918400,0.857698,0.170906,0.227713,0.334687],
[0.249664,0.562568,0.094324,0.210031,0.057068,0.388206,0.605629,0.538220,0.431725,0.542249,0.942233,0.433170,0.659189,0.322851,0.373090,0.706545,0.615152,0.529045,0.492189,0.883690,0.620714,0.613607,0.313276,0.747443,0.468348,0.757117,0.665843,0.326047,0.928023,0.893556,0.660733,0.177686,0.456124,0.755057,0.387718,0.513192,0.143263,0.993347,0.051412,0.574988],
[0.535595,0.993645,0.008158,0.194785,0.316495,0.381248,0.901330,0.931648,0.910293,0.393519,0.815338,0.531008,0.007126,0.128614,0.278451,0.475475,0.885730,0.944294,0.801521,0.813753,0.837850,0.462255,0.991440,0.293974,0.217312,0.379157,0.807166,0.360575,0.372504,0.858578,0.935563,0.908099,0.852223,0.943722,0.102884,0.168719,0.324970,0.004214,0.100366,0.235263],
[0.397733,0.915704,0.766271,0.404859,0.044318,0.044722,0.880334,0.930048,0.989015,0.681855,0.743801,0.826865,0.144110,0.735241,0.120839,0.361422,0.114398,0.928005,0.721997,0.486902,0.786584,0.657560,0.395001,0.638807,0.601282,0.497885,0.807525,0.926252,0.502099,0.907892,0.161515,0.899833,0.823596,0.927785,0.304692,0.867913,0.972507,0.185026,0.797961,0.961522],
[0.866881,0.541762,0.788387,0.010991,0.277003,0.909226,0.372413,0.391400,0.837231,0.094410,0.878302,0.623815,0.751971,0.273304,0.262622,0.353253,0.771189,0.070147,0.279505,0.273289,0.978039,0.441019,0.173121,0.801634,0.368805,0.477813,0.669547,0.341312,0.662839,0.467508,0.302834,0.529720,0.009271,0.091221,0.540711,0.286273,0.000447,0.913124,0.677674,0.837678],
[0.007535,0.555976,0.461493,0.759506,0.829280,0.724115,0.112758,0.600469,0.794262,0.392263,0.873757,0.772300,0.833282,0.046879,0.573935,0.202087,0.524692,0.243482,0.543398,0.187531,0.710990,0.846232,0.717251,0.720261,0.937452,0.257962,0.006534,0.937899,0.171086,0.684208,0.775577,0.178621,0.240184,0.237070,0.938127,0.069464,0.961185,0.050885,0.669933,0.755447],
[0.443148,0.543690,0.527747,0.276430,0.590569,0.101682,0.478517,0.115260,0.345164,0.021915,0.302791,0.056154,0.868146,0.020041,0.776415,0.805599,0.278003,0.782949,0.743498,0.449090,0.467157,0.519075,0.627711,0.707341,0.756144,0.565838,0.776804,0.717329,0.616723,0.446737,0.472776,0.059871,0.990427,0.000523,0.336300,0.580996,0.102204,0.814817,0.696256,0.447368],
[0.836732,0.999046,0.503522,0.704878,0.019088,0.279937,0.510477,0.297091,0.062886,0.253974,0.746181,0.530043,0.773049,0.373892,0.237384,0.529193,0.939730,0.014188,0.246522,0.556452,0.460925,0.719298,0.616323,0.451352,0.719821,0.952623,0.032348,0.822025,0.767440,0.728603,0.269393,0.604172,0.727650,0.772915,0.309050,0.746738,0.052852,0.819526,0.043829,0.115739],
[0.073501,0.790009,0.645782,0.846549,0.163901,0.883165,0.375742,0.103631,0.897354,0.622265,0.660083,0.358279,0.341563,0.276406,0.809631,0.061384,0.229029,0.841978,0.883409,0.996469,0.570582,0.152802,0.600641,0.298231,0.925717,0.909691,0.044969,0.978570,0.729217,0.088798,0.094308,0.802718,0.878807,0.740090,0.649267,0.042708,0.623255,0.025009,0.146339,0.520609],
[0.647274,0.806422,0.878887,0.988837,0.082828,0.688518,0.050221,0.311858,0.530496,0.933630,0.308327,0.101078,0.086432,0.908968,0.399309,0.012149,0.818659,0.444278,0.990719,0.547877,0.533076,0.085027,0.350595,0.411883,0.825117,0.999862,0.454591,0.448372,0.024871,0.600931,0.968981,0.672145,0.407353,0.847868,0.660982,0.490181,0.536386,0.711203,0.802039,0.066882],
[0.644833,0.110366,0.167960,0.731265,0.019334,0.567269,0.743414,0.837994,0.011547,0.734132,0.385870,0.544623,0.819159,0.736465,0.956506,0.644276,0.736327,0.411097,0.092648,0.761198,0.012028,0.061629,0.433343,0.419381,0.909497,0.094326,0.909563,0.445883,0.805529,0.711602,0.512765,0.450362,0.821968,0.680725,0.181626,0.841302,0.247994,0.925040,0.679296,0.259541],
[0.659173,0.065166,0.804164,0.478332,0.801631,0.760671,0.122608,0.537958,0.171768,0.215256,0.299156,0.183796,0.276885,0.732499,0.603177,0.186382,0.826825,0.512740,0.632265,0.632353,0.224342,0.145030,0.082715,0.046309,0.825755,0.264342,0.887612,0.073749,0.189382,0.566908,0.333291,0.848554,0.632074,0.137455,0.326886,0.433705,0.898126,0.449494,0.971663,0.069894],
[0.664751,0.270819,0.253690,0.941636,0.003318,0.856867,0.128018,0.830142,0.369607,0.760283,0.462496,0.593949,0.905314,0.545211,0.640258,0.731069,0.809552,0.527870,0.804818,0.998934,0.094778,0.138109,0.847488,0.726852,0.275564,0.174375,0.160557,0.173690,0.623869,0.132220,0.243584,0.288620,0.403038,0.497274,0.230256,0.406356,0.354141,0.358274,0.236498,0.723748],
[0.118557,0.698994,0.317697,0.023871,0.244204,0.957956,0.754940,0.053757,0.485826,0.559759,0.052691,0.580604,0.697868,0.900179,0.307455,0.973432,0.074554,0.468012,0.147122,0.698423,0.600231,0.390706,0.987043,0.003270,0.887979,0.217299,0.409626,0.242120,0.575573,0.646124,0.965869,0.694130,0.345117,0.283566,0.718001,0.589322,0.241522,0.472942,0.643079,0.727348],
[0.032700,0.695770,0.307952,0.730568,0.595949,0.615407,0.704000,0.670503,0.083419,0.851122,0.368926,0.683650,0.241828,0.355969,0.686920,0.129807,0.573268,0.096545,0.371927,0.148841,0.742669,0.337796,0.842971,0.087786,0.621362,0.560972,0.677108,0.862884,0.033914,0.320186,0.590232,0.066614,0.015956,0.898184,0.797182,0.611905,0.513591,0.501182,0.282408,0.597009],
[0.352304,0.651334,0.280660,0.594132,0.007304,0.967580,0.723939,0.580572,0.064125,0.095866,0.729413,0.806794,0.433663,0.572384,0.894580,0.055025,0.133356,0.571688,0.917909,0.167270,0.891875,0.508141,0.233884,0.907830,0.406324,0.031067,0.519735,0.919915,0.532249,0.802144,0.516924,0.884553,0.453478,0.797584,0.478686,0.460782,0.765163,0.202625,0.041354,0.829288],
[0.298491,0.770767,0.636082,0.732154,0.343150,0.530663,0.787178,0.476506,0.102351,0.705087,0.643776,0.994225,0.213228,0.877660,0.902056,0.619552,0.908727,0.421791,0.539467,0.440976,0.223935,0.056391,0.325530,0.677413,0.853974,0.804215,0.138195,0.619138,0.006840,0.179548,0.448426,0.305331,0.950315,0.084508,0.037485,0.293465,0.615171,0.824663,0.769972,0.717522],
[0.529750,0.413748,0.711747,0.742977,0.291408,0.613803,0.362529,0.200135,0.035594,0.901996,0.641112,0.259529,0.958386,0.966641,0.936942,0.812361,0.770856,0.075136,0.431498,0.777696,0.254685,0.879924,0.083027,0.205000,0.964432,0.120512,0.498465,0.579603,0.945175,0.268437,0.297125,0.474924,0.682184,0.008872,0.217902,0.973593,0.622675,0.580431,0.173728,0.658269],
[0.482427,0.814839,0.917798,0.440813,0.781481,0.854740,0.253174,0.552337,0.929876,0.684673,0.330033,0.184561,0.564597,0.413061,0.389561,0.529029,0.533573,0.888026,0.108632,0.478747,0.156463,0.405757,0.953672,0.838647,0.414629,0.171573,0.812240,0.037304,0.752005,0.985968,0.695573,0.234431,0.800807,0.613371,0.675245,0.582288,0.468111,0.928419,0.134625,0.397988],
[0.613092,0.464659,0.582549,0.177688,0.877719,0.972110,0.706718,0.411292,0.860136,0.815350,0.890039,0.016599,0.221107,0.843711,0.855246,0.635737,0.015284,0.667486,0.673041,0.767289,0.653454,0.368614,0.001720,0.454261,0.981986,0.676965,0.036550,0.450097,0.605384,0.171175,0.848085,0.218476,0.635833,0.430633,0.396164,0.513553,0.402743,0.102882,0.924844,0.262879],
[0.918232,0.814883,0.279478,0.139339,0.658594,0.134725,0.775076,0.673878,0.802211,0.448116,0.441167,0.455665,0.816730,0.442887,0.909926,0.798716,0.119852,0.946476,0.248813,0.725236,0.117651,0.096897,0.943711,0.753484,0.527531,0.339875,0.267036,0.930274,0.442757,0.191881,0.193153,0.360988,0.006764,0.472632,0.500327,0.665358,0.607356,0.275403,0.339236,0.409567],
[0.723519,0.780403,0.865232,0.540249,0.223290,0.775158,0.338965,0.343142,0.721634,0.587778,0.068377,0.839285,0.684675,0.012088,0.592768,0.212206,0.351964,0.859805,0.142480,0.794720,0.051686,0.335633,0.155708,0.058450,0.808265,0.656036,0.723808,0.415621,0.931438,0.063044,0.825188,0.654957,0.843447,0.690420,0.195206,0.066737,0.465579,0.534172,0.409878,0.187213],
[0.121949,0.478255,0.026497,0.806625,0.490344,0.619266,0.018831,0.842307,0.479070,0.161311,0.637027,0.530756,0.496944,0.792736,0.589206,0.305209,0.448771,0.313014,0.720830,0.380210,0.376057,0.546019,0.035167,0.219504,0.236439,0.230373,0.286241,0.702018,0.764545,0.696119,0.889231,0.886494,0.174375,0.915728,0.693119,0.664718,0.534994,0.711949,0.507026,0.014064],
[0.873260,0.144053,0.544820,0.370203,0.936789,0.134026,0.675412,0.385560,0.447039,0.396243,0.765770,0.823097,0.942261,0.800936,0.042601,0.178701,0.031309,0.328842,0.880719,0.795854,0.024961,0.769949,0.682348,0.199336,0.685677,0.375466,0.864054,0.220671,0.087416,0.371080,0.234734,0.960675,0.515133,0.779554,0.330879,0.451921,0.913580,0.006291,0.837482,0.360619],
[0.402534,0.603251,0.183716,0.344795,0.404188,0.226317,0.523496,0.435497,0.555159,0.404214,0.231351,0.580121,0.174163,0.913699,0.779456,0.859840,0.289165,0.643510,0.080511,0.376581,0.014590,0.315245,0.337256,0.529722,0.094800,0.668135,0.981644,0.008380,0.674426,0.819126,0.368999,0.076960,0.422377,0.552716,0.421755,0.826565,0.779033,0.945251,0.262062,0.334192],
[0.349465,0.493413,0.914313,0.523629,0.407112,0.693769,0.383469,0.696278,0.337279,0.463980,0.072859,0.351869,0.779226,0.410115,0.881592,0.874026,0.078250,0.863235,0.882406,0.752676,0.682361,0.251405,0.829636,0.104738,0.804121,0.251391,0.931303,0.583154,0.196642,0.193365,0.917346,0.546108,0.686778,0.831658,0.069736,0.093890,0.525427,0.453206,0.790167,0.862706],
[0.917186,0.863026,0.214575,0.696412,0.273141,0.096167,0.570437,0.351391,0.959402,0.452843,0.104067,0.641763,0.704248,0.933703,0.746501,0.508369,0.185095,0.677804,0.091522,0.381737,0.871169,0.008868,0.927845,0.557946,0.840526,0.997581,0.651836,0.365953,0.450787,0.442004,0.228659,0.367973,0.305030,0.443235,0.064385,0.578171,0.539401,0.634822,0.929562,0.498804],
[0.087665,0.033629,0.140567,0.791913,0.967332,0.887068,0.300282,0.152427,0.564872,0.391804,0.534164,0.436041,0.400672,0.462008,0.993987,0.241198,0.459589,0.645823,0.607152,0.910376,0.087827,0.835811,0.278349,0.392857,0.279046,0.342734,0.971027,0.818447,0.977555,0.900589,0.317251,0.065220,0.934218,0.457818,0.857133,0.901550,0.344887,0.157415,0.053976,0.909759],
[0.549220,0.588140,0.345800,0.949892,0.050148,0.339787,0.191090,0.509737,0.985611,0.798242,0.420113,0.073438,0.634053,0.698462,0.466294,0.913099,0.041196,0.437322,0.731546,0.018751,0.337910,0.048797,0.083972,0.272128,0.506615,0.941105,0.173677,0.851502,0.098520,0.227654,0.761261,0.647740,0.815794,0.107061,0.597632,0.865942,0.446848,0.788722,0.375679,0.432459],
[0.586965,0.795793,0.505896,0.221018,0.494255,0.972191,0.134117,0.535451,0.409512,0.865663,0.554203,0.747423,0.914460,0.638174,0.019550,0.421076,0.579280,0.193228,0.272578,0.677800,0.420882,0.033838,0.325540,0.236675,0.140899,0.923172,0.102617,0.587747,0.711894,0.478296,0.020206,0.298859,0.274089,0.526102,0.519877,0.768344,0.498293,0.653993,0.303795,0.907805],
[0.519656,0.857998,0.655228,0.434116,0.496172,0.674778,0.855192,0.075452,0.868006,0.127770,0.753252,0.288887,0.161608,0.078792,0.525563,0.302507,0.001964,0.628180,0.890254,0.713858,0.106476,0.910460,0.012717,0.380565,0.436562,0.532593,0.148909,0.934855,0.186587,0.452704,0.842660,0.706243,0.310701,0.497888,0.140359,0.806873,0.172666,0.995551,0.882325,0.040672],
[0.123321,0.635577,0.329559,0.284929,0.714368,0.855122,0.587436,0.716332,0.483301,0.477691,0.430190,0.589777,0.388151,0.442906,0.970342,0.824713,0.975500,0.119251,0.759568,0.162087,0.571955,0.602229,0.868330,0.882656,0.100116,0.008689,0.689529,0.272782,0.004240,0.571854,0.313454,0.127561,0.207431,0.643013,0.412490,0.921799,0.498134,0.999926,0.638131,0.981436],
[0.477617,0.068320,0.571213,0.865768,0.511227,0.541555,0.690481,0.486726,0.660806,0.450050,0.648813,0.232760,0.052278,0.517142,0.115416,0.152395,0.525831,0.804946,0.425177,0.530072,0.376800,0.738630,0.657633,0.584231,0.381643,0.070123,0.506030,0.879777,0.070050,0.144161,0.861213,0.547667,0.212481,0.432426,0.413435,0.723708,0.973981,0.103916,0.210434,0.634787],
[0.553965,0.859247,0.867547,0.606243,0.376390,0.982963,0.758638,0.902221,0.787909,0.183815,0.432293,0.164709,0.922445,0.089926,0.748940,0.304088,0.160049,0.254971,0.183866,0.230098,0.399131,0.045079,0.777765,0.611613,0.477505,0.191200,0.335320,0.451486,0.295115,0.545755,0.086273,0.849081,0.405002,0.953820,0.455324,0.781391,0.936784,0.213962,0.683612,0.724693],
[0.397777,0.115905,0.889402,0.320222,0.205830,0.638343,0.624310,0.365879,0.893313,0.808175,0.595978,0.292445,0.853254,0.373743,0.904057,0.330759,0.564943,0.239378,0.782245,0.860058,0.785132,0.868519,0.709139,0.190134,0.822339,0.164463,0.971525,0.759123,0.378425,0.655137,0.483816,0.776202,0.771042,0.373218,0.096423,0.976873,0.011561,0.720733,0.342752,0.904874],
[0.528908,0.938729,0.197319,0.382162,0.312472,0.101376,0.712921,0.877415,0.340754,0.495167,0.737473,0.125886,0.363685,0.446612,0.316020,0.186024,0.611075,0.287545,0.945147,0.989500,0.942683,0.428963,0.765701,0.713725,0.802182,0.862125,0.690597,0.813743,0.582857,0.033349,0.718617,0.111765,0.972079,0.915935,0.493928,0.284551,0.017311,0.206849,0.161966,0.358065]],
[[0.702016,0.899439,0.483951,0.065701,0.346051,0.799971,0.251725,0.957126,0.087516,0.196873,0.946626,0.030199,0.625836,0.712327,0.743923,0.428018,0.574452,0.434521,0.241761,0.157309,0.467870,0.960377,0.269075,0.439948,0.876313,0.763003,0.724499,0.893624,0.969852,0.886465,0.251689,0.671867,0.785904,0.735640,0.737568,0.131955,0.535610,0.989294,0.089081,0.623126],
[0.186166,0.035707,0.653325,0.812003,0.748035,0.397248,0.240021,0.322487,0.831769,0.481781,0.479796,0.299639,0.442159,0.748871,0.739587,0.318471,0.511873,0.464087,0.212095,0.481725,0.350552,0.463784,0.153592,0.136456,0.199424,0.891161,0.268411,0.735034,0.880455,0.357492,0.358160,0.066621,0.393199,0.011485,0.878624,0.141234,0.408733,0.118644,0.463721,0.240501],
[0.600425,0.943517,0.540140,0.042584,0.692388,0.279727,0.361055,0.204261,0.743814,0.573150,0.685986,0.094366,0.036934,0.839579,0.230822,0.236358,0.730739,0.499233,0.971392,0.611194,0.856725,0.329552,0.677815,0.249924,0.341036,0.556438,0.391158,0.749769,0.675083,0.854879,0.990270,0.275508,0.798396,0.530411,0.318092,0.490784,0.810138,0.679147,0.695045,0.553952],
[0.252297,0.381031,0.648318,0.289231,0.220610,0.879139,0.525589,0.951349,0.378372,0.496980,0.562543,0.235096,0.826532,0.240358,0.485021,0.167568,0.796796,0.876179,0.917337,0.471879,0.731058,0.907607,0.747387,0.529454,0.438018,0.065478,0.020237,0.248156,0.744625,0.715282,0.802108,0.996922,0.096313,0.450425,0.286153,0.316922,0.329565,0.811741,0.268272,0.707936],
[0.308722,0.830815,0.943033,0.135254,0.071173,0.428053,0.302822,0.867969,0.304232,0.220159,0.339848,0.035290,0.127766,0.087235,0.564744,0.565784,0.152713,0.584981,0.813940,0.897338,0.300263,0.616047,0.894260,0.396576,0.066473,0.180413,0.713499,0.396037,0.992154,0.981770,0.103974,0.300876,0.812585,0.047006,0.436129,0.883757,0.475060,0.738951,0.751726,0.779292],
[0.959110,0.091575,0.814582,0.086876,0.178809,0.379326,0.652660,0.331523,0.964308,0.466599,0.228861,0.264571,0.082646,0.123121,0.661147,0.149119,0.303534,0.374646,0.545156,0.295688,0.356417,0.649130,0.596564,0.169001,0.696136,0.032694,0.052759,0.171196,0.771645,0.804485,0.950488,0.730755,0.896060,0.765070,0.817630,0.074869,0.144396,0.470290,0.406392,0.108704],
[0.936889,0.635253,0.373275,0.019535,0.758375,0.034422,0.168655,0.061909,0.409069,0.713811,0.357597,0.765485,0.362941,0.954161,0.934487,0.059077,0.986855,0.987246,0.230273,0.758499,0.791731,0.180761,0.489254,0.687791,0.945831,0.306884,0.762660,0.090227,0.777174,0.169052,0.198931,0.714063,0.804306,0.572206,0.733599,0.562680,0.606628,0.902253,0.624589,0.015697],
[0.616064,0.982186,0.781182,0.979006,0.936347,0.715668,0.038083,0.923202,0.702914,0.268356,0.681702,0.494645,0.449118,0.170956,0.182435,0.394949,0.477840,0.945095,0.485176,0.255015,0.114148,0.684106,0.969078,0.918453,0.256312,0.702677,0.481134,0.862940,0.604930,0.105723,0.878637,0.220994,0.087909,0.659819,0.200000,0.024257,0.375487,0.238083,0.947459,0.078401],
[0.506440,0.629160,0.573046,0.955557,0.800116,0.755481,0.350506,0.277956,0.700577,0.835682,0.532971,0.814724,0.519788,0.502049,0.733178,0.776100,0.204725,0.214311,0.639040,0.809655,0.320034,0.517677,0.030650,0.407943,0.177495,0.230650,0.432200,0.552982,0.468733,0.379658,0.631383,0.975173,0.008819,0.204429,0.930730,0.808935,0.959910,0.281236,0.086891,0.660487],
[0.116917,0.619862,0.475211,0.636706,0.121911,0.208389,0.412806,0.326636,0.422700,0.051846,0.136291,0.742734,0.569523,0.166941,0.150677,0.747019,0.397591,0.582877,0.300001,0.866324,0.962535,0.931384,0.841497,0.971354,0.135814,0.772227,0.780289,0.095724,0.053462,0.867180,0.756211,0.170380,0.487042,0.231423,0.807086,0.608952,0.439812,0.219891,0.935588,0.862512],
[0.271737,0.071880,0.605246,0.841260,0.238821,0.755923,0.588279,0.636411,0.338800,0.888280,0.502735,0.301336,0.819664,0.344232,0.272690,0.955478,0.116458,0.052979,0.051202,0.169921,0.920159,0.807413,0.340301,0.407201,0.038836,0.147386,0.016153,0.478647,0.367278,0.951742,0.341159,0.639015,0.023621,0.946405,0.480275,0.262442,0.702328,0.068554,0.898853,0.041128],
[0.956834,0.401588,0.342464,0.776498,0.745820,0.615154,0.731976,0.862279,0.668133,0.783178,0.032200,0.588292,0.590591,0.372501,0.995493,0.629427,0.519887,0.011646,0.108074,0.887165,0.963388,0.449233,0.526180,0.987009,0.395638,0.006455,0.249451,0.097966,0.075009,0.148304,0.139094,0.031844,0.549892,0.481558,0.808342,0.295713,0.096712,0.540318,0.157991,0.764845],
[0.323497,0.190191,0.353137,0.914088,0.562692,0.348630,0.543515,0.082579,0.360276,0.651589,0.969744,0.323664,0.100821,0.495923,0.310673,0.496459,0.502378,0.560123,0.594425,0.577388,0.708427,0.733519,0.609231,0.258319,0.215077,0.417573,0.554032,0.311789,0.957892,0.712023,0.076635,0.281388,0.902215,0.429772,0.195476,0.464906,0.778401,0.738991,0.547485,0.138677],
[0.390580,0.517229,0.462341,0.491401,0.013153,0.773013,0.987860,0.515531,0.333137,0.582285,0.092919,0.041564,0.315804,0.702150,0.299883,0.530881,0.119723,0.853915,0.842670,0.077615,0.565938,0.919305,0.359003,0.468152,0.349077,0.554480,0.933059,0.127478,0.293471,0.480544,0.266155,0.684050,0.997774,0.728496,0.175451,0.010926,0.501509,0.163312,0.526457,0.834646],
[0.745597,0.619376,0.876209,0.061400,0.321526,0.176092,0.592281,0.441249,0.030007,0.434952,0.518865,0.595945,0.354257,0.877868,0.064097,0.703333,0.432348,0.997156,0.830811,0.725818,0.477700,0.096966,0.409869,0.475474,0.825462,0.585320,0.486400,0.326972,0.748632,0.012857,0.161618,0.494228,0.632233,0.037827,0.555629,0.953759,0.213919,0.147910,0.395008,0.243926],
[0.582862,0.913873,0.839870,0.937119,0.791741,0.903967,0.640452,0.224088,0.901123,0.471263,0.949907,0.378824,0.568229,0.359775,0.854298,0.393691,0.945095,0.340698,0.720663,0.693727,0.353555,0.882281,0.187956,0.985787,0.920108,0.743584,0.939546,0.134027,0.891495,0.334554,0.377953,0.474357,0.248427,0.217823,0.411475,0.040168,0.121790,0.051927,0.264256,0.022914],
[0.523190,0.214163,0.401738,0.091419,0.573938,0.256036,0.485110,0.519033,0.596733,0.205773,0.212760,0.950288,0.088054,0.400716,0.936075,0.008162,0.144300,0.875621,0.142188,0.035795,0.210175,0.520141,0.510152,0.458602,0.737964,0.921627,0.498770,0.859754,0.973554,0.763026,0.882668,0.496744,0.977189,0.284406,0.588163,0.551126,0.540442,0.073273,0.070160,0.137175],
[0.279046,0.282920,0.087463,0.367100,0.683636,0.023538,0.375262,0.827937,0.899159,0.517450,0.863732,0.109334,0.037591,0.373884,0.567936,0.775555,0.295511,0.066706,0.635310,0.269065,0.829732,0.517978,0.765809,0.806920,0.802384,0.353972,0.358047,0.342826,0.427245,0.428207,0.480001,0.706292,0.711127,0.567464,0.073392,0.394763,0.591001,0.448654,0.222700,0.490160],
[0.966104,0.086432,0.599494,0.003696,0.460316,0.167430,0.779251,0.755827,0.234136,0.414561,0.024892,0.063868,0.932539,0.790702,0.870788,0.734923,0.144674,0.228835,0.077749,0.571919,0.657042,0.557750,0.278211,0.368169,0.125214,0.351604,0.762932,0.716216,0.800258,0.985632,0.206376,0.766362,0.072063,0.805870,0.770058,0.532379,0.973300,0.549309,0.288206,0.207436],
[0.963870,0.313098,0.271304,0.896408,0.103800,0.142093,0.631331,0.248474,0.370928,0.709081,0.820393,0.027970,0.266831,0.098605,0.396139,0.392045,0.450208,0.159070,0.108261,0.250466,0.144702,0.314637,0.016828,0.216765,0.120507,0.786887,0.749144,0.093807,0.336195,0.037350,0.301243,0.300065,0.350448,0.572547,0.196473,0.454248,0.714640,0.827805,0.702721,0.085568],
[0.536885,0.523115,0.113538,0.803716,0.621719,0.509677,0.195762,0.071927,0.668747,0.304023,0.322394,0.813449,0.618659,0.339222,0.030214,0.739166,0.126109,0.779359,0.832973,0.462304,0.816709,0.134216,0.762369,0.167157,0.706763,0.958842,0.621405,0.421403,0.786647,0.324126,0.506972,0.323532,0.847241,0.620510,0.127249,0.468960,0.130186,0.323010,0.540888,0.798933],
[0.627033,0.863281,0.612382,0.245693,0.202503,0.642597,0.984859,0.328612,0.421956,0.817831,0.790916,0.238665,0.952047,0.553285,0.405822,0.658810,0.512127,0.027226,0.080214,0.298774,0.351353,0.587185,0.622306,0.198594,0.207695,0.749555,0.667554,0.337881,0.072565,0.208441,0.136815,0.699598,0.071722,0.749197,0.945291,0.274226,0.391794,0.930150,0.602837,0.813749],
[0.747981,0.393753,0.052414,0.700028,0.947038,0.458236,0.358839,0.459165,0.485462,0.439053,0.757939,0.836815,0.026238,0.380245,0.035408,0.233933,0.129800,0.702962,0.571814,0.202365,0.911403,0.708629,0.901963,0.983125,0.457826,0.847254,0.257351,0.849620,0.777404,0.860188,0.663369,0.525385,0.253941,0.715783,0.225413,0.200980,0.174019,0.584252,0.660145,0.659481],
[0.023304,0.418084,0.496295,0.049543,0.798329,0.531703,0.283476,0.928128,0.234665,0.855290,0.130493,0.146068,0.563919,0.032456,0.129193,0.021745,0.879710,0.386544,0.871365,0.657114,0.246732,0.534734,0.182499,0.500673,0.250517,0.407912,0.701653,0.424536,0.992164,0.361798,0.084016,0.015468,0.779881,0.580311,0.065011,0.578210,0.112015,0.348487,0.506338,0.346680],
[0.203777,0.636831,0.492747,0.767696,0.669287,0.621940,0.789441,0.548998,0.008484,0.660806,0.206112,0.255216,0.195540,0.388611,0.755890,0.446057,0.796523,0.457542,0.870593,0.788687,0.819340,0.954610,0.804155,0.599221,0.534921,0.869166,0.177431,0.646936,0.217652,0.683769,0.993615,0.421429,0.320601,0.486363,0.189125,0.989888,0.108303,0.978566,0.538886,0.116787],
[0.639372,0.744998,0.372004,0.834912,0.133609,0.127893,0.280970,0.930132,0.585436,0.151563,0.718818,0.404776,0.106173,0.522973,0.003997,0.641094,0.392139,0.181428,0.288029,0.609791,0.865198,0.281644,0.031220,0.185798,0.768007,0.220344,0.175686,0.876310,0.198910,0.714572,0.993098,0.838282,0.459570,0.365101,0.673195,0.593179,0.492994,0.954164,0.523311,0.078430],
[0.105727,0.242129,0.483206,0.211900,0.765102,0.487203,0.852993,0.157241,0.668631,0.141023,0.767031,0.533829,0.422667,0.798251,0.719627,0.190674,0.018595,0.895313,0.066984,0.217506,0.609885,0.060082,0.055788,0.069455,0.425183,0.728983,0.662634,0.918178,0.683147,0.185945,0.996608,0.788874,0.428074,0.479814,0.000774,0.193176,0.967017,0.853767,0.350417,0.635648],
[0.994790,0.117449,0.169476,0.417457,0.915700,0.889103,0.608131,0.934295,0.784416,0.675115,0.151801,0.394301,0.735197,0.207588,0.463756,0.160381,0.936571,0.126391,0.078558,0.619718,0.312336,0.075166,0.408592,0.740410,0.554980,0.409366,0.933587,0.521997,0.263133,0.284004,0.157644,0.257923,0.401452,0.327120,0.675380,0.317152,0.216223,0.283511,0.251447,0.000639],
[0.958626,0.403247,0.394940,0.693824,0.610835,0.858696,0.854204,0.547406,0.985087,0.932763,0.167124,0.297423,0.007929,0.575716,0.037834,0.562909,0.985083,0.971420,0.084906,0.248216,0.255424,0.242550,0.506139,0.656876,0.569671,0.181520,0.974027,0.785894,0.465031,0.225474,0.786533,0.423657,0.628721,0.181473,0.117481,0.239556,0.040170,0.971685,0.786963,0.025257],
[0.904448,0.954087,0.322680,0.912377,0.529804,0.360514,0.475286,0.514886,0.331934,0.560193,0.763102,0.587357,0.802743,0.269242,0.244233,0.372414,0.450761,0.218260,0.158308,0.915792,0.443734,0.944841,0.339449,0.072455,0.126314,0.456930,0.312012,0.166484,0.428615,0.098974,0.191740,0.333063,0.053062,0.514421,0.245440,0.582865,0.874934,0.720726,0.097752,0.206868],
[0.280919,0.860854,0.794225,0.083662,0.130096,0.038459,0.456075,0.580857,0.256719,0.614383,0.496649,0.700453,0.559224,0.836098,0.772909,0.685538,0.293027,0.084920,0.852022,0.721642,0.183895,0.043763,0.054705,0.236956,0.558183,0.300144,0.819822,0.433117,0.020870,0.917573,0.639986,0.301789,0.778427,0.434211,0.385450,0.908523,0.472670,0.841526,0.489380,0.729389],
[0.455909,0.986029,0.429842,0.015133,0.822127,0.202751,0.700672,0.115154,0.287671,0.552694,0.836796,0.471565,0.596456,0.891501,0.708521,0.154640,0.191645,0.528343,0.587757,0.212516,0.445916,0.227743,0.514305,0.224344,0.661954,0.899755,0.132867,0.134623,0.741281,0.622247,0.864012,0.197190,0.608276,0.293854,0.212323,0.430403,0.496605,0.912995,0.545557,0.784275],
[0.465689,0.382353,0.255841,0.062145,0.273854,0.964362,0.216785,0.465500,0.492705,0.804542,0.678016,0.938621,0.032284,0.192320,0.162965,0.694238,0.092075,0.295832,0.828861,0.833356,0.918079,0.692873,0.030546,0.526354,0.986727,0.242869,0.956757,0.483332,0.155864,0.502314,0.267607,0.621552,0.884667,0.523448,0.683697,0.158521,0.487810,0.900482,0.624021,0.980515],
[0.705024,0.302037,0.919136,0.737308,0.494357,0.082101,0.431546,0.586432,0.377933,0.260407,0.419788,0.296011,0.953281,0.450334,0.822366,0.940008,0.693203,0.779123,0.423340,0.849067,0.281437,0.690947,0.470619,0.166104,0.214394,0.154316,0.324625,0.702204,0.054798,0.948646,0.682719,0.759822,0.250683,0.601855,0.497130,0.745040,0.683956,0.928676,0.331472,0.061888],
[0.189084,0.751260,0.357900,0.142364,0.201594,0.180265,0.082372,0.894797,0.959388,0.505711,0.743864,0.240825,0.196658,0.214483,0.406929,0.411053,0.368800,0.731554,0.113257,0.423598,0.680201,0.795975,0.183420,0.930884,0.397830,0.680550,0.675924,0.081786,0.609227,0.007396,0.143674,0.798310,0.758656,0.501574,0.940674,0.960251,0.681839,0.023046,0.855048,0.641227],
[0.528758,0.598912,0.882053,0.725416,0.813395,0.288982,0.136468,0.182195,0.020536,0.249725,0.605793,0.700737,0.045701,0.789213,0.631620,0.443531,0.469763,0.307544,0.525317,0.078990,0.314940,0.668991,0.877301,0.073596,0.170564,0.817975,0.033847,0.852403,0.841021,0.888895,0.493631,0.369779,0.487807,0.375684,0.095195,0.301202,0.664665,0.231663,0.483397,0.685201],
[0.481388,0.089190,0.385938,0.527089,0.878403,0.017558,0.970620,0.348166,0.325102,0.495936,0.427157,0.640042,0.164927,0.304457,0.713638,0.335491,0.122432,0.747485,0.187895,0.963453,0.636380,0.681526,0.333232,0.124187,0.057209,0.428426,0.425389,0.721875,0.660089,0.908786,0.407076,0.141478,0.997976,0.793013,0.668567,0.876379,0.810572,0.639186,0.224545,0.135674],
[0.135122,0.651702,0.775716,0.300049,0.956159,0.489354,0.635541,0.078591,0.236839,0.823435,0.042044,0.873219,0.504961,0.375276,0.997407,0.562170,0.803702,0.422796,0.284045,0.463792,0.331583,0.691121,0.605269,0.329559,0.484134,0.273836,0.205938,0.294706,0.913022,0.430483,0.430380,0.048145,0.082185,0.206096,0.348194,0.038344,0.695450,0.983735,0.116935,0.932289],
[0.807170,0.158979,0.805509,0.312131,0.534255,0.802915,0.874301,0.337957,0.225711,0.158346,0.801748,0.557294,0.849467,0.407018,0.886853,0.333601,0.680853,0.092791,0.628307,0.593876,0.523274,0.058686,0.642020,0.605459,0.264782,0.990214,0.643803,0.960232,0.973949,0.760738,0.892521,0.781118,0.919717,0.698029,0.093249,0.453972,0.500944,0.967551,0.791929,0.726656],
[0.125897,0.593677,0.283950,0.975364,0.000695,0.170802,0.308965,0.681548,0.263593,0.937272,0.275424,0.786867,0.995958,0.917444,0.392326,0.260740,0.907658,0.036129,0.220971,0.881606,0.796867,0.113492,0.662725,0.716585,0.811521,0.755974,0.170556,0.312466,0.723525,0.962485,0.039121,0.849422,0.556162,0.323071,0.824786,0.556857,0.493873,0.133751,0.238405,0.757466]]];

c=[[2,6,1,5,10,9,3,5,6,5,2,3,8,4,10,5,7,7,1,3,9,7,9,3,1,3,8,8,7,2,5,8,9,6,2,8,6,4,4,4],
[10,5,8,8,10,9,4,6,6,7,1,6,3,9,8,5,1,8,3,7,1,9,6,9,6,7,9,2,1,2,7,2,9,6,9,8,5,5,6,2],
[1,8,7,5,6,6,9,8,3,3,7,3,2,2,4,7,9,4,10,1,7,8,2,5,4,3,5,10,7,2,1,9,9,9,3,4,4,3,3,7],
[6,9,1,7,1,6,3,9,9,5,1,6,2,2,2,5,6,6,4,4,7,6,2,5,4,6,10,8,9,3,6,4,1,8,10,1,4,4,1,2],
[10,1,9,2,5,1,8,10,6,4,4,3,9,7,9,3,3,9,2,1,3,7,4,3,4,5,6,7,10,8,1,10,1,9,1,5,9,8,6,7],
[1,1,1,2,8,9,4,10,9,7,10,3,3,5,8,8,9,5,7,10,2,7,9,2,7,1,8,8,1,6,6,3,6,6,4,3,6,9,4,7],
[5,3,9,9,7,6,7,7,10,5,7,4,1,7,7,9,8,7,8,8,2,3,10,7,8,6,2,6,4,5,2,1,10,2,9,8,10,7,5,9],
[1,3,4,1,1,1,2,8,7,9,7,8,2,9,6,1,4,9,6,9,4,9,9,5,3,8,2,2,4,8,2,5,2,6,7,3,6,10,10,2],
[9,7,1,2,7,6,4,10,7,2,8,10,2,7,4,4,6,7,5,1,5,7,7,6,2,4,8,9,5,10,10,3,8,2,6,4,9,10,3,5],
[1,2,4,4,10,9,8,5,8,2,6,2,10,2,9,3,7,9,1,2,8,2,6,5,3,4,10,2,3,4,8,5,5,4,8,5,2,7,1,1],
[1,6,2,10,10,3,5,8,1,5,9,8,9,7,4,3,10,3,6,4,6,4,10,2,7,9,6,10,6,7,1,6,4,4,7,5,6,3,3,6],
[10,3,3,8,9,8,10,10,2,6,3,9,1,4,1,7,3,8,8,10,6,8,7,10,2,5,6,7,8,8,3,7,1,7,6,1,7,7,1,8],
[4,3,7,4,9,9,2,1,6,10,2,2,9,8,3,10,4,8,9,1,8,3,9,10,1,4,10,7,3,10,7,6,5,3,2,3,1,3,5,8],
[4,6,9,3,5,3,2,8,3,2,1,10,4,9,9,5,5,8,3,7,10,9,4,4,3,5,8,3,10,2,1,3,9,1,5,5,4,9,2,6],
[10,2,7,4,3,5,10,9,4,4,5,3,3,10,6,5,7,5,10,6,6,2,8,6,2,5,10,7,3,4,4,2,7,2,7,9,6,8,7,10],
[2,3,4,4,3,2,10,9,6,9,6,4,10,3,9,4,7,1,2,1,4,8,3,10,9,1,9,7,9,7,8,10,10,1,5,4,2,4,4,8],
[3,9,1,4,3,1,9,2,1,3,2,4,10,6,4,10,7,4,6,5,10,3,4,1,6,8,4,7,1,9,6,5,7,8,1,10,9,1,3,1],
[3,4,5,4,10,10,4,6,5,9,2,6,4,5,7,9,4,2,7,6,1,3,3,9,10,3,10,10,3,2,1,8,8,7,1,9,8,4,4,2],
[5,5,7,8,1,5,6,4,9,2,1,1,6,3,9,6,7,1,7,10,4,7,9,1,3,9,9,10,5,4,3,9,10,2,6,10,6,3,5,6],
[6,6,6,2,10,7,9,7,7,7,8,10,4,6,3,8,4,1,10,8,5,2,6,6,3,3,6,1,7,2,6,3,9,2,6,9,10,6,5,6],
[2,2,7,7,7,9,7,2,10,6,2,6,9,9,1,2,2,8,4,8,10,9,2,10,2,9,8,1,6,4,6,10,5,5,6,3,3,2,5,4],
[9,6,9,8,6,2,9,7,9,4,7,10,2,10,10,4,1,9,6,8,3,4,7,7,8,5,2,10,8,8,6,7,5,4,4,10,5,4,7,6],
[9,5,5,10,6,6,5,6,5,1,4,7,4,2,5,3,6,6,2,6,3,9,2,7,3,7,7,9,2,5,6,10,1,3,1,6,8,6,4,2],
[8,9,8,1,10,5,3,8,10,6,3,5,5,4,3,9,2,1,9,5,7,5,4,7,7,6,5,6,3,8,8,10,6,7,2,5,1,6,2,3],
[2,6,9,8,9,1,8,2,2,8,6,10,2,1,7,10,7,1,6,9,10,5,1,7,3,2,1,4,8,5,8,1,10,6,10,1,8,7,4,1],
[4,10,1,8,2,9,9,10,1,6,1,10,10,1,6,3,4,8,8,1,4,7,3,6,2,2,8,1,10,1,4,4,2,4,3,6,4,1,5,4],
[7,7,5,8,9,2,10,3,9,7,3,5,5,8,2,6,9,9,9,9,1,2,4,3,7,6,10,10,8,4,5,4,3,9,2,1,2,3,3,2],
[2,8,6,6,5,7,4,3,7,2,3,8,5,6,2,3,3,3,4,1,6,8,6,10,8,9,1,9,2,3,10,3,10,8,10,6,4,3,9,3],
[6,3,2,2,9,5,4,1,7,7,3,4,6,9,4,3,7,4,3,8,8,3,2,10,10,4,5,5,8,5,9,4,8,10,7,6,4,1,8,10],
[9,1,6,5,1,9,9,7,4,2,7,1,6,10,10,7,3,7,1,1,1,2,6,8,1,2,5,7,4,5,8,5,7,3,1,7,1,9,5,6],
[2,3,7,7,3,8,3,7,4,6,9,7,7,6,6,9,8,3,7,3,7,5,7,5,7,7,3,10,8,9,7,9,2,3,8,6,3,2,2,6],
[9,3,4,7,8,10,6,7,2,2,2,10,8,10,6,7,7,8,6,6,6,2,4,9,7,3,4,9,5,8,6,3,2,10,2,9,1,7,8,4],
[10,9,5,8,8,10,6,6,9,1,1,6,4,7,5,2,1,8,10,5,7,8,10,8,9,1,9,9,9,6,4,10,6,8,9,5,7,4,3,5],
[6,5,10,10,3,6,3,4,4,5,8,2,2,9,10,2,9,8,2,9,5,5,9,10,2,9,6,10,3,8,6,8,5,7,9,7,3,2,10,8],
[6,10,9,9,8,10,10,9,7,3,7,1,7,7,2,10,6,10,9,8,9,6,7,3,2,8,10,6,9,1,3,6,10,4,6,8,3,7,6,10],
[9,4,2,5,1,6,6,8,5,6,7,3,1,3,6,2,2,7,8,2,7,2,7,7,5,4,4,10,10,1,9,8,4,2,4,6,7,9,3,1],
[4,9,6,4,4,1,8,5,9,7,7,5,10,5,3,7,9,6,6,8,8,6,8,4,7,1,9,6,10,4,6,5,2,3,1,7,5,10,2,3],
[6,10,10,7,4,2,3,2,10,8,2,7,3,9,10,10,1,1,5,2,4,2,7,7,7,9,4,1,8,5,4,5,4,3,1,9,4,4,3,3],
[3,4,2,6,4,3,7,4,3,3,6,6,6,4,3,2,2,6,3,1,2,8,5,7,2,5,5,7,10,7,2,3,2,3,10,7,5,6,1,10],
[10,8,5,5,1,9,9,4,6,3,4,9,10,8,5,3,4,2,9,6,10,2,10,4,6,9,10,3,6,10,2,5,9,8,1,1,9,9,4,4],
];
