m=30;
n=30;
p=3;
q=3;

alpha=[0.856182,0.828667,0.571354,0.730578,0.565639,0.996704];

proba=[[[0.012596,0.652923,0.031049,0.294416,0.397736,0.805889,0.462784,0.485238,0.824703,0.079935,0.025530,0.303909,0.030417,0.425702,0.000745,0.650016,0.853520,0.652893,0.784880,0.902867,0.256554,0.949583,0.967365,0.496761,0.246487,0.679729,0.154096,0.389194,0.140884,0.285374],
[0.382603,0.153481,0.938296,0.413652,0.447897,0.336033,0.219541,0.910681,0.821271,0.044244,0.990616,0.846801,0.348153,0.021033,0.272502,0.348898,0.671050,0.126022,0.001791,0.455930,0.028889,0.258345,0.405513,0.996254,0.755106,0.651999,0.675982,0.909202,0.041194,0.816867],
[0.194576,0.423797,0.970347,0.132872,0.837449,0.418244,0.468905,0.056990,0.328926,0.290176,0.101234,0.319542,0.136976,0.449387,0.340575,0.409478,0.798285,0.011625,0.535501,0.800076,0.467554,0.564390,0.058421,0.873067,0.560644,0.813527,0.525066,0.236626,0.722729,0.566260],
[0.053493,0.917304,0.990057,0.023840,0.050176,0.827506,0.442084,0.519081,0.884495,0.771010,0.809257,0.985729,0.090551,0.946233,0.435116,0.431127,0.355711,0.233401,0.442751,0.891212,0.033477,0.910306,0.455602,0.091898,0.783373,0.016245,0.905424,0.308439,0.252871,0.628153],
[0.874699,0.306364,0.545457,0.864756,0.330203,0.595633,0.692262,0.772287,0.114715,0.576757,0.543297,0.923971,0.562486,0.633849,0.870204,0.997602,0.064975,0.225915,0.231003,0.507727,0.117127,0.264479,0.418032,0.572728,0.356377,0.201405,0.588974,0.261801,0.509844,0.841845],
[0.889954,0.384543,0.148208,0.435411,0.249299,0.478412,0.031044,0.941561,0.250699,0.145759,0.518318,0.793996,0.069730,0.080804,0.427845,0.939934,0.078406,0.492820,0.165850,0.309408,0.000547,0.282976,0.573888,0.418579,0.855705,0.930265,0.619984,0.444678,0.192066,0.129828],
[0.286523,0.082020,0.514371,0.434731,0.517432,0.763670,0.913143,0.548476,0.705231,0.163842,0.694235,0.223549,0.957839,0.763965,0.304352,0.385684,0.703900,0.382758,0.878504,0.869749,0.692166,0.879051,0.152726,0.266054,0.297631,0.008431,0.196319,0.917615,0.453109,0.388385],
[0.047443,0.739632,0.470405,0.561814,0.174364,0.987837,0.325484,0.087507,0.536313,0.030715,0.251349,0.230548,0.254263,0.209188,0.994513,0.558616,0.594872,0.698413,0.941374,0.473376,0.568162,0.633540,0.352428,0.720888,0.899594,0.650058,0.729319,0.095912,0.567673,0.182428],
[0.484297,0.615116,0.922061,0.954702,0.176930,0.096424,0.942539,0.502414,0.183931,0.478851,0.533129,0.435281,0.709399,0.787392,0.644469,0.703912,0.346008,0.239341,0.402325,0.287382,0.712717,0.970488,0.920921,0.065145,0.691376,0.820515,0.715203,0.420695,0.916427,0.282876],
[0.603124,0.400724,0.897992,0.525184,0.355426,0.074922,0.621609,0.297965,0.577336,0.805540,0.776817,0.110464,0.240821,0.486216,0.897856,0.885289,0.190128,0.243864,0.124630,0.592453,0.531246,0.837347,0.562941,0.452167,0.902492,0.254317,0.272682,0.617695,0.675013,0.189109],
[0.900571,0.278136,0.589834,0.798563,0.803321,0.945260,0.873485,0.424929,0.243225,0.450821,0.230469,0.020042,0.561285,0.471290,0.506258,0.459141,0.356579,0.696386,0.703005,0.481209,0.288839,0.234251,0.318556,0.851780,0.686418,0.221049,0.106098,0.959100,0.838744,0.781110],
[0.148210,0.739315,0.059247,0.738043,0.537878,0.862567,0.683303,0.411364,0.287497,0.926529,0.862184,0.517966,0.946570,0.423469,0.989256,0.452828,0.882610,0.345835,0.149214,0.585616,0.827044,0.438053,0.819867,0.145600,0.289833,0.506285,0.366649,0.395931,0.465385,0.205393],
[0.177041,0.613595,0.944708,0.236288,0.351638,0.482586,0.098855,0.034941,0.893950,0.386352,0.961470,0.756134,0.904317,0.908040,0.179604,0.893573,0.360868,0.062214,0.239408,0.510082,0.647830,0.066451,0.948135,0.467697,0.212052,0.237968,0.973981,0.578700,0.633899,0.439366],
[0.784093,0.810940,0.052961,0.728801,0.047228,0.404599,0.211387,0.146083,0.439540,0.105337,0.532434,0.401010,0.861471,0.436752,0.309050,0.041075,0.330325,0.669918,0.103289,0.569732,0.180000,0.751119,0.636183,0.128135,0.218815,0.848235,0.366103,0.192797,0.426935,0.000002],
[0.632163,0.211029,0.810942,0.685124,0.939829,0.858169,0.089723,0.151217,0.004252,0.529263,0.256554,0.536687,0.930273,0.118025,0.973439,0.239323,0.159100,0.303763,0.909242,0.262389,0.873495,0.089242,0.013508,0.509679,0.217377,0.232323,0.357914,0.583480,0.425120,0.784849],
[0.583482,0.057283,0.995878,0.394423,0.742407,0.935707,0.252593,0.832130,0.086924,0.256845,0.361394,0.343478,0.793532,0.291667,0.461503,0.766970,0.530990,0.620604,0.070733,0.440232,0.882993,0.944229,0.529474,0.896501,0.453908,0.746851,0.128825,0.811821,0.330331,0.553945],
[0.596671,0.913812,0.611228,0.592548,0.308235,0.353636,0.528256,0.560828,0.185766,0.615179,0.817673,0.547160,0.958657,0.611205,0.838827,0.420161,0.378175,0.369817,0.040764,0.448909,0.810050,0.923758,0.393138,0.339524,0.820259,0.847045,0.086374,0.949084,0.658867,0.416705],
[0.503029,0.255537,0.330517,0.114257,0.848086,0.638753,0.467893,0.376341,0.199581,0.653659,0.991520,0.017254,0.200819,0.950178,0.628459,0.039646,0.370338,0.006634,0.409463,0.411103,0.455543,0.219513,0.334860,0.848681,0.559036,0.155119,0.695726,0.645411,0.104203,0.354593],
[0.062116,0.607232,0.610130,0.392633,0.721489,0.458216,0.031386,0.189382,0.834557,0.230967,0.843040,0.826077,0.248221,0.043859,0.776255,0.876680,0.083505,0.146593,0.883314,0.492968,0.557696,0.338858,0.712480,0.892556,0.187539,0.271517,0.047675,0.883265,0.916927,0.151878],
[0.237858,0.979043,0.759109,0.847988,0.371676,0.480598,0.306203,0.403062,0.669980,0.140760,0.634028,0.513020,0.966837,0.882249,0.556880,0.743092,0.758929,0.640384,0.889685,0.642243,0.133352,0.447381,0.981100,0.845833,0.339936,0.168639,0.117349,0.387611,0.051904,0.034276],
[0.539489,0.289761,0.013319,0.298598,0.137749,0.384995,0.779196,0.443952,0.788057,0.449176,0.584712,0.422085,0.962197,0.551549,0.304334,0.519076,0.294641,0.063262,0.159461,0.184326,0.705505,0.292813,0.631707,0.686605,0.138646,0.971643,0.855244,0.255995,0.359254,0.907148],
[0.290271,0.898743,0.196909,0.303591,0.197341,0.334658,0.688586,0.976537,0.778611,0.476642,0.425714,0.363323,0.898727,0.387911,0.914872,0.203061,0.906987,0.209513,0.266323,0.066448,0.393839,0.971828,0.359261,0.025546,0.658434,0.497906,0.997188,0.513678,0.753901,0.356442],
[0.420826,0.044172,0.255185,0.617735,0.347763,0.452526,0.952394,0.036349,0.429064,0.731004,0.512991,0.854777,0.094327,0.411718,0.242688,0.009199,0.614779,0.149675,0.218712,0.881102,0.216123,0.612551,0.852930,0.575384,0.638097,0.511364,0.073290,0.635285,0.025042,0.827191],
[0.991728,0.445868,0.871363,0.246913,0.063603,0.219126,0.699439,0.015997,0.255475,0.128503,0.747001,0.768466,0.983281,0.841328,0.180184,0.225969,0.850528,0.794963,0.375644,0.069240,0.676066,0.591766,0.681791,0.528996,0.167150,0.319888,0.040360,0.240440,0.955174,0.065402],
[0.067631,0.946901,0.511269,0.938994,0.193815,0.574872,0.158121,0.893254,0.590869,0.413596,0.021757,0.337870,0.182062,0.005038,0.179199,0.362246,0.231006,0.029726,0.157209,0.606650,0.098966,0.833275,0.198416,0.780758,0.362271,0.365566,0.100646,0.402630,0.606006,0.055820],
[0.468032,0.673637,0.002721,0.979302,0.612631,0.196536,0.554174,0.770752,0.089789,0.145043,0.184347,0.111546,0.482913,0.366409,0.116584,0.662112,0.728655,0.347590,0.691838,0.885864,0.954240,0.790804,0.719139,0.152656,0.571562,0.081409,0.518223,0.672208,0.484040,0.124229],
[0.728027,0.952072,0.797866,0.730748,0.931373,0.410497,0.927284,0.485547,0.181249,0.017073,0.630590,0.365597,0.128620,0.113504,0.732006,0.245204,0.775615,0.460660,0.592794,0.467453,0.346524,0.547034,0.258258,0.065663,0.699690,0.829819,0.147072,0.217913,0.502027,0.631112],
[0.342142,0.230055,0.583183,0.140008,0.960803,0.514557,0.550505,0.888087,0.000104,0.731754,0.905160,0.630694,0.097351,0.033780,0.744198,0.829357,0.278984,0.519813,0.290017,0.871778,0.987266,0.636541,0.418812,0.245524,0.702204,0.118503,0.075343,0.849276,0.336416,0.577371],
[0.480387,0.678558,0.807425,0.063571,0.818566,0.768228,0.578127,0.369072,0.656315,0.578231,0.100826,0.561475,0.208925,0.198177,0.595255,0.953123,0.027534,0.874240,0.472936,0.317551,0.746018,0.460203,0.954092,0.164830,0.705727,0.656296,0.283333,0.781070,0.505572,0.619749],
[0.358441,0.985959,0.298307,0.165866,0.049530,0.116873,0.934094,0.627657,0.485945,0.590409,0.205888,0.586771,0.151884,0.414813,0.784948,0.747139,0.367936,0.812482,0.621379,0.840872,0.130033,0.367397,0.301075,0.084125,0.532227,0.006802,0.740421,0.815560,0.787872,0.245993]],
[[0.435308,0.146312,0.231952,0.733616,0.312178,0.281482,0.850489,0.246272,0.909139,0.336434,0.836681,0.115027,0.923205,0.988565,0.529840,0.708154,0.735704,0.897777,0.520636,0.357083,0.738649,0.650669,0.724479,0.039724,0.734795,0.256706,0.046526,0.475216,0.072266,0.834398],
[0.721209,0.507574,0.980710,0.953161,0.241190,0.292889,0.234643,0.091678,0.539161,0.143782,0.428112,0.375841,0.258809,0.351318,0.364406,0.788649,0.059471,0.100110,0.686426,0.580107,0.457192,0.425075,0.230777,0.181672,0.464800,0.965571,0.438378,0.511326,0.440787,0.510643],
[0.345724,0.161996,0.018217,0.326434,0.115157,0.259407,0.619322,0.349800,0.351085,0.158483,0.493582,0.779198,0.534324,0.752391,0.130515,0.898730,0.541041,0.189987,0.998839,0.227467,0.770094,0.456032,0.652542,0.000871,0.637703,0.117342,0.966442,0.076081,0.628668,0.407229],
[0.586724,0.974391,0.569225,0.604942,0.300825,0.684382,0.864349,0.920147,0.034182,0.215434,0.078630,0.527764,0.994632,0.612954,0.280156,0.125147,0.511684,0.821196,0.315134,0.510523,0.048663,0.085228,0.966555,0.701206,0.086099,0.604258,0.818548,0.052541,0.680339,0.447215],
[0.459770,0.267064,0.421606,0.028995,0.872006,0.722431,0.713376,0.736354,0.642578,0.747558,0.951788,0.721208,0.275323,0.946420,0.334162,0.555478,0.071567,0.845846,0.376675,0.386700,0.356369,0.425338,0.471929,0.322924,0.126544,0.558027,0.927183,0.945091,0.610568,0.607522],
[0.392306,0.070338,0.874586,0.813912,0.099333,0.746591,0.536343,0.812709,0.482945,0.178922,0.560268,0.434733,0.900130,0.835590,0.381153,0.234292,0.391069,0.452720,0.080138,0.767743,0.839420,0.436508,0.193082,0.311349,0.759432,0.319625,0.869376,0.686615,0.264717,0.479944],
[0.294137,0.657023,0.550283,0.168722,0.470935,0.649615,0.915314,0.007279,0.462325,0.398259,0.186200,0.022592,0.832992,0.086330,0.858183,0.214145,0.320622,0.249252,0.666865,0.400761,0.016995,0.506285,0.837268,0.210077,0.817634,0.596700,0.529702,0.687010,0.283315,0.794418],
[0.166955,0.577451,0.451441,0.717237,0.746174,0.922377,0.366852,0.661487,0.929656,0.829177,0.059746,0.115856,0.851770,0.892739,0.202186,0.709953,0.106884,0.522809,0.959204,0.773749,0.923569,0.976199,0.280035,0.760837,0.186276,0.097669,0.357538,0.715978,0.784679,0.640852],
[0.510396,0.951633,0.218304,0.961838,0.668871,0.964478,0.884215,0.035723,0.625965,0.813871,0.864900,0.685711,0.929727,0.716670,0.578450,0.131913,0.426622,0.685335,0.654722,0.385827,0.459084,0.578291,0.362026,0.739119,0.339128,0.548302,0.836788,0.696666,0.264280,0.621467],
[0.337518,0.774676,0.573100,0.555822,0.736514,0.241971,0.520299,0.620729,0.277694,0.146264,0.434599,0.142594,0.831976,0.364326,0.859264,0.410426,0.496239,0.285886,0.095760,0.150961,0.671712,0.554844,0.729251,0.033738,0.293963,0.068379,0.582040,0.130751,0.765045,0.846320],
[0.752217,0.102563,0.620997,0.325318,0.658385,0.357511,0.567288,0.178684,0.978240,0.844982,0.324948,0.412839,0.987576,0.156924,0.777165,0.846839,0.567350,0.273404,0.132725,0.663110,0.424365,0.804437,0.217954,0.153617,0.838176,0.511918,0.221996,0.420216,0.642668,0.987041],
[0.266537,0.394886,0.089604,0.887533,0.720203,0.747988,0.245044,0.287492,0.926672,0.223283,0.132473,0.251621,0.636123,0.120049,0.408544,0.413288,0.966888,0.975894,0.686692,0.099613,0.639004,0.111057,0.904050,0.856959,0.264674,0.742226,0.368876,0.486670,0.162443,0.011545],
[0.473711,0.428979,0.406431,0.563314,0.316512,0.126634,0.311303,0.561556,0.414126,0.237975,0.784840,0.546599,0.489596,0.420962,0.666648,0.898140,0.834250,0.633536,0.874034,0.520942,0.733149,0.513039,0.631999,0.637199,0.369997,0.896673,0.379425,0.738874,0.383343,0.541868],
[0.750418,0.857053,0.970847,0.156849,0.420367,0.287360,0.283483,0.731670,0.848916,0.697609,0.969645,0.633756,0.244208,0.459241,0.054718,0.910856,0.357381,0.888968,0.544392,0.231416,0.409910,0.277540,0.744454,0.041910,0.914739,0.114451,0.938582,0.294165,0.853325,0.321925],
[0.836033,0.603743,0.178978,0.806880,0.760592,0.599346,0.094240,0.044076,0.331016,0.943156,0.741684,0.300661,0.576912,0.985892,0.759902,0.631630,0.896748,0.117283,0.520598,0.441140,0.348698,0.930508,0.718680,0.093152,0.972418,0.633419,0.207604,0.911000,0.927584,0.060929],
[0.232925,0.763617,0.664672,0.411904,0.570497,0.425265,0.011249,0.664737,0.469340,0.342265,0.607893,0.211024,0.642925,0.184805,0.196917,0.402827,0.816435,0.093665,0.520110,0.337033,0.534805,0.868808,0.267541,0.253485,0.961961,0.239959,0.886904,0.169565,0.150960,0.814488],
[0.230494,0.383885,0.578106,0.895166,0.795788,0.148603,0.320430,0.807037,0.813340,0.789770,0.149302,0.421233,0.000795,0.792228,0.606038,0.197712,0.195055,0.422473,0.291376,0.715165,0.759506,0.826181,0.583973,0.027048,0.079666,0.545934,0.267007,0.966570,0.715499,0.417966],
[0.781058,0.945993,0.801851,0.359163,0.841158,0.597640,0.507766,0.161588,0.404677,0.321107,0.951359,0.553979,0.742340,0.952154,0.346207,0.348378,0.149865,0.541262,0.770852,0.441242,0.256427,0.530358,0.267423,0.840400,0.557406,0.347088,0.386334,0.824413,0.313658,0.101833],
[0.242379,0.094716,0.047826,0.044231,0.453879,0.888984,0.641870,0.961645,0.050572,0.046548,0.282752,0.001931,0.600527,0.025092,0.954085,0.946734,0.373470,0.103950,0.487996,0.144322,0.545192,0.744423,0.674680,0.812614,0.584823,0.232086,0.159702,0.971157,0.056499,0.473360],
[0.072991,0.298878,0.568076,0.120816,0.343109,0.021955,0.009800,0.984979,0.983600,0.060373,0.031527,0.266352,0.062304,0.632054,0.291444,0.016389,0.578788,0.664915,0.120339,0.066784,0.809237,0.665531,0.811206,0.483917,0.478145,0.396029,0.716003,0.637847,0.367186,0.772502],
[0.111207,0.440177,0.071381,0.679283,0.560993,0.414490,0.701238,0.570794,0.399469,0.684838,0.631166,0.430996,0.951190,0.693471,0.063050,0.242634,0.709860,0.641837,0.907549,0.830199,0.708621,0.716786,0.495729,0.519827,0.200703,0.973874,0.915856,0.916706,0.611722,0.283043],
[0.689209,0.722929,0.723219,0.760590,0.402212,0.284213,0.175079,0.103450,0.855006,0.574548,0.788288,0.486173,0.005544,0.739479,0.179643,0.068594,0.982113,0.889503,0.710431,0.889662,0.719701,0.419052,0.606448,0.215431,0.938879,0.807151,0.189305,0.854735,0.723857,0.801027],
[0.137778,0.413066,0.523956,0.860997,0.173656,0.926168,0.145210,0.348735,0.029619,0.000216,0.923283,0.817907,0.486389,0.928828,0.557386,0.666032,0.997422,0.539499,0.555534,0.707853,0.429161,0.275235,0.126905,0.035610,0.490666,0.065784,0.842761,0.679971,0.920519,0.566618],
[0.480997,0.058297,0.979684,0.004953,0.919295,0.153339,0.931122,0.064505,0.502074,0.960740,0.064721,0.425358,0.778647,0.551110,0.354186,0.336033,0.217141,0.351607,0.875532,0.772676,0.059460,0.304694,0.047911,0.186365,0.340303,0.538577,0.252149,0.183064,0.218548,0.172668],
[0.749682,0.699546,0.230966,0.729365,0.704499,0.150261,0.882705,0.635620,0.214766,0.384779,0.596361,0.279487,0.810137,0.375008,0.830596,0.164323,0.711041,0.047738,0.515930,0.586573,0.820414,0.575390,0.891267,0.868325,0.761755,0.231570,0.406902,0.013904,0.414634,0.625450],
[0.186573,0.164316,0.324996,0.417539,0.893681,0.029494,0.567799,0.776386,0.665115,0.782565,0.161165,0.261476,0.062051,0.971302,0.636484,0.892648,0.135625,0.347525,0.940386,0.651555,0.934098,0.760799,0.226945,0.825365,0.629124,0.988700,0.056936,0.036026,0.002605,0.471570],
[0.661476,0.189177,0.635886,0.986472,0.606716,0.529567,0.015966,0.174515,0.305953,0.681081,0.957080,0.467119,0.942557,0.019132,0.438421,0.579040,0.911780,0.574046,0.926565,0.852165,0.225601,0.860663,0.612964,0.452546,0.686028,0.242088,0.441247,0.742964,0.278114,0.443851],
[0.214534,0.939590,0.633029,0.850420,0.926062,0.239745,0.379987,0.942029,0.414260,0.685940,0.623110,0.371340,0.153059,0.565666,0.390472,0.591480,0.144707,0.302252,0.165526,0.071272,0.154417,0.391127,0.931934,0.767381,0.843673,0.617963,0.009469,0.284920,0.360926,0.287584],
[0.728771,0.575460,0.227174,0.361800,0.425880,0.153237,0.601545,0.805867,0.095265,0.015805,0.491807,0.718375,0.387145,0.644866,0.284041,0.777617,0.236346,0.428748,0.079869,0.401872,0.500020,0.234285,0.792999,0.431954,0.001666,0.636672,0.049917,0.011136,0.921591,0.410843],
[0.298719,0.650362,0.986303,0.525894,0.012162,0.412183,0.679130,0.613707,0.218049,0.774395,0.629511,0.709856,0.492770,0.016656,0.354723,0.776811,0.794273,0.591069,0.205559,0.874142,0.992941,0.705579,0.108427,0.785939,0.137533,0.110094,0.422611,0.187449,0.121229,0.344203]],
[[0.598292,0.419949,0.994565,0.584595,0.945843,0.006727,0.996777,0.624973,0.620434,0.214827,0.399368,0.249946,0.924683,0.892138,0.266602,0.279405,0.668949,0.060875,0.870474,0.874508,0.935017,0.863415,0.580087,0.043445,0.649354,0.717620,0.153538,0.071966,0.905069,0.274768],
[0.416168,0.503361,0.694716,0.410734,0.087956,0.640559,0.417461,0.084733,0.265532,0.037895,0.299559,0.664900,0.287841,0.224242,0.557038,0.554443,0.503648,0.225987,0.615318,0.374122,0.100495,0.550336,0.237537,0.680582,0.593780,0.886891,0.398202,0.747318,0.958856,0.303271],
[0.022086,0.375025,0.806632,0.716802,0.785758,0.894587,0.357361,0.203219,0.979320,0.622893,0.241115,0.278879,0.287793,0.528956,0.503122,0.844831,0.083399,0.006769,0.070818,0.698717,0.380891,0.171313,0.249052,0.618428,0.851895,0.842833,0.505319,0.250097,0.590151,0.464175],
[0.553368,0.612237,0.839199,0.360000,0.329040,0.624958,0.254587,0.686401,0.828177,0.233907,0.309294,0.069292,0.512786,0.597086,0.598248,0.015908,0.441917,0.681646,0.022677,0.512735,0.380363,0.403568,0.684048,0.629415,0.021996,0.535943,0.472248,0.527315,0.786041,0.062399],
[0.991489,0.339409,0.674637,0.830689,0.699409,0.003676,0.455647,0.953995,0.690077,0.283824,0.187902,0.999371,0.353116,0.700688,0.596457,0.951363,0.716596,0.038374,0.633010,0.739273,0.551109,0.013372,0.142841,0.235157,0.642788,0.164837,0.771100,0.115036,0.692151,0.557140],
[0.177436,0.683641,0.896549,0.852072,0.514330,0.595958,0.855748,0.969976,0.549954,0.545825,0.253800,0.737856,0.545196,0.606916,0.438544,0.141653,0.558279,0.155139,0.180027,0.191289,0.894412,0.731135,0.204661,0.037253,0.966292,0.847449,0.202090,0.737392,0.962485,0.894241],
[0.294532,0.139921,0.577882,0.191082,0.991993,0.092212,0.787040,0.847741,0.062188,0.336993,0.393566,0.315988,0.074849,0.938762,0.922904,0.513393,0.080415,0.481184,0.668532,0.260441,0.672473,0.562944,0.991577,0.877134,0.600197,0.957869,0.724584,0.802287,0.695261,0.687069],
[0.696528,0.989793,0.826990,0.274410,0.180875,0.818983,0.366622,0.967915,0.666724,0.428810,0.304908,0.060291,0.744798,0.379757,0.999053,0.667702,0.893150,0.079467,0.148886,0.561682,0.339909,0.821359,0.124627,0.331486,0.698493,0.724824,0.289355,0.423077,0.527111,0.984616],
[0.110146,0.223639,0.974409,0.937136,0.498049,0.155284,0.756119,0.864671,0.123198,0.422844,0.293480,0.428106,0.483134,0.038278,0.807863,0.482187,0.705981,0.701013,0.561655,0.854867,0.262696,0.901564,0.676226,0.387322,0.233049,0.374720,0.112146,0.522404,0.797797,0.639257],
[0.507020,0.907943,0.862896,0.481429,0.845079,0.360945,0.636712,0.601198,0.225616,0.759911,0.024042,0.519096,0.188017,0.507176,0.557375,0.995881,0.989363,0.263356,0.696894,0.551018,0.118223,0.959590,0.452582,0.794449,0.346912,0.685631,0.169169,0.459058,0.208036,0.966966],
[0.098315,0.715056,0.874909,0.961211,0.196484,0.719988,0.322156,0.833197,0.321186,0.547773,0.593108,0.345228,0.066869,0.781125,0.852404,0.624244,0.777005,0.841767,0.887600,0.473899,0.392785,0.005823,0.433489,0.845367,0.800272,0.780401,0.530998,0.969442,0.239459,0.739034],
[0.936407,0.337774,0.454090,0.811316,0.298985,0.650574,0.531304,0.621141,0.483771,0.852490,0.168914,0.076878,0.197717,0.235783,0.858003,0.050121,0.860027,0.635008,0.891888,0.747627,0.108908,0.284674,0.753450,0.542397,0.130041,0.553722,0.322798,0.661040,0.523164,0.562257],
[0.400074,0.459571,0.900030,0.854163,0.270887,0.199015,0.504737,0.802191,0.820157,0.988508,0.654680,0.989071,0.065386,0.852398,0.224854,0.923389,0.902519,0.084881,0.558398,0.794407,0.832508,0.667306,0.079081,0.585957,0.209703,0.209122,0.139679,0.532500,0.870162,0.662843],
[0.094757,0.270236,0.122414,0.994787,0.124399,0.393301,0.193802,0.629136,0.195492,0.013959,0.617644,0.850173,0.003030,0.683031,0.702570,0.227884,0.606420,0.605089,0.312765,0.164818,0.399497,0.145272,0.832124,0.478578,0.731230,0.041826,0.687700,0.870909,0.574327,0.557862],
[0.533752,0.669083,0.828098,0.656167,0.663870,0.952497,0.049468,0.857673,0.581634,0.244960,0.871632,0.199278,0.095133,0.874662,0.882309,0.797703,0.102546,0.488729,0.402793,0.415311,0.653547,0.802289,0.560583,0.485671,0.280867,0.291813,0.527497,0.968567,0.162722,0.101824],
[0.526430,0.696475,0.770907,0.354528,0.352641,0.434778,0.307025,0.402109,0.292451,0.888659,0.647069,0.164083,0.087937,0.742202,0.038745,0.970246,0.539905,0.141291,0.458975,0.942698,0.556602,0.112522,0.744987,0.117185,0.598193,0.025854,0.408998,0.125691,0.994422,0.571720],
[0.227514,0.520852,0.268195,0.998421,0.875380,0.620836,0.433199,0.182405,0.022945,0.725650,0.071063,0.670014,0.889732,0.159000,0.412216,0.928477,0.129246,0.952121,0.069768,0.588221,0.894819,0.626371,0.700743,0.639806,0.743556,0.298936,0.665661,0.152554,0.424627,0.660083],
[0.724275,0.652141,0.180934,0.992470,0.650563,0.056314,0.613306,0.083762,0.238718,0.636251,0.809412,0.309782,0.306265,0.699144,0.468782,0.718481,0.627621,0.598028,0.670603,0.697390,0.186249,0.565422,0.323760,0.886992,0.205228,0.067316,0.185928,0.870889,0.219870,0.610555],
[0.530972,0.944145,0.262697,0.711906,0.936615,0.913260,0.768220,0.549921,0.997022,0.006939,0.186172,0.806433,0.316720,0.492437,0.505577,0.785502,0.210918,0.133198,0.383530,0.881521,0.830588,0.569779,0.446943,0.154348,0.456770,0.652171,0.221664,0.642699,0.523060,0.441534],
[0.253254,0.054032,0.385679,0.515950,0.765939,0.322294,0.429210,0.534159,0.872214,0.426231,0.541097,0.058386,0.232665,0.857818,0.550823,0.738241,0.643320,0.761741,0.871439,0.026850,0.643262,0.702027,0.596628,0.090204,0.856375,0.053399,0.742376,0.078039,0.696097,0.265436],
[0.519573,0.949351,0.319469,0.905252,0.465301,0.085407,0.227546,0.894511,0.619566,0.099760,0.320743,0.160664,0.158147,0.553407,0.018481,0.708969,0.291649,0.661801,0.470710,0.163088,0.688651,0.113972,0.865115,0.285280,0.204177,0.721490,0.338678,0.946552,0.799529,0.034776],
[0.211988,0.319102,0.984127,0.531457,0.224355,0.449428,0.616864,0.451901,0.343939,0.236431,0.551661,0.664682,0.397094,0.709808,0.218089,0.415576,0.418777,0.509738,0.077377,0.889487,0.672826,0.766028,0.003460,0.537941,0.051308,0.207636,0.259432,0.389986,0.154189,0.058961],
[0.424762,0.366177,0.378063,0.408888,0.897634,0.602418,0.858316,0.514499,0.054318,0.202255,0.750929,0.605980,0.866937,0.148023,0.315787,0.085026,0.563599,0.734564,0.594764,0.640976,0.624052,0.267590,0.407004,0.627511,0.805532,0.458312,0.835148,0.064964,0.848298,0.989336],
[0.123925,0.273059,0.355514,0.501988,0.681948,0.253148,0.104406,0.540264,0.767646,0.158724,0.742519,0.518575,0.764704,0.609456,0.666599,0.080491,0.694482,0.230198,0.815055,0.289247,0.871174,0.439107,0.556837,0.278178,0.066618,0.362369,0.736490,0.901766,0.427333,0.584787],
[0.891102,0.551257,0.857847,0.246616,0.053245,0.539795,0.499764,0.157651,0.080058,0.267410,0.316375,0.822577,0.785985,0.081078,0.432033,0.452584,0.161569,0.126515,0.682782,0.976624,0.415762,0.553955,0.415731,0.972599,0.832133,0.482349,0.334968,0.568623,0.384115,0.762300],
[0.153410,0.275217,0.313557,0.011257,0.521833,0.366802,0.551052,0.021597,0.524453,0.631110,0.289007,0.840828,0.453687,0.074992,0.921906,0.885720,0.527576,0.083475,0.012235,0.210358,0.060098,0.427997,0.764314,0.475829,0.400596,0.596447,0.958178,0.735564,0.165070,0.342292],
[0.497865,0.318480,0.617509,0.811422,0.329737,0.139342,0.178224,0.880788,0.160939,0.702677,0.511898,0.449945,0.543505,0.965585,0.524937,0.465411,0.851305,0.052514,0.548885,0.863540,0.262872,0.608983,0.291538,0.027185,0.084812,0.692134,0.623632,0.042990,0.427698,0.788702],
[0.385282,0.925563,0.107181,0.002791,0.736985,0.436918,0.142133,0.915209,0.317707,0.303071,0.617887,0.829605,0.753017,0.161392,0.795190,0.277954,0.626802,0.646495,0.330467,0.175687,0.510036,0.593339,0.784671,0.801574,0.620525,0.869483,0.493708,0.244157,0.912473,0.921406],
[0.032858,0.297754,0.846969,0.140040,0.300545,0.583954,0.576958,0.442678,0.499163,0.894665,0.745749,0.117050,0.724270,0.498766,0.278441,0.519460,0.776720,0.905244,0.165955,0.107187,0.080931,0.675990,0.700526,0.865601,0.477564,0.321051,0.735084,0.971272,0.565208,0.647556],
[0.892678,0.598066,0.945311,0.739647,0.738106,0.245856,0.323600,0.315064,0.688534,0.822764,0.209729,0.434283,0.939814,0.933998,0.933049,0.218255,0.453458,0.709769,0.123499,0.619413,0.816956,0.204429,0.295403,0.517482,0.070031,0.772967,0.838533,0.805115,0.744239,0.403741]],
[[0.452671,0.636917,0.001807,0.397982,0.376563,0.739913,0.643838,0.700164,0.054977,0.332372,0.522927,0.264706,0.766655,0.462741,0.198704,0.699704,0.680996,0.652162,0.409473,0.804495,0.271575,0.226429,0.008924,0.566978,0.743911,0.078954,0.339946,0.582445,0.884069,0.084184],
[0.986186,0.336740,0.721101,0.987993,0.734722,0.097664,0.727907,0.378560,0.797828,0.782884,0.710932,0.320755,0.047590,0.477587,0.783496,0.246294,0.177291,0.464492,0.898457,0.586764,0.268987,0.170032,0.813193,0.277910,0.737010,0.557104,0.356865,0.076956,0.139549,0.240934],
[0.161140,0.125735,0.577674,0.882241,0.113728,0.312396,0.979905,0.841635,0.690955,0.777733,0.624518,0.401887,0.098488,0.672108,0.879474,0.881984,0.918403,0.056765,0.346476,0.816859,0.643528,0.615463,0.986891,0.456721,0.893373,0.723901,0.013825,0.250238,0.800857,0.153374],
[0.491172,0.961997,0.279108,0.068845,0.844238,0.392836,0.381241,0.824143,0.234471,0.072197,0.601876,0.858990,0.474084,0.700364,0.531098,0.353557,0.582348,0.449501,0.410322,0.928824,0.266360,0.053850,0.544286,0.253251,0.510571,0.437659,0.977153,0.524396,0.687897,0.778010],
[0.677770,0.179069,0.740007,0.956878,0.247914,0.584245,0.349715,0.629155,0.408388,0.584186,0.701352,0.010264,0.443175,0.175436,0.710627,0.974273,0.528993,0.292975,0.423774,0.939315,0.221799,0.690134,0.993165,0.766085,0.943386,0.503737,0.203744,0.920538,0.028133,0.891641],
[0.698548,0.705902,0.070710,0.438555,0.662780,0.318624,0.022800,0.012495,0.947779,0.431189,0.596681,0.649131,0.441452,0.039856,0.824567,0.152080,0.014129,0.353560,0.445055,0.437903,0.292875,0.666854,0.128037,0.286040,0.432939,0.071422,0.789777,0.636683,0.991961,0.817910],
[0.528324,0.690509,0.523812,0.599034,0.129065,0.186593,0.917658,0.151865,0.199088,0.865438,0.583054,0.795768,0.514569,0.024506,0.835624,0.339136,0.176586,0.849753,0.692696,0.621641,0.287656,0.985571,0.288494,0.415693,0.271611,0.721433,0.487116,0.061388,0.358116,0.479076],
[0.879298,0.886440,0.169586,0.403110,0.485474,0.298650,0.589703,0.403133,0.450515,0.788791,0.268570,0.033569,0.584559,0.783139,0.058075,0.420183,0.122275,0.234661,0.269937,0.814971,0.856302,0.557593,0.800542,0.144796,0.973286,0.072153,0.866229,0.460402,0.133541,0.224345],
[0.939478,0.012840,0.110785,0.109064,0.415950,0.596260,0.407714,0.005653,0.999392,0.858230,0.794444,0.267962,0.891799,0.379003,0.051101,0.949874,0.799186,0.173376,0.184535,0.069123,0.988347,0.040836,0.626716,0.788889,0.185632,0.600002,0.861042,0.051861,0.060404,0.994584],
[0.276207,0.999882,0.007423,0.386992,0.108946,0.423373,0.983251,0.516660,0.429026,0.982644,0.374890,0.223470,0.250606,0.266689,0.602472,0.301707,0.216563,0.401658,0.475084,0.401098,0.470781,0.463431,0.441934,0.097497,0.252320,0.627566,0.697499,0.113362,0.679428,0.757903],
[0.107946,0.955635,0.757785,0.115369,0.342626,0.866731,0.538742,0.325878,0.383391,0.967768,0.308521,0.758281,0.191238,0.559127,0.024970,0.793710,0.860834,0.241533,0.195369,0.335918,0.642631,0.666150,0.799349,0.084565,0.763646,0.051669,0.712131,0.461146,0.165031,0.391559],
[0.219048,0.272977,0.347194,0.976833,0.388346,0.689820,0.843565,0.927088,0.015698,0.226956,0.894857,0.324220,0.985237,0.086095,0.883347,0.010208,0.879805,0.744181,0.251741,0.075174,0.080100,0.894372,0.741323,0.879449,0.978937,0.504970,0.931118,0.691068,0.966115,0.096149],
[0.082628,0.185164,0.369126,0.429822,0.161997,0.757473,0.119642,0.005562,0.684561,0.135340,0.232518,0.579418,0.459560,0.217755,0.665513,0.342907,0.227963,0.545318,0.087088,0.479704,0.620491,0.167188,0.374076,0.361815,0.046637,0.353013,0.866784,0.977755,0.044081,0.832899],
[0.073904,0.126709,0.018063,0.443030,0.556531,0.180060,0.200503,0.676173,0.185622,0.885064,0.811513,0.418139,0.464482,0.271073,0.635894,0.129995,0.613980,0.863857,0.675313,0.701069,0.343561,0.295804,0.868256,0.717637,0.657619,0.914893,0.070649,0.524403,0.892648,0.114731],
[0.357302,0.966552,0.241440,0.375365,0.409582,0.797971,0.555425,0.610085,0.474144,0.741047,0.495149,0.285657,0.159186,0.959631,0.556731,0.795080,0.089626,0.170711,0.658937,0.764939,0.871779,0.002498,0.060743,0.740036,0.720134,0.718362,0.654929,0.790784,0.242765,0.547577],
[0.905514,0.600067,0.514128,0.146954,0.975432,0.923710,0.944925,0.530858,0.533795,0.419069,0.271905,0.028945,0.704727,0.431091,0.988576,0.261457,0.226171,0.078202,0.432168,0.885108,0.843141,0.303948,0.887606,0.903884,0.043984,0.607740,0.622246,0.698912,0.398524,0.865011],
[0.246489,0.304038,0.465078,0.760617,0.450993,0.440510,0.684327,0.395918,0.971368,0.218123,0.814987,0.243272,0.247067,0.519714,0.674363,0.235644,0.781171,0.900534,0.313846,0.213339,0.785642,0.156987,0.517287,0.673248,0.060871,0.561271,0.280988,0.683117,0.260183,0.679512],
[0.548128,0.506672,0.983551,0.013205,0.267289,0.434543,0.453715,0.951617,0.830461,0.425083,0.169739,0.645449,0.668355,0.416807,0.165162,0.342719,0.652450,0.946334,0.243253,0.966296,0.159673,0.028895,0.123283,0.676960,0.702143,0.184155,0.238231,0.983132,0.867272,0.498414],
[0.662644,0.415400,0.005086,0.646195,0.428606,0.272375,0.080738,0.882321,0.223992,0.911199,0.307404,0.393731,0.556648,0.975759,0.810538,0.721810,0.318478,0.462988,0.668144,0.561730,0.429285,0.827817,0.590626,0.552568,0.504777,0.292769,0.736723,0.743007,0.275901,0.603995],
[0.241421,0.938545,0.019395,0.246508,0.584740,0.448001,0.518883,0.665477,0.330322,0.742875,0.576677,0.637726,0.136606,0.133324,0.613485,0.947144,0.855134,0.931963,0.410133,0.523278,0.493693,0.839417,0.351094,0.084319,0.391985,0.855871,0.377088,0.128708,0.598878,0.652989],
[0.732703,0.840300,0.591534,0.752099,0.086807,0.176274,0.200100,0.605690,0.841751,0.530422,0.348566,0.418428,0.168147,0.485172,0.551752,0.781632,0.432316,0.406886,0.713595,0.842449,0.930164,0.207288,0.681866,0.281258,0.291607,0.073851,0.137129,0.668695,0.202559,0.736007],
[0.321684,0.935262,0.576307,0.913217,0.687361,0.663114,0.089491,0.887460,0.268805,0.931242,0.417882,0.617370,0.349669,0.586029,0.102542,0.901421,0.367662,0.534858,0.308307,0.081257,0.377307,0.238471,0.288545,0.059173,0.519729,0.580152,0.133024,0.656857,0.248846,0.335583],
[0.392864,0.570530,0.270845,0.969171,0.483747,0.958206,0.632286,0.573238,0.845666,0.901091,0.504480,0.263548,0.518461,0.854150,0.849578,0.621003,0.755571,0.217240,0.155862,0.063878,0.298496,0.533169,0.302349,0.587041,0.592342,0.822078,0.167193,0.725366,0.478935,0.416039],
[0.060949,0.871799,0.986569,0.331794,0.840971,0.470317,0.290000,0.473256,0.043555,0.135666,0.374347,0.548036,0.399214,0.892808,0.402186,0.248792,0.513811,0.157757,0.466031,0.669673,0.221635,0.764527,0.202842,0.523984,0.351569,0.795184,0.346062,0.518762,0.520549,0.824996],
[0.934801,0.581498,0.696796,0.921370,0.913292,0.537766,0.391687,0.203291,0.011023,0.435243,0.338957,0.385370,0.983279,0.738171,0.278178,0.385464,0.986963,0.791989,0.543221,0.452994,0.461662,0.764856,0.217522,0.664504,0.288840,0.569090,0.459687,0.634901,0.087852,0.980237],
[0.459898,0.022653,0.561735,0.156693,0.944023,0.475027,0.694460,0.335711,0.678318,0.705482,0.770954,0.017275,0.090852,0.754232,0.755446,0.369030,0.139696,0.742409,0.161018,0.682917,0.195403,0.622680,0.447773,0.412925,0.287184,0.736613,0.982015,0.746871,0.371515,0.069867],
[0.727108,0.831412,0.092520,0.288842,0.988106,0.036543,0.763869,0.682566,0.372254,0.442187,0.388048,0.143208,0.459462,0.478900,0.897440,0.214909,0.847930,0.037136,0.957318,0.008948,0.720054,0.152722,0.631628,0.167827,0.565647,0.918812,0.904440,0.547662,0.665684,0.275955],
[0.617529,0.392791,0.107367,0.710049,0.681634,0.095473,0.746592,0.445503,0.778038,0.118847,0.887690,0.166086,0.262054,0.347152,0.644986,0.159495,0.562061,0.492916,0.196631,0.519379,0.501864,0.916685,0.672101,0.133492,0.084511,0.237747,0.052305,0.988951,0.785409,0.717988],
[0.264906,0.402938,0.110780,0.372273,0.112986,0.792413,0.467746,0.859579,0.237916,0.245784,0.978425,0.125606,0.411870,0.240480,0.472758,0.056856,0.399974,0.034819,0.549772,0.596605,0.554198,0.051636,0.513290,0.226299,0.185129,0.597801,0.464046,0.237433,0.586753,0.249455],
[0.955421,0.851658,0.652393,0.066201,0.223931,0.765379,0.858615,0.691677,0.624958,0.096531,0.937461,0.603383,0.222137,0.349331,0.843863,0.694895,0.406187,0.243838,0.729714,0.955960,0.840443,0.283913,0.007596,0.353733,0.510212,0.192724,0.951534,0.974258,0.430157,0.538286]],
[[0.223713,0.385579,0.389945,0.876106,0.451780,0.613876,0.641486,0.310395,0.305553,0.266444,0.406925,0.243014,0.869827,0.629062,0.592344,0.713690,0.323957,0.998532,0.957528,0.053672,0.954491,0.797971,0.337585,0.962087,0.151704,0.847797,0.154811,0.103238,0.822055,0.584969],
[0.641524,0.045768,0.970547,0.031469,0.921874,0.422327,0.645345,0.563360,0.732722,0.950898,0.829804,0.139647,0.193912,0.699631,0.768709,0.786256,0.413321,0.092667,0.784788,0.370849,0.146339,0.739279,0.168820,0.483923,0.701366,0.320524,0.331720,0.856177,0.423762,0.153775],
[0.441145,0.065286,0.199543,0.411693,0.096755,0.121418,0.834020,0.742100,0.684778,0.566742,0.692998,0.514581,0.706389,0.886909,0.214212,0.475099,0.673165,0.627533,0.567766,0.457953,0.998382,0.714104,0.197232,0.167202,0.198028,0.898598,0.487726,0.529748,0.754775,0.911488],
[0.683523,0.195920,0.976774,0.883066,0.607613,0.073529,0.004484,0.441633,0.815629,0.689262,0.008376,0.508626,0.203843,0.714765,0.395536,0.418054,0.189864,0.068701,0.045587,0.757630,0.526654,0.043969,0.471734,0.723887,0.211171,0.669762,0.622484,0.698898,0.199510,0.377259],
[0.610386,0.883033,0.573179,0.587160,0.766099,0.180793,0.660689,0.770583,0.622426,0.476317,0.459845,0.630802,0.984944,0.663687,0.345567,0.380480,0.081741,0.535431,0.449181,0.127328,0.293060,0.975835,0.171297,0.764794,0.699722,0.382469,0.434556,0.322206,0.081366,0.634066],
[0.699465,0.691752,0.517098,0.272645,0.278912,0.283198,0.453437,0.939601,0.053781,0.075863,0.415918,0.513625,0.706665,0.400862,0.177312,0.052231,0.781341,0.259054,0.587662,0.230522,0.386382,0.880722,0.206357,0.557679,0.645516,0.906079,0.940148,0.080072,0.228285,0.021514],
[0.714138,0.927751,0.713266,0.231236,0.200396,0.992178,0.514434,0.653833,0.931779,0.568214,0.729696,0.347697,0.081840,0.436361,0.748558,0.259152,0.488592,0.529900,0.518206,0.076254,0.760422,0.904588,0.956976,0.966780,0.462267,0.602492,0.872859,0.402415,0.682564,0.101144],
[0.423929,0.396702,0.028895,0.137195,0.627938,0.229291,0.129373,0.142371,0.883124,0.061151,0.710586,0.612820,0.408848,0.792425,0.049181,0.157407,0.051577,0.537773,0.687306,0.569783,0.614027,0.447728,0.474370,0.571003,0.414508,0.936637,0.173495,0.287367,0.339052,0.856059],
[0.388511,0.762981,0.252760,0.417406,0.900176,0.880698,0.646697,0.029548,0.023069,0.529821,0.090700,0.733655,0.142641,0.499548,0.526080,0.191821,0.656955,0.577657,0.729594,0.344261,0.147440,0.343621,0.791989,0.621810,0.914623,0.206497,0.558447,0.088118,0.493864,0.897499],
[0.944177,0.882375,0.660480,0.196937,0.299781,0.560656,0.077635,0.946478,0.590204,0.100705,0.476299,0.680904,0.834360,0.618940,0.180452,0.360440,0.810761,0.837407,0.938097,0.540355,0.181668,0.085537,0.883976,0.973657,0.707348,0.798599,0.180154,0.265795,0.886717,0.674018],
[0.163295,0.830894,0.556394,0.823775,0.027831,0.856175,0.384431,0.105467,0.802653,0.974635,0.206171,0.278953,0.655539,0.040531,0.897893,0.835991,0.400971,0.708654,0.673398,0.339068,0.249009,0.855065,0.424605,0.132985,0.828722,0.131953,0.931585,0.008877,0.397749,0.818302],
[0.682895,0.561043,0.649196,0.239289,0.384818,0.677028,0.095464,0.769249,0.782494,0.898117,0.743884,0.988665,0.177070,0.399423,0.029196,0.074963,0.235414,0.430167,0.783617,0.908812,0.769235,0.032626,0.763877,0.193840,0.165611,0.592600,0.325793,0.097196,0.601477,0.723542],
[0.915498,0.284372,0.284585,0.564695,0.523661,0.669403,0.241722,0.619125,0.438652,0.024217,0.517242,0.182536,0.012882,0.694312,0.581959,0.042078,0.769275,0.817373,0.472245,0.552892,0.726185,0.241480,0.585518,0.490062,0.435320,0.751129,0.082662,0.761113,0.848325,0.684138],
[0.484655,0.763824,0.968510,0.769240,0.328518,0.492171,0.438643,0.570241,0.111296,0.877295,0.594457,0.628538,0.059831,0.607340,0.322850,0.641791,0.649418,0.092125,0.459164,0.121663,0.645017,0.185348,0.363142,0.230535,0.675411,0.798462,0.981664,0.758072,0.559575,0.829990],
[0.442211,0.044230,0.593813,0.410721,0.813469,0.922332,0.902892,0.252112,0.492572,0.014188,0.129408,0.087029,0.642726,0.189239,0.694369,0.965576,0.831030,0.343787,0.057701,0.290193,0.465450,0.702718,0.475542,0.828592,0.933253,0.150952,0.627055,0.914918,0.909025,0.186630],
[0.744907,0.351236,0.230859,0.338721,0.761957,0.044329,0.261053,0.664850,0.296441,0.753625,0.679038,0.425849,0.840654,0.321764,0.615088,0.535023,0.287340,0.446118,0.878810,0.345041,0.736311,0.344260,0.047760,0.211853,0.172853,0.981013,0.362806,0.799907,0.895930,0.271830],
[0.986537,0.640838,0.623066,0.217396,0.979559,0.385024,0.261725,0.240611,0.049873,0.558166,0.994236,0.728911,0.984015,0.834890,0.050675,0.599103,0.369913,0.338016,0.045221,0.248723,0.683057,0.781532,0.592984,0.730817,0.993385,0.765836,0.711829,0.356191,0.565743,0.607760],
[0.628021,0.552280,0.248597,0.251088,0.769676,0.228156,0.636111,0.031401,0.468767,0.685985,0.589567,0.463003,0.414896,0.573582,0.297893,0.465571,0.172685,0.667806,0.803587,0.217906,0.916530,0.486644,0.999438,0.509513,0.217460,0.992824,0.275350,0.929289,0.349015,0.841093],
[0.537049,0.977036,0.393373,0.785646,0.228124,0.163049,0.013802,0.864235,0.194450,0.482570,0.550220,0.784017,0.945573,0.965115,0.357599,0.243466,0.430686,0.530283,0.911272,0.234273,0.748189,0.827802,0.720917,0.747627,0.337315,0.938377,0.740451,0.612665,0.867666,0.089465],
[0.453758,0.404715,0.066501,0.847131,0.190361,0.294625,0.010180,0.204164,0.158860,0.204631,0.686733,0.709080,0.988648,0.632306,0.674195,0.346247,0.875772,0.104882,0.876530,0.787044,0.339155,0.624719,0.614846,0.060072,0.372347,0.952161,0.998448,0.112798,0.564826,0.866115],
[0.202263,0.018583,0.270830,0.268765,0.865714,0.461191,0.563390,0.875895,0.665355,0.722250,0.080525,0.352088,0.431330,0.069173,0.984394,0.105525,0.415420,0.860165,0.210407,0.291950,0.647209,0.549562,0.916669,0.262055,0.609634,0.289016,0.214216,0.608082,0.401814,0.779041],
[0.474197,0.604077,0.797624,0.745027,0.872841,0.663339,0.206218,0.436231,0.539233,0.871572,0.158482,0.619758,0.223660,0.589812,0.688932,0.208053,0.695337,0.104351,0.068219,0.905744,0.396301,0.715428,0.455307,0.312971,0.977483,0.064940,0.601987,0.191698,0.673022,0.003801],
[0.970739,0.147219,0.607877,0.768364,0.892245,0.480719,0.431702,0.098463,0.916950,0.970936,0.970035,0.075432,0.590694,0.193695,0.665243,0.279626,0.401749,0.360580,0.383977,0.469967,0.266325,0.780279,0.185395,0.721631,0.093249,0.162877,0.786572,0.695236,0.354576,0.459594],
[0.699037,0.325315,0.606813,0.306914,0.093679,0.499058,0.787633,0.525381,0.597521,0.704583,0.496316,0.567557,0.780015,0.087010,0.761252,0.445258,0.366636,0.163000,0.805838,0.750613,0.632967,0.072163,0.530892,0.818362,0.793795,0.624141,0.981240,0.580366,0.319377,0.335815],
[0.039960,0.018414,0.661130,0.646773,0.325328,0.754809,0.145831,0.112961,0.280190,0.743352,0.817544,0.776506,0.310909,0.597559,0.863517,0.072161,0.042817,0.230153,0.235161,0.848655,0.980766,0.868128,0.920818,0.511658,0.686491,0.714613,0.135798,0.667730,0.294979,0.455176],
[0.003546,0.334939,0.473590,0.664676,0.981712,0.798918,0.419485,0.127543,0.911879,0.699675,0.870895,0.729423,0.476181,0.181804,0.326981,0.339697,0.253965,0.369798,0.569850,0.489126,0.218453,0.550616,0.357254,0.139271,0.062273,0.043745,0.853883,0.198072,0.711475,0.148862],
[0.653247,0.715021,0.483801,0.126837,0.379697,0.465513,0.925755,0.799181,0.593056,0.837633,0.498856,0.463951,0.567056,0.975037,0.645755,0.894037,0.314734,0.899720,0.263835,0.884584,0.388846,0.482287,0.435200,0.746100,0.621558,0.497473,0.789845,0.475441,0.695545,0.501320],
[0.624303,0.348792,0.216340,0.108104,0.475629,0.596037,0.573617,0.401384,0.395218,0.166673,0.239017,0.894074,0.630623,0.806073,0.869111,0.276379,0.700110,0.183845,0.176099,0.963944,0.068429,0.564945,0.446231,0.503628,0.311045,0.067789,0.001101,0.100890,0.543230,0.696646],
[0.602209,0.167533,0.045439,0.818549,0.275637,0.521068,0.414586,0.849254,0.922452,0.809804,0.015927,0.161470,0.703878,0.646550,0.967543,0.572989,0.922929,0.667652,0.756833,0.099028,0.631597,0.825262,0.663973,0.077828,0.328890,0.975018,0.145617,0.329992,0.075907,0.688847],
[0.026638,0.678116,0.856380,0.072077,0.496666,0.132017,0.593145,0.911252,0.981271,0.515598,0.721056,0.997197,0.677067,0.424934,0.643748,0.644610,0.997922,0.566676,0.312262,0.754755,0.665704,0.943859,0.580017,0.329677,0.021687,0.908907,0.304695,0.167304,0.238899,0.380602]],
[[0.856151,0.265537,0.058718,0.712530,0.337613,0.555384,0.844547,0.930759,0.466636,0.825818,0.446356,0.187691,0.823015,0.123424,0.612625,0.466763,0.768033,0.610547,0.033439,0.080296,0.365302,0.699144,0.024155,0.945319,0.028821,0.045842,0.854226,0.333515,0.213146,0.093125],
[0.714117,0.069297,0.358661,0.772835,0.781827,0.696274,0.328219,0.626375,0.627033,0.794855,0.452193,0.073389,0.982546,0.275208,0.196813,0.595171,0.741971,0.964846,0.205717,0.775411,0.045142,0.571019,0.474554,0.069297,0.516338,0.503375,0.115139,0.370564,0.836890,0.328285],
[0.463689,0.551007,0.397582,0.822350,0.323842,0.179409,0.518624,0.652062,0.805784,0.145657,0.446917,0.257976,0.219047,0.429462,0.533184,0.415860,0.024633,0.275155,0.380706,0.230350,0.050566,0.425848,0.801370,0.525120,0.495145,0.317708,0.028495,0.610284,0.688272,0.865385],
[0.938569,0.151961,0.416392,0.336150,0.974311,0.740235,0.515559,0.492935,0.392297,0.321343,0.638593,0.839213,0.579319,0.857640,0.268676,0.112503,0.273499,0.293309,0.387658,0.654205,0.523659,0.438224,0.080053,0.325029,0.963345,0.575198,0.642737,0.991840,0.185481,0.331009],
[0.857225,0.124050,0.482970,0.273617,0.460200,0.457281,0.013852,0.975759,0.950216,0.406149,0.297102,0.588809,0.245362,0.876421,0.446449,0.514038,0.988924,0.719948,0.807347,0.376583,0.374153,0.331006,0.814807,0.454205,0.656035,0.778152,0.029403,0.298771,0.769991,0.214884],
[0.629780,0.627216,0.338934,0.112750,0.900834,0.799134,0.570030,0.914686,0.774894,0.520247,0.320835,0.071996,0.109056,0.566197,0.948417,0.555504,0.080235,0.937341,0.275452,0.887582,0.313924,0.649605,0.218588,0.128731,0.103810,0.874623,0.906882,0.133213,0.173394,0.676874],
[0.348098,0.803174,0.304090,0.687032,0.915923,0.204924,0.486166,0.485954,0.119610,0.261060,0.006200,0.440445,0.333056,0.115256,0.006642,0.281473,0.670760,0.086878,0.218815,0.946213,0.974460,0.532739,0.595818,0.193048,0.661470,0.699628,0.067671,0.568352,0.832841,0.241064],
[0.245226,0.180939,0.044238,0.549316,0.867971,0.960161,0.754240,0.354137,0.446115,0.873850,0.615197,0.452315,0.314295,0.948253,0.567571,0.320937,0.229727,0.238331,0.407815,0.448542,0.184544,0.382275,0.981280,0.780362,0.575323,0.642750,0.479990,0.642994,0.211103,0.312831],
[0.884058,0.456329,0.493770,0.928296,0.005645,0.361741,0.888457,0.759885,0.715878,0.334572,0.633734,0.331075,0.786887,0.948029,0.279329,0.354458,0.268967,0.509056,0.592789,0.676782,0.957597,0.777333,0.059056,0.938878,0.557695,0.634379,0.581628,0.037685,0.277373,0.792731],
[0.350516,0.161431,0.249059,0.844286,0.089727,0.254704,0.206027,0.978184,0.014589,0.921906,0.312755,0.648323,0.252981,0.099642,0.596353,0.532310,0.454100,0.865319,0.041366,0.046889,0.542101,0.998963,0.824222,0.601157,0.937841,0.381918,0.235536,0.519469,0.419602,0.512909],
[0.312199,0.770118,0.674340,0.561258,0.614405,0.764067,0.815963,0.820432,0.742250,0.830551,0.742337,0.055006,0.478874,0.995318,0.154648,0.075227,0.527628,0.608748,0.940546,0.568994,0.655637,0.482647,0.567957,0.479859,0.083804,0.505797,0.861777,0.319340,0.025266,0.281379],
[0.832249,0.337465,0.051498,0.506590,0.898723,0.665902,0.270656,0.714686,0.486334,0.012907,0.545237,0.228672,0.067913,0.024111,0.223990,0.222561,0.099338,0.751618,0.831308,0.039885,0.320612,0.486945,0.522531,0.888569,0.966804,0.606335,0.394366,0.828581,0.925675,0.419631],
[0.109960,0.757924,0.757096,0.161458,0.264514,0.655820,0.827360,0.535170,0.370505,0.313694,0.548077,0.915742,0.542366,0.615990,0.939854,0.766356,0.838550,0.039192,0.517974,0.669859,0.079077,0.838586,0.156804,0.601608,0.727155,0.123608,0.207943,0.121520,0.952189,0.133618],
[0.541152,0.062149,0.891543,0.298248,0.223606,0.156057,0.954068,0.050966,0.691227,0.324573,0.364661,0.239304,0.240315,0.907026,0.855294,0.180169,0.673382,0.693844,0.219362,0.191356,0.363703,0.298439,0.029941,0.520506,0.900047,0.757096,0.644114,0.107990,0.878616,0.596303],
[0.241608,0.419768,0.658451,0.133151,0.718017,0.882058,0.289207,0.672084,0.933024,0.980434,0.996657,0.297685,0.219738,0.236973,0.204711,0.075032,0.417142,0.878093,0.768876,0.636504,0.069448,0.132579,0.934943,0.099390,0.653085,0.834989,0.856486,0.297199,0.942979,0.735102],
[0.893502,0.184588,0.154871,0.551953,0.317738,0.872887,0.434011,0.606946,0.544971,0.367035,0.587380,0.541629,0.664720,0.807118,0.778601,0.869431,0.882150,0.195744,0.747524,0.651026,0.832247,0.816972,0.783605,0.767190,0.916361,0.436690,0.602179,0.772847,0.733889,0.545159],
[0.507949,0.627391,0.729747,0.662820,0.179344,0.047485,0.535707,0.613355,0.654431,0.080678,0.980391,0.241810,0.622307,0.645110,0.048928,0.400908,0.514541,0.931078,0.596652,0.262065,0.582104,0.428899,0.079037,0.365709,0.196089,0.995398,0.802400,0.798269,0.768245,0.536289],
[0.343428,0.276194,0.163680,0.073174,0.939014,0.343025,0.120659,0.474721,0.956380,0.775090,0.555399,0.936771,0.016900,0.177706,0.581881,0.065829,0.578615,0.096423,0.996907,0.175267,0.358487,0.579011,0.604166,0.437524,0.944721,0.800255,0.432922,0.747120,0.598524,0.201167],
[0.283409,0.941951,0.477361,0.447090,0.015125,0.416376,0.790115,0.135785,0.891097,0.746495,0.910874,0.446496,0.683265,0.927775,0.624203,0.265147,0.993604,0.202817,0.361569,0.990511,0.378084,0.720057,0.569522,0.982250,0.157581,0.514243,0.782505,0.590503,0.261363,0.381028],
[0.791670,0.544773,0.322980,0.269031,0.991862,0.338105,0.685407,0.781977,0.473890,0.576503,0.528472,0.384764,0.023000,0.211737,0.312539,0.647202,0.476884,0.306142,0.850020,0.838453,0.296653,0.228103,0.558509,0.866175,0.210353,0.716090,0.380418,0.992857,0.306593,0.641781],
[0.373886,0.098262,0.186553,0.696865,0.367293,0.178416,0.034970,0.052700,0.960393,0.508860,0.629203,0.488864,0.893624,0.652203,0.700602,0.206163,0.299405,0.177485,0.512305,0.149424,0.015938,0.808958,0.377528,0.574448,0.675133,0.587881,0.290538,0.055551,0.580738,0.597130],
[0.697332,0.954624,0.695393,0.883885,0.651489,0.062686,0.062301,0.686459,0.115386,0.022694,0.195319,0.744589,0.511558,0.088943,0.396792,0.212160,0.295105,0.696197,0.389645,0.807410,0.845621,0.405583,0.616368,0.223149,0.980031,0.291501,0.811029,0.270568,0.347052,0.391768],
[0.867699,0.044384,0.346391,0.563091,0.928269,0.997880,0.625777,0.990569,0.684339,0.741163,0.013263,0.879658,0.485752,0.524821,0.968601,0.882543,0.736981,0.263706,0.578740,0.126626,0.071116,0.424361,0.532209,0.687484,0.647510,0.512240,0.978986,0.458539,0.782808,0.326038],
[0.850307,0.650507,0.370421,0.196698,0.213598,0.298690,0.194578,0.839375,0.289259,0.878918,0.580538,0.302523,0.758576,0.066290,0.827344,0.727176,0.948834,0.564325,0.990882,0.527574,0.690951,0.061998,0.951935,0.223160,0.749483,0.599445,0.735400,0.728468,0.057984,0.518208],
[0.054506,0.908291,0.168715,0.424927,0.104989,0.382313,0.723617,0.299568,0.221688,0.012877,0.178486,0.802226,0.315399,0.937061,0.868516,0.142743,0.664238,0.817350,0.707069,0.655120,0.344923,0.398020,0.717118,0.296858,0.621180,0.466601,0.896303,0.356580,0.195069,0.954287],
[0.874788,0.249575,0.862578,0.043503,0.674502,0.967567,0.425816,0.398119,0.267135,0.647504,0.410996,0.445621,0.449730,0.726395,0.382682,0.318246,0.869139,0.046920,0.135596,0.576207,0.702040,0.480519,0.974227,0.419158,0.777377,0.595408,0.885758,0.673680,0.951988,0.080827],
[0.627967,0.826776,0.330402,0.490545,0.870279,0.004904,0.458112,0.296095,0.403023,0.725248,0.943598,0.814019,0.170868,0.393328,0.540415,0.553551,0.711574,0.409554,0.600471,0.847170,0.985761,0.302510,0.327690,0.959988,0.721668,0.105067,0.555396,0.607426,0.778747,0.507384],
[0.688253,0.406714,0.334160,0.018655,0.897259,0.204439,0.023558,0.355372,0.500534,0.426582,0.080619,0.444132,0.240601,0.251488,0.837460,0.781016,0.805038,0.549034,0.190570,0.405509,0.396205,0.176331,0.708019,0.723894,0.136319,0.429687,0.828961,0.691715,0.037113,0.607708],
[0.199099,0.725365,0.014422,0.533259,0.744020,0.911682,0.737698,0.767578,0.267053,0.238232,0.194160,0.347672,0.682364,0.434761,0.599160,0.519824,0.215777,0.404198,0.068858,0.406347,0.809707,0.465063,0.582678,0.517726,0.188957,0.718997,0.947412,0.017918,0.410712,0.984525],
[0.625626,0.609811,0.709890,0.640049,0.143070,0.453910,0.551730,0.880768,0.221489,0.818783,0.119000,0.415649,0.166456,0.801363,0.850410,0.765616,0.321187,0.066187,0.169814,0.390045,0.472534,0.979521,0.855107,0.055212,0.497246,0.044064,0.774210,0.444659,0.061982,0.184922]]];

c=[[1,10,7,1,9,4,6,10,4,2,5,9,8,8,10,9,9,8,3,10,8,9,1,1,5,4,9,9,2,2],
[3,4,4,2,4,2,7,9,4,3,3,10,3,10,8,2,10,8,9,2,9,8,1,1,8,7,5,9,5,8],
[10,10,2,3,1,5,5,9,6,10,1,10,9,3,1,8,6,10,5,6,2,3,3,2,6,3,10,10,1,6],
[7,10,5,8,5,7,5,1,8,10,10,8,9,8,3,9,8,8,8,2,6,9,7,8,2,2,2,3,3,2],
[9,9,4,5,9,10,4,3,10,1,4,1,8,2,10,2,2,7,2,1,1,7,2,7,6,5,10,8,8,2],
[1,6,2,6,2,10,5,5,2,6,5,5,6,5,8,8,8,9,4,9,2,4,5,3,2,1,7,3,10,4],
[6,10,1,8,6,3,7,2,9,1,8,6,7,5,2,7,2,9,7,8,8,8,3,4,10,5,4,7,9,5],
[2,5,5,3,4,2,7,10,5,7,2,2,2,1,9,5,7,2,4,3,9,3,3,2,8,2,8,4,10,8],
[8,4,2,2,8,5,5,6,7,10,2,10,3,6,10,1,10,8,5,5,1,3,9,5,6,7,8,3,10,8],
[1,7,3,4,1,10,9,7,5,7,6,8,6,1,3,8,3,5,5,7,9,7,10,10,1,7,6,9,10,7],
[8,2,5,10,7,7,1,5,4,7,3,1,6,1,1,9,8,6,5,2,2,5,9,3,4,1,10,1,1,1],
[7,8,2,4,9,8,10,1,5,5,7,9,6,5,9,8,3,6,3,9,10,7,3,8,9,7,10,8,9,1],
[10,8,10,3,1,9,1,2,1,7,7,10,7,4,4,6,3,8,3,8,6,2,4,8,1,4,6,1,4,5],
[1,3,4,10,6,4,10,8,7,1,6,3,10,2,8,5,7,3,2,10,10,7,3,3,6,4,8,2,4,1],
[8,6,4,1,7,1,6,9,8,2,9,5,7,10,6,4,6,5,6,7,6,7,3,8,1,8,1,9,1,6],
[9,10,1,4,2,10,4,7,8,3,9,8,7,7,7,5,2,2,9,10,10,4,6,2,3,7,1,4,7,4],
[9,7,5,2,1,7,1,6,3,8,1,3,5,7,9,3,1,1,6,1,10,5,4,7,8,9,5,10,2,1],
[5,2,8,10,3,10,6,5,5,10,2,5,3,8,4,3,10,6,5,7,7,6,3,2,3,10,10,7,2,1],
[8,6,5,7,7,9,6,2,4,2,4,5,7,6,5,2,10,4,7,5,3,3,10,5,5,4,7,4,1,8],
[7,10,5,1,8,2,1,3,5,4,4,8,1,2,5,5,3,5,10,2,1,2,4,2,7,10,6,3,6,8],
[2,2,9,6,4,6,9,4,10,4,10,3,1,10,7,8,6,1,2,5,2,4,9,8,5,5,7,2,9,2],
[1,2,5,9,7,10,6,8,6,5,1,5,10,3,6,6,10,1,8,3,7,10,6,5,9,3,1,5,6,1],
[9,7,2,5,7,1,7,3,8,2,9,8,8,8,2,5,5,2,7,3,6,3,4,4,8,2,6,8,8,1],
[9,8,9,10,3,6,2,1,10,9,4,8,6,1,6,10,7,2,1,3,6,8,5,1,1,2,4,6,2,2],
[9,2,1,7,1,5,4,3,5,3,3,8,1,1,10,8,10,6,1,10,8,7,9,5,7,10,8,1,5,9],
[4,5,10,4,4,3,1,7,7,5,10,9,3,2,1,4,9,10,10,9,1,9,7,10,5,4,9,3,6,5],
[3,9,2,5,4,5,9,4,1,5,1,2,5,3,3,6,6,3,7,7,4,8,8,10,7,2,3,7,4,10],
[1,9,10,2,3,4,8,1,9,9,7,9,2,3,3,7,10,1,9,7,7,2,4,4,2,2,8,6,8,3],
[6,10,1,5,4,5,10,1,7,1,1,3,9,3,8,2,1,7,4,9,5,10,3,10,6,6,3,5,1,2],
[7,8,2,8,5,5,4,6,7,1,6,8,5,5,2,4,8,2,1,1,2,7,2,4,7,9,9,1,3,2],
];
