m=30;
n=30;
p=3;
q=3;

alpha=[0.719432,0.900574,0.772874,0.817837,0.948577,0.551782];

proba=[[[0.616572,0.739493,0.747565,0.911509,0.922523,0.252526,0.489654,0.089704,0.915483,0.308995,0.814165,0.886096,0.712666,0.492079,0.831941,0.504253,0.605267,0.669126,0.080318,0.017359,0.232321,0.460996,0.085210,0.165043,0.686982,0.524074,0.966191,0.232730,0.159747,0.863345],
[0.336294,0.776319,0.602838,0.083859,0.687828,0.525360,0.336385,0.177481,0.615064,0.251868,0.486476,0.429229,0.137963,0.199142,0.921308,0.969905,0.703395,0.526575,0.639031,0.783713,0.543934,0.871352,0.244710,0.629144,0.036395,0.931692,0.153218,0.002586,0.164422,0.312965],
[0.865932,0.500716,0.089284,0.468770,0.584574,0.777112,0.994130,0.920959,0.954593,0.609194,0.172827,0.441069,0.038423,0.310790,0.640211,0.959731,0.280695,0.343606,0.486307,0.919726,0.127319,0.030241,0.791078,0.372029,0.659385,0.827473,0.303721,0.812603,0.830060,0.468143],
[0.125568,0.695992,0.968858,0.214852,0.164761,0.553433,0.991964,0.158892,0.474392,0.946557,0.768086,0.647218,0.387626,0.806509,0.958009,0.027837,0.766240,0.238704,0.371442,0.252547,0.158430,0.498762,0.282788,0.949508,0.870790,0.942173,0.776982,0.174511,0.754777,0.607042],
[0.642654,0.880345,0.303033,0.611512,0.095197,0.467795,0.164945,0.087161,0.626686,0.639336,0.033718,0.394772,0.286555,0.421344,0.201281,0.244563,0.449181,0.967521,0.483267,0.820623,0.220068,0.641697,0.319385,0.502856,0.591205,0.190175,0.445029,0.368187,0.364687,0.199806],
[0.975228,0.007340,0.080151,0.278261,0.618852,0.175348,0.746056,0.783797,0.262510,0.372742,0.423134,0.296228,0.767515,0.709688,0.717572,0.968796,0.954252,0.166753,0.936317,0.437519,0.987377,0.156385,0.079216,0.306762,0.659241,0.670421,0.496937,0.104270,0.038607,0.861624],
[0.304076,0.013836,0.868964,0.384227,0.292097,0.487816,0.559575,0.038153,0.271614,0.822085,0.410896,0.694747,0.118313,0.178410,0.404436,0.835885,0.147206,0.358688,0.002638,0.083523,0.796207,0.990015,0.239909,0.875423,0.296777,0.899150,0.545844,0.793714,0.003420,0.584451],
[0.655337,0.307497,0.598287,0.524301,0.691723,0.890384,0.012118,0.251298,0.928537,0.283732,0.073383,0.339433,0.978479,0.191695,0.517843,0.382915,0.027580,0.665050,0.741603,0.030219,0.748573,0.537810,0.020234,0.988481,0.413233,0.317010,0.887631,0.959076,0.110724,0.891052],
[0.543527,0.766062,0.198548,0.141814,0.290363,0.890271,0.032198,0.302481,0.141570,0.960735,0.586213,0.214953,0.300168,0.564692,0.406648,0.818012,0.947607,0.434229,0.483061,0.689210,0.464447,0.231634,0.227020,0.484681,0.220115,0.640253,0.801691,0.107746,0.599329,0.912415],
[0.998798,0.142857,0.678477,0.197346,0.284671,0.968840,0.087617,0.316869,0.271321,0.229187,0.277604,0.857533,0.444140,0.577772,0.422225,0.850788,0.395784,0.369833,0.285016,0.878845,0.059043,0.749464,0.110479,0.286063,0.234144,0.330594,0.926316,0.035836,0.438340,0.525646],
[0.948251,0.437138,0.668503,0.626728,0.634484,0.953174,0.595568,0.722101,0.270043,0.866888,0.951288,0.547647,0.724422,0.395428,0.125420,0.146647,0.246216,0.521204,0.516480,0.531232,0.400049,0.575523,0.280695,0.510527,0.861586,0.514840,0.841121,0.787902,0.550675,0.279462],
[0.313548,0.498926,0.716600,0.982051,0.125654,0.351084,0.935225,0.721222,0.073185,0.205268,0.588110,0.024473,0.752915,0.312532,0.419901,0.878334,0.459179,0.666117,0.399538,0.975659,0.197348,0.799586,0.551182,0.478044,0.310114,0.412768,0.992884,0.151235,0.200670,0.543559],
[0.430697,0.514218,0.042485,0.147297,0.496269,0.168139,0.498381,0.431494,0.889361,0.571566,0.636761,0.477471,0.596039,0.389676,0.790002,0.015940,0.268010,0.249182,0.682056,0.667548,0.224841,0.879405,0.467135,0.776022,0.357449,0.777249,0.188790,0.350332,0.928484,0.389460],
[0.893891,0.359181,0.903679,0.936377,0.506478,0.399948,0.104516,0.004859,0.831442,0.993877,0.576424,0.468203,0.471347,0.172463,0.857879,0.261350,0.188403,0.125890,0.510531,0.870459,0.793438,0.735372,0.749864,0.260573,0.511394,0.107313,0.037822,0.700185,0.457646,0.966306],
[0.089645,0.351537,0.325487,0.993324,0.287914,0.831965,0.393272,0.392429,0.836823,0.224713,0.386306,0.413248,0.692916,0.857653,0.585711,0.550795,0.119003,0.774114,0.676685,0.629534,0.644573,0.470123,0.364906,0.394438,0.730695,0.876300,0.501751,0.768517,0.576485,0.959396],
[0.734823,0.666130,0.310933,0.060309,0.659454,0.598847,0.892274,0.052725,0.991277,0.729098,0.277438,0.377583,0.142345,0.970354,0.235236,0.728056,0.521150,0.354239,0.502170,0.197834,0.983773,0.146743,0.667957,0.348679,0.541181,0.398653,0.224979,0.042932,0.167170,0.801464],
[0.002328,0.901992,0.467594,0.313261,0.962302,0.127048,0.912108,0.854576,0.179773,0.903385,0.583674,0.457212,0.280967,0.726019,0.427566,0.516203,0.454075,0.948716,0.870442,0.956245,0.146550,0.854215,0.102989,0.814508,0.202894,0.644170,0.213160,0.427873,0.687101,0.380330],
[0.229337,0.689429,0.282322,0.696932,0.002691,0.244624,0.823980,0.914799,0.099200,0.003753,0.818184,0.682873,0.460965,0.099151,0.408892,0.888532,0.615355,0.862967,0.837248,0.485797,0.819213,0.983798,0.340012,0.922201,0.798306,0.542905,0.566371,0.011466,0.970778,0.253472],
[0.391796,0.200116,0.942901,0.674118,0.897047,0.945592,0.918742,0.721027,0.860391,0.017941,0.724780,0.678574,0.700814,0.185746,0.777726,0.109706,0.074277,0.393080,0.972674,0.911525,0.878877,0.791886,0.895323,0.218888,0.714088,0.693629,0.761794,0.280459,0.705095,0.732572],
[0.533931,0.096890,0.932688,0.476832,0.771008,0.829735,0.422424,0.689750,0.550762,0.282814,0.707691,0.275543,0.961389,0.408505,0.461288,0.739114,0.518212,0.535566,0.132195,0.490886,0.447091,0.011072,0.282772,0.342414,0.229960,0.996860,0.036043,0.991754,0.277318,0.741137],
[0.724326,0.811249,0.838028,0.657014,0.288081,0.609036,0.486749,0.710505,0.298786,0.037511,0.993319,0.006477,0.313054,0.954708,0.414982,0.774342,0.693822,0.933194,0.309907,0.826017,0.424080,0.756998,0.837089,0.706852,0.099412,0.067049,0.703712,0.135454,0.058803,0.981031],
[0.876591,0.783129,0.792280,0.714619,0.440143,0.080361,0.323655,0.926891,0.790865,0.622441,0.964402,0.784184,0.628918,0.277456,0.738892,0.043900,0.051798,0.432714,0.977095,0.361705,0.258731,0.401175,0.118703,0.095819,0.108027,0.218114,0.162868,0.811739,0.353568,0.221671],
[0.792770,0.230160,0.004800,0.585050,0.944779,0.444942,0.665411,0.268434,0.371833,0.456276,0.890875,0.336236,0.240461,0.519793,0.613692,0.979353,0.563694,0.665489,0.412067,0.540788,0.027195,0.670798,0.941963,0.145897,0.766617,0.049990,0.364012,0.929485,0.861730,0.717580],
[0.151156,0.654500,0.947740,0.155955,0.239550,0.892519,0.600897,0.904961,0.160953,0.972731,0.361237,0.051828,0.308967,0.601698,0.571621,0.922658,0.581050,0.135315,0.588148,0.993117,0.676103,0.615342,0.663915,0.618066,0.761240,0.430532,0.668057,0.125252,0.360017,0.529786],
[0.842832,0.511173,0.184286,0.790572,0.667128,0.423836,0.683091,0.268025,0.328797,0.844045,0.240756,0.690033,0.895873,0.549723,0.291731,0.467494,0.472381,0.872781,0.602809,0.060529,0.865898,0.278913,0.675871,0.529813,0.896979,0.437111,0.960344,0.565036,0.562363,0.320361],
[0.094822,0.405195,0.831534,0.279108,0.195767,0.498661,0.702944,0.878858,0.766687,0.031741,0.722903,0.007443,0.721774,0.618776,0.557166,0.013505,0.086270,0.029547,0.886286,0.689080,0.090076,0.752184,0.967992,0.765948,0.281997,0.864971,0.203059,0.242341,0.430007,0.765421],
[0.562702,0.524829,0.170616,0.394235,0.803937,0.366383,0.892897,0.506881,0.245242,0.659584,0.538622,0.968145,0.667027,0.260396,0.586920,0.224193,0.273901,0.673191,0.253740,0.160186,0.362270,0.343816,0.912370,0.330263,0.109763,0.194367,0.195234,0.312822,0.436708,0.625240],
[0.078243,0.999410,0.150069,0.248860,0.393646,0.954006,0.615243,0.286543,0.460887,0.860484,0.946126,0.999509,0.828629,0.613153,0.259904,0.415550,0.837346,0.533805,0.088740,0.091085,0.693991,0.451011,0.434901,0.606362,0.781273,0.544665,0.800729,0.976507,0.857487,0.237437],
[0.601747,0.935730,0.236847,0.751816,0.184590,0.630493,0.705822,0.799833,0.917035,0.166709,0.660317,0.863161,0.166218,0.488946,0.476314,0.426122,0.904496,0.313660,0.959927,0.993236,0.404745,0.653918,0.444247,0.839647,0.260279,0.225520,0.384311,0.061008,0.202027,0.241798],
[0.298445,0.803774,0.177528,0.535292,0.555590,0.362118,0.165785,0.261413,0.161950,0.082820,0.428122,0.822268,0.945982,0.594339,0.311214,0.422296,0.020461,0.215709,0.735956,0.980388,0.208945,0.140701,0.634306,0.653191,0.980348,0.894585,0.878711,0.364659,0.955594,0.080738]],
[[0.606457,0.254039,0.884512,0.783985,0.789331,0.440103,0.146103,0.955116,0.701515,0.308054,0.037936,0.129637,0.130321,0.983918,0.723977,0.441535,0.406214,0.744438,0.657244,0.142170,0.724826,0.866189,0.282871,0.359132,0.519380,0.263219,0.253717,0.398091,0.627878,0.209311],
[0.478830,0.234335,0.463350,0.363342,0.018320,0.252681,0.803444,0.164423,0.207797,0.504960,0.472477,0.245734,0.634597,0.602798,0.229651,0.358573,0.044332,0.635865,0.103011,0.701576,0.778035,0.827838,0.567764,0.060906,0.186969,0.087145,0.324125,0.440687,0.485236,0.952002],
[0.649998,0.964066,0.186337,0.113347,0.327407,0.204657,0.366029,0.130852,0.369080,0.573826,0.635812,0.841557,0.819559,0.270408,0.444354,0.049211,0.628982,0.488687,0.685076,0.731993,0.190262,0.463111,0.559831,0.758027,0.524017,0.746800,0.845172,0.848142,0.187487,0.330407],
[0.800144,0.837485,0.294473,0.986482,0.950832,0.621880,0.191139,0.316861,0.752732,0.560219,0.890686,0.388544,0.401776,0.710246,0.658952,0.846130,0.759457,0.287934,0.334817,0.444533,0.019927,0.525079,0.907644,0.579758,0.283106,0.431661,0.326559,0.128278,0.279803,0.514046],
[0.458685,0.079947,0.351530,0.753158,0.066429,0.302362,0.375039,0.257568,0.619223,0.127771,0.817787,0.509909,0.516314,0.219562,0.220155,0.175266,0.065692,0.979612,0.463200,0.400509,0.424145,0.483128,0.925588,0.331789,0.062886,0.208695,0.763450,0.389444,0.336972,0.043253],
[0.903490,0.795657,0.123201,0.255020,0.548815,0.189630,0.557382,0.923854,0.447197,0.176605,0.051625,0.264984,0.686514,0.567939,0.484546,0.906669,0.743205,0.550239,0.886281,0.206405,0.950748,0.310426,0.689533,0.876336,0.642215,0.752419,0.085031,0.405665,0.141863,0.422003],
[0.448918,0.045353,0.217660,0.572119,0.300373,0.766476,0.761749,0.857756,0.690330,0.208946,0.034361,0.741954,0.473930,0.720875,0.309893,0.958477,0.627545,0.053098,0.508716,0.513826,0.259504,0.459464,0.824252,0.949037,0.335800,0.466466,0.701456,0.420831,0.872131,0.843319],
[0.842834,0.321049,0.888673,0.060495,0.893168,0.189046,0.826971,0.654917,0.046802,0.517300,0.863864,0.081162,0.259255,0.337794,0.802038,0.569148,0.296271,0.429582,0.622246,0.804986,0.943408,0.881750,0.264450,0.767660,0.830787,0.600250,0.234126,0.532243,0.021082,0.106257],
[0.375562,0.863916,0.427307,0.264235,0.924411,0.320475,0.453281,0.751381,0.975393,0.500083,0.268682,0.839256,0.581245,0.527937,0.177050,0.383283,0.097085,0.473321,0.812865,0.719331,0.278307,0.756273,0.601081,0.542757,0.523933,0.431869,0.143007,0.758059,0.964112,0.164089],
[0.864317,0.339674,0.028005,0.291623,0.603909,0.952415,0.612099,0.057190,0.703797,0.587492,0.557273,0.972479,0.426748,0.138518,0.500415,0.603798,0.521801,0.597500,0.077119,0.334666,0.316832,0.355426,0.090940,0.917913,0.898183,0.614873,0.349782,0.041190,0.372932,0.313893],
[0.205279,0.237248,0.653567,0.233284,0.528872,0.257476,0.185699,0.140971,0.314666,0.889496,0.728462,0.871939,0.861975,0.155210,0.010457,0.362390,0.759008,0.532258,0.959891,0.836126,0.866925,0.276722,0.191552,0.957864,0.194635,0.089734,0.572737,0.544417,0.130924,0.945668],
[0.858310,0.336203,0.182917,0.511877,0.569487,0.711788,0.769353,0.755186,0.852759,0.084019,0.644682,0.581221,0.955958,0.506657,0.736431,0.966415,0.869047,0.495439,0.498673,0.828938,0.331565,0.365598,0.105660,0.523117,0.323462,0.300295,0.612851,0.896199,0.844711,0.743775],
[0.841867,0.703021,0.079978,0.024784,0.214897,0.649465,0.736573,0.984250,0.404651,0.589332,0.068269,0.049333,0.170553,0.024227,0.555990,0.906984,0.990642,0.425037,0.402422,0.489315,0.253975,0.733987,0.854913,0.359634,0.257104,0.178375,0.659929,0.869955,0.074574,0.504640],
[0.613730,0.916442,0.207661,0.693708,0.941226,0.422559,0.343173,0.677799,0.406809,0.747825,0.267130,0.475078,0.797158,0.437683,0.499305,0.353148,0.344667,0.489947,0.778186,0.747089,0.979262,0.032160,0.481077,0.834175,0.391795,0.738180,0.012550,0.051724,0.608135,0.087125],
[0.556364,0.221865,0.003566,0.764026,0.915573,0.944792,0.186584,0.258747,0.622591,0.593393,0.006572,0.889721,0.068471,0.803730,0.327404,0.567776,0.156878,0.672071,0.057722,0.935064,0.419161,0.036984,0.967224,0.900237,0.871159,0.359019,0.638418,0.883710,0.410743,0.246553],
[0.970834,0.967107,0.468418,0.974401,0.731133,0.383991,0.919193,0.917717,0.642738,0.541784,0.511110,0.649310,0.431505,0.579581,0.453040,0.758910,0.147356,0.609918,0.430981,0.205079,0.544981,0.850142,0.242063,0.512205,0.750379,0.113222,0.871224,0.388797,0.996931,0.281967],
[0.635350,0.967766,0.249074,0.103768,0.942166,0.980207,0.487759,0.861359,0.897923,0.130497,0.403143,0.409033,0.779807,0.834649,0.988614,0.232847,0.593559,0.135970,0.842764,0.024540,0.341049,0.387745,0.874682,0.583112,0.899950,0.625061,0.696334,0.771174,0.013858,0.693265],
[0.053140,0.649207,0.661031,0.302214,0.752975,0.603197,0.282421,0.240734,0.464556,0.180344,0.371231,0.867700,0.589377,0.151038,0.702349,0.577991,0.383884,0.295908,0.713961,0.226649,0.320448,0.055010,0.614394,0.195130,0.638122,0.514344,0.820191,0.334456,0.285517,0.834048],
[0.027721,0.338658,0.483256,0.688752,0.640872,0.236231,0.291949,0.923293,0.476964,0.756505,0.103637,0.848195,0.624205,0.693014,0.999233,0.326554,0.271005,0.383118,0.622462,0.984967,0.609766,0.942910,0.039977,0.224160,0.138040,0.678099,0.738504,0.958231,0.012555,0.024021],
[0.792279,0.040276,0.362679,0.275535,0.729028,0.003551,0.511765,0.020977,0.926843,0.988730,0.777482,0.030480,0.836925,0.401688,0.723495,0.836158,0.728242,0.994500,0.219276,0.350704,0.979467,0.829042,0.293614,0.019444,0.053202,0.431654,0.697543,0.791706,0.389885,0.710099],
[0.815727,0.182164,0.750375,0.178406,0.457699,0.479403,0.181956,0.969464,0.500380,0.108800,0.958194,0.277862,0.139280,0.795119,0.679550,0.862775,0.631277,0.407792,0.857275,0.850553,0.758496,0.836741,0.679596,0.052110,0.856185,0.732798,0.483764,0.553729,0.524504,0.873649],
[0.263827,0.340231,0.055813,0.014202,0.518637,0.513511,0.493605,0.700593,0.482975,0.993984,0.809393,0.441169,0.271846,0.948673,0.236287,0.951396,0.811447,0.867564,0.359188,0.668722,0.718118,0.117684,0.505463,0.397713,0.169795,0.361649,0.130511,0.653559,0.915378,0.655015],
[0.527208,0.179205,0.995246,0.583020,0.193407,0.513883,0.096532,0.687012,0.214475,0.579507,0.680996,0.023868,0.020675,0.952843,0.972541,0.256963,0.904239,0.783988,0.124527,0.263427,0.452710,0.842645,0.381112,0.958173,0.240358,0.550906,0.319822,0.370869,0.204465,0.235200],
[0.025884,0.731673,0.414405,0.021130,0.314694,0.607812,0.535013,0.411225,0.294824,0.749488,0.990732,0.975820,0.773356,0.011407,0.928663,0.745897,0.268370,0.832902,0.529885,0.392897,0.096330,0.982595,0.235542,0.477442,0.940769,0.475899,0.028348,0.260591,0.846768,0.232813],
[0.495790,0.872653,0.964486,0.910195,0.893783,0.279180,0.518006,0.428796,0.690405,0.812830,0.178284,0.681137,0.788650,0.951641,0.692544,0.717313,0.697538,0.960914,0.550215,0.227423,0.353811,0.646545,0.210018,0.589353,0.123987,0.150787,0.065252,0.152335,0.411377,0.912020],
[0.385148,0.907168,0.784673,0.349634,0.817362,0.678456,0.628814,0.335369,0.107252,0.319219,0.148199,0.285536,0.000356,0.936849,0.237177,0.692900,0.654162,0.934714,0.653813,0.204377,0.162137,0.007624,0.850923,0.372156,0.596977,0.974909,0.522943,0.662229,0.127244,0.934320],
[0.574249,0.512392,0.841488,0.358922,0.862026,0.658850,0.037378,0.490840,0.994218,0.144630,0.810059,0.142417,0.430166,0.810414,0.079266,0.667343,0.503314,0.733428,0.602057,0.157127,0.937805,0.764195,0.164752,0.788728,0.136351,0.761728,0.763637,0.659293,0.423957,0.890881],
[0.593613,0.998207,0.403272,0.435101,0.357129,0.265298,0.093951,0.394508,0.756138,0.088169,0.539138,0.566196,0.230586,0.969304,0.376611,0.309852,0.636647,0.879924,0.043279,0.238705,0.037052,0.981084,0.002900,0.201803,0.769812,0.139250,0.963532,0.533449,0.798543,0.387489],
[0.424329,0.392157,0.385696,0.827602,0.827257,0.742825,0.092900,0.921208,0.137332,0.849038,0.009377,0.676470,0.415234,0.239963,0.645775,0.791845,0.549814,0.282422,0.671769,0.593093,0.521127,0.708821,0.574178,0.524027,0.910624,0.343990,0.663277,0.874156,0.877439,0.461821],
[0.261645,0.301768,0.853977,0.647340,0.129370,0.681235,0.390165,0.222270,0.602443,0.527498,0.071308,0.611820,0.203968,0.486542,0.851782,0.849743,0.278387,0.401596,0.132165,0.950157,0.994690,0.653293,0.658978,0.568868,0.177320,0.569602,0.912857,0.840597,0.443758,0.790296]],
[[0.302418,0.705402,0.092064,0.156395,0.352743,0.221434,0.837630,0.742908,0.443704,0.440073,0.270405,0.515012,0.051893,0.474374,0.001555,0.903675,0.324117,0.279942,0.305271,0.456282,0.230099,0.299961,0.109574,0.889077,0.868829,0.286894,0.458679,0.781686,0.127491,0.902436],
[0.571982,0.429909,0.607839,0.664046,0.586304,0.960581,0.885481,0.423934,0.703489,0.329185,0.864007,0.973894,0.844197,0.915899,0.448268,0.845752,0.819574,0.772384,0.125694,0.124845,0.228666,0.355793,0.424806,0.338241,0.244870,0.293634,0.625135,0.703549,0.075320,0.752626],
[0.605985,0.647303,0.182534,0.213824,0.311349,0.768838,0.174405,0.196830,0.192772,0.877894,0.526015,0.056779,0.851788,0.370212,0.972678,0.300056,0.215964,0.792252,0.072440,0.341658,0.917097,0.301106,0.697452,0.341903,0.639347,0.942322,0.635538,0.264482,0.645871,0.710858],
[0.017108,0.251856,0.358161,0.199642,0.465680,0.669510,0.968480,0.640085,0.866339,0.161252,0.517978,0.392354,0.218031,0.369766,0.762566,0.190709,0.669822,0.978531,0.982961,0.742262,0.320189,0.900059,0.043368,0.017641,0.241962,0.682715,0.959963,0.877500,0.947197,0.605834],
[0.588358,0.964305,0.857690,0.946518,0.163947,0.323370,0.616028,0.132427,0.963454,0.482368,0.293679,0.481432,0.874722,0.511710,0.851198,0.637288,0.702419,0.521020,0.615819,0.685380,0.263282,0.936008,0.585439,0.306650,0.953649,0.827401,0.989365,0.913612,0.704900,0.936562],
[0.519446,0.293258,0.900867,0.377135,0.239777,0.064813,0.700505,0.855805,0.197240,0.663959,0.338172,0.490918,0.145392,0.212894,0.002628,0.996590,0.850183,0.705047,0.517610,0.466002,0.390427,0.780892,0.402010,0.975866,0.087541,0.355659,0.803267,0.076906,0.269271,0.508167],
[0.013468,0.788717,0.801425,0.914335,0.165852,0.041202,0.979148,0.866357,0.897007,0.176387,0.530316,0.235179,0.667306,0.675708,0.448074,0.669934,0.672298,0.298256,0.374981,0.189908,0.764258,0.765408,0.970799,0.166268,0.741274,0.058341,0.521927,0.544541,0.135247,0.791198],
[0.052709,0.148715,0.579915,0.854134,0.063050,0.745767,0.895336,0.042198,0.612124,0.792343,0.218585,0.142440,0.027522,0.885891,0.818148,0.475596,0.555825,0.490446,0.773852,0.930806,0.680353,0.538111,0.696214,0.651153,0.704379,0.437488,0.709493,0.226306,0.982029,0.844740],
[0.017504,0.034738,0.993455,0.597419,0.888872,0.056505,0.343185,0.784208,0.098703,0.955309,0.576551,0.317288,0.097749,0.604073,0.203179,0.915896,0.079669,0.759004,0.406342,0.853521,0.689809,0.086695,0.391632,0.386023,0.737848,0.096011,0.823511,0.447341,0.322317,0.805541],
[0.292081,0.339821,0.840279,0.285536,0.937239,0.729151,0.342041,0.280425,0.513359,0.440744,0.235733,0.089910,0.758032,0.333482,0.693984,0.961210,0.249378,0.773653,0.720214,0.655720,0.627174,0.410023,0.742415,0.018806,0.796046,0.480262,0.114817,0.619557,0.927603,0.437134],
[0.425098,0.219684,0.776955,0.265377,0.505221,0.714194,0.994528,0.847262,0.994619,0.507887,0.288005,0.230352,0.597797,0.046037,0.563834,0.291780,0.007247,0.813212,0.065433,0.727461,0.468932,0.692607,0.137484,0.211347,0.711414,0.933530,0.691609,0.826231,0.553088,0.619212],
[0.263365,0.978186,0.838897,0.040319,0.243562,0.344117,0.754513,0.238090,0.191379,0.749132,0.745977,0.479384,0.979484,0.343774,0.525421,0.543318,0.635554,0.532668,0.356530,0.700987,0.260129,0.825462,0.393595,0.397613,0.036808,0.105008,0.331143,0.728417,0.931239,0.884231],
[0.347629,0.194604,0.862417,0.186526,0.234923,0.105979,0.530643,0.989436,0.344069,0.722022,0.738569,0.090046,0.201406,0.718053,0.433819,0.726827,0.261371,0.069373,0.259496,0.617901,0.770361,0.519625,0.443363,0.163955,0.917238,0.480171,0.268964,0.248382,0.208589,0.200203],
[0.132613,0.556218,0.394806,0.995030,0.742744,0.629729,0.101009,0.273387,0.619166,0.445078,0.995409,0.357735,0.535124,0.196815,0.075788,0.968944,0.923643,0.337159,0.038317,0.183138,0.955060,0.808678,0.702763,0.398423,0.972633,0.620002,0.878595,0.241597,0.868383,0.087183],
[0.441800,0.000996,0.643402,0.836606,0.996026,0.386146,0.466336,0.097035,0.659533,0.085502,0.542113,0.654942,0.443236,0.077237,0.851757,0.519024,0.046180,0.775400,0.856183,0.084497,0.958539,0.811243,0.893175,0.661302,0.209667,0.865808,0.281304,0.088262,0.107405,0.149687],
[0.175445,0.549205,0.150684,0.818847,0.385811,0.146709,0.204992,0.852146,0.243744,0.864525,0.937648,0.785857,0.519467,0.380884,0.863094,0.371225,0.899908,0.909274,0.146625,0.756092,0.993771,0.105163,0.567335,0.886946,0.766465,0.777002,0.752755,0.047769,0.865263,0.860160],
[0.197457,0.040708,0.409364,0.348140,0.859555,0.795175,0.494849,0.064547,0.647322,0.738593,0.929073,0.584970,0.524450,0.448540,0.965854,0.387544,0.819765,0.865763,0.296818,0.966390,0.621854,0.290589,0.071553,0.189189,0.177535,0.838018,0.966191,0.930290,0.885788,0.831454],
[0.790449,0.083244,0.872163,0.199814,0.431384,0.731718,0.994989,0.926234,0.796265,0.642311,0.664827,0.725338,0.227280,0.189277,0.173878,0.193135,0.576821,0.993642,0.058897,0.873639,0.960032,0.680751,0.164227,0.031585,0.869940,0.341763,0.869603,0.836131,0.272053,0.755391],
[0.667585,0.062502,0.838635,0.539748,0.262316,0.270020,0.271466,0.257305,0.196253,0.067731,0.899616,0.861081,0.793069,0.126896,0.050358,0.966946,0.320031,0.627179,0.960589,0.378928,0.500817,0.920621,0.059679,0.665045,0.952206,0.929619,0.006807,0.821809,0.765751,0.278860],
[0.577201,0.433336,0.341362,0.415836,0.973084,0.603678,0.685856,0.244549,0.860983,0.882109,0.312280,0.760598,0.743190,0.105349,0.887494,0.793548,0.072295,0.207525,0.420726,0.032884,0.586452,0.921543,0.953505,0.646131,0.586588,0.905711,0.575751,0.593395,0.727520,0.341501],
[0.872255,0.304721,0.774837,0.213617,0.720557,0.747921,0.817295,0.406413,0.992470,0.678278,0.288522,0.304751,0.438876,0.031711,0.410099,0.326370,0.825259,0.482395,0.533895,0.245985,0.515279,0.120347,0.167528,0.468784,0.766479,0.754116,0.374495,0.342229,0.347512,0.102015],
[0.683731,0.219767,0.406736,0.458568,0.433384,0.127293,0.206489,0.250679,0.533706,0.198960,0.928957,0.822227,0.503710,0.367833,0.853939,0.913810,0.694203,0.679197,0.396205,0.228097,0.925183,0.911484,0.348445,0.092711,0.380268,0.114923,0.846827,0.754763,0.457152,0.194339],
[0.856778,0.140883,0.414106,0.263514,0.599452,0.847490,0.390807,0.805941,0.098168,0.924513,0.004901,0.027125,0.746740,0.508611,0.394958,0.600679,0.422421,0.089160,0.279876,0.818625,0.317258,0.205059,0.730109,0.665702,0.297770,0.110377,0.780625,0.144597,0.865139,0.237778],
[0.338936,0.721917,0.378661,0.753041,0.985431,0.978113,0.600531,0.376238,0.784054,0.698699,0.300751,0.788954,0.725824,0.047491,0.297565,0.120782,0.648170,0.719986,0.209942,0.928046,0.538612,0.527200,0.133105,0.268721,0.192902,0.430874,0.379097,0.973528,0.575471,0.244236],
[0.211305,0.914407,0.966153,0.589967,0.667449,0.951585,0.568079,0.267980,0.327823,0.352133,0.966679,0.628574,0.141087,0.692504,0.676065,0.438653,0.813286,0.324235,0.158639,0.023228,0.252281,0.697251,0.550428,0.385386,0.965971,0.743331,0.816260,0.345069,0.716858,0.391732],
[0.589305,0.928163,0.306139,0.555458,0.518130,0.973588,0.507043,0.086209,0.241567,0.834866,0.438342,0.208247,0.463440,0.579430,0.900750,0.139505,0.018082,0.714036,0.463740,0.176721,0.737264,0.716022,0.873972,0.287692,0.101408,0.839943,0.031023,0.917668,0.185012,0.747881],
[0.309400,0.774317,0.676044,0.615539,0.329775,0.194174,0.589126,0.836818,0.280384,0.830694,0.671684,0.718726,0.038940,0.135124,0.298156,0.939690,0.274629,0.316238,0.653726,0.738369,0.492959,0.390990,0.454391,0.366931,0.678682,0.555799,0.206874,0.709705,0.473466,0.391886],
[0.457586,0.782866,0.166202,0.133630,0.398405,0.495978,0.327804,0.987531,0.332796,0.608188,0.818225,0.004479,0.326914,0.857165,0.139603,0.625069,0.796855,0.414232,0.941307,0.450581,0.152601,0.434266,0.841571,0.606992,0.801197,0.520254,0.162791,0.008071,0.229958,0.636257],
[0.399957,0.687544,0.419123,0.566160,0.821174,0.817528,0.062137,0.148978,0.805059,0.394933,0.757166,0.623284,0.399412,0.084079,0.480449,0.539015,0.709148,0.277305,0.953247,0.650456,0.727886,0.105848,0.084722,0.569457,0.712841,0.885919,0.089711,0.875631,0.893990,0.319670],
[0.511888,0.293948,0.007214,0.931012,0.860107,0.828388,0.748540,0.922244,0.977366,0.553600,0.317177,0.734531,0.176884,0.716589,0.818610,0.657333,0.255604,0.527759,0.934638,0.208851,0.178214,0.662524,0.314700,0.262936,0.231981,0.027540,0.148855,0.321693,0.903171,0.042846]],
[[0.641362,0.415060,0.336793,0.648576,0.346072,0.196900,0.476964,0.094612,0.119144,0.454329,0.648212,0.436321,0.188860,0.825096,0.152910,0.007471,0.482429,0.408515,0.535230,0.417067,0.617366,0.713444,0.079591,0.932065,0.976380,0.311572,0.959605,0.125236,0.633265,0.862777],
[0.168081,0.274627,0.277837,0.504874,0.923203,0.623909,0.701775,0.400167,0.718521,0.820919,0.854496,0.366732,0.257241,0.043356,0.191828,0.410151,0.050827,0.674257,0.818665,0.586057,0.091324,0.436031,0.299502,0.170915,0.368097,0.275882,0.482488,0.327702,0.401118,0.115753],
[0.190479,0.569199,0.390380,0.468316,0.074073,0.313583,0.092224,0.775848,0.713750,0.810745,0.596767,0.568246,0.177477,0.854007,0.611602,0.369306,0.264158,0.662430,0.043563,0.082824,0.248487,0.134887,0.518855,0.547989,0.305802,0.886952,0.823871,0.788290,0.214654,0.224988],
[0.904043,0.405133,0.794187,0.294423,0.873448,0.868260,0.608006,0.965673,0.644108,0.321756,0.776418,0.240875,0.890002,0.953895,0.094882,0.501604,0.323201,0.359040,0.164034,0.366764,0.441864,0.412521,0.501650,0.960719,0.960510,0.807453,0.847671,0.784380,0.595742,0.062324],
[0.009368,0.499785,0.467457,0.803555,0.794207,0.340905,0.671815,0.402213,0.306578,0.315923,0.723969,0.082996,0.556797,0.613971,0.036891,0.651679,0.115575,0.360092,0.010720,0.279609,0.726855,0.452584,0.692129,0.228506,0.413303,0.652639,0.035958,0.260973,0.437019,0.631701],
[0.323297,0.446387,0.131486,0.790754,0.249942,0.925693,0.131659,0.921757,0.327906,0.438237,0.237680,0.051875,0.521232,0.794478,0.665845,0.558123,0.446157,0.781420,0.918215,0.456877,0.061029,0.645070,0.909461,0.753158,0.873576,0.322763,0.405797,0.909534,0.583736,0.842816],
[0.541235,0.907034,0.289204,0.672721,0.697788,0.539146,0.598414,0.829447,0.460904,0.926320,0.267683,0.698584,0.978195,0.788915,0.493062,0.644040,0.347038,0.939219,0.425460,0.265253,0.396096,0.486489,0.910323,0.305556,0.239647,0.783899,0.628320,0.645444,0.693434,0.212056],
[0.488260,0.234669,0.119090,0.777464,0.907390,0.816878,0.316610,0.505803,0.646324,0.777513,0.432123,0.914007,0.476097,0.410318,0.702922,0.969159,0.054358,0.049961,0.908378,0.479818,0.315214,0.304474,0.966307,0.225537,0.610030,0.205954,0.009436,0.238349,0.851397,0.702870],
[0.450406,0.339658,0.937539,0.569495,0.117122,0.844929,0.386373,0.433731,0.350733,0.032697,0.211245,0.782856,0.946705,0.687342,0.193174,0.649627,0.656501,0.247532,0.699588,0.564879,0.727350,0.014801,0.869353,0.693656,0.240338,0.479382,0.899610,0.249775,0.717732,0.751007],
[0.952645,0.168138,0.090665,0.890185,0.737633,0.207787,0.735114,0.124006,0.641518,0.085846,0.156703,0.852763,0.868702,0.103408,0.540105,0.061876,0.753035,0.196606,0.309407,0.452623,0.761485,0.036757,0.467424,0.630838,0.730413,0.707763,0.110220,0.630023,0.957537,0.827952],
[0.381030,0.910183,0.996090,0.471696,0.800367,0.733723,0.679482,0.535481,0.857729,0.321000,0.621327,0.014432,0.173763,0.490029,0.117840,0.713868,0.551905,0.870875,0.910475,0.861312,0.323497,0.671960,0.898068,0.790922,0.302798,0.628481,0.498684,0.413018,0.258504,0.456222],
[0.240970,0.639535,0.366404,0.237060,0.111230,0.166772,0.970783,0.790713,0.702252,0.828511,0.111713,0.323580,0.842943,0.285476,0.813609,0.960783,0.999345,0.365513,0.831658,0.909819,0.226825,0.155156,0.581779,0.124894,0.946077,0.884577,0.753375,0.444761,0.297595,0.011880],
[0.900983,0.538565,0.651414,0.267387,0.775625,0.762645,0.434159,0.746407,0.553357,0.136411,0.574919,0.665070,0.459991,0.417862,0.950546,0.273600,0.378646,0.949891,0.639113,0.210304,0.859710,0.865938,0.365460,0.441490,0.990832,0.311537,0.326066,0.744207,0.756298,0.623661],
[0.756087,0.657281,0.162226,0.407501,0.924668,0.937851,0.170146,0.358827,0.684258,0.723503,0.495238,0.259177,0.388573,0.955229,0.677039,0.339120,0.228829,0.055684,0.289011,0.867942,0.265988,0.148721,0.733880,0.631448,0.590211,0.724712,0.942985,0.916277,0.468919,0.699283],
[0.539938,0.225006,0.356564,0.702164,0.632507,0.281233,0.640015,0.802652,0.640060,0.324273,0.526155,0.135298,0.583449,0.914729,0.090527,0.260488,0.253848,0.319356,0.316172,0.542859,0.187298,0.582160,0.691581,0.921178,0.213608,0.281792,0.645890,0.156593,0.198069,0.114809],
[0.855876,0.738008,0.339814,0.212440,0.440172,0.972321,0.493673,0.080187,0.774973,0.133732,0.404460,0.301129,0.269031,0.987909,0.215857,0.359558,0.248397,0.469706,0.678914,0.564569,0.012565,0.866212,0.146730,0.704146,0.787390,0.360338,0.985937,0.433280,0.516931,0.184006],
[0.548089,0.372807,0.922014,0.887903,0.585247,0.362186,0.860224,0.078920,0.442373,0.635197,0.212652,0.846832,0.936326,0.481683,0.834741,0.152183,0.841241,0.083138,0.621888,0.520155,0.647707,0.634453,0.386366,0.794437,0.338599,0.173756,0.154775,0.324536,0.607036,0.671706],
[0.508542,0.155124,0.044513,0.430556,0.043027,0.629761,0.792742,0.903251,0.708681,0.235115,0.538449,0.921333,0.081947,0.474774,0.403016,0.916688,0.626957,0.244257,0.999827,0.248846,0.764412,0.647534,0.883299,0.150778,0.441971,0.221898,0.324534,0.596746,0.546434,0.931570],
[0.268453,0.054977,0.086694,0.312966,0.485533,0.129721,0.942727,0.278275,0.032973,0.651407,0.513390,0.571421,0.572740,0.595337,0.046196,0.975756,0.512026,0.673153,0.220013,0.511852,0.921999,0.984425,0.159386,0.805298,0.135202,0.601358,0.027196,0.459736,0.198104,0.573630],
[0.391306,0.466557,0.628607,0.478000,0.779523,0.114140,0.607721,0.722249,0.392415,0.640694,0.373657,0.905805,0.212115,0.946397,0.501142,0.258311,0.922153,0.013168,0.931464,0.142166,0.525020,0.853463,0.126590,0.684407,0.658761,0.261793,0.285764,0.685957,0.721529,0.483869],
[0.259588,0.112836,0.950426,0.888195,0.590836,0.729949,0.002335,0.198557,0.452198,0.394750,0.839251,0.825855,0.300555,0.051367,0.772251,0.801697,0.309678,0.694404,0.814865,0.241142,0.836570,0.339885,0.094605,0.963161,0.024292,0.753366,0.224953,0.310056,0.439323,0.946483],
[0.793925,0.698911,0.059318,0.744350,0.587106,0.650154,0.474299,0.589441,0.848711,0.926497,0.984190,0.687962,0.752351,0.284745,0.739329,0.524603,0.086442,0.049007,0.219007,0.901307,0.290148,0.055577,0.241192,0.384753,0.018738,0.265483,0.138119,0.243691,0.575539,0.577442],
[0.190174,0.369464,0.276353,0.249492,0.113814,0.863459,0.899646,0.588113,0.452900,0.748358,0.514610,0.437090,0.436320,0.266961,0.721836,0.175649,0.791564,0.808278,0.224656,0.010571,0.709585,0.514804,0.066148,0.950776,0.899557,0.084886,0.216260,0.037676,0.328577,0.791799],
[0.615119,0.518751,0.161263,0.891472,0.768243,0.275077,0.754932,0.667890,0.863190,0.207832,0.416247,0.377799,0.644922,0.852567,0.644760,0.366758,0.028217,0.436324,0.175035,0.252873,0.446895,0.884620,0.767677,0.513043,0.835396,0.667234,0.597928,0.051656,0.704911,0.926505],
[0.843455,0.320030,0.445256,0.004717,0.211502,0.213499,0.279794,0.966433,0.881389,0.142984,0.174265,0.297636,0.520784,0.819187,0.150203,0.165544,0.185945,0.178420,0.601868,0.360980,0.431293,0.048763,0.245600,0.198970,0.561806,0.080997,0.866204,0.159734,0.132653,0.571115],
[0.086239,0.976107,0.891144,0.531495,0.980825,0.102646,0.744994,0.260619,0.069080,0.626383,0.403603,0.243345,0.924019,0.924387,0.062532,0.074222,0.089931,0.248477,0.252642,0.691799,0.609457,0.683934,0.740563,0.855058,0.882904,0.302369,0.936054,0.749108,0.462103,0.068707],
[0.320222,0.548342,0.044814,0.211366,0.079838,0.025639,0.314012,0.824832,0.286258,0.383092,0.451215,0.689861,0.626437,0.375233,0.614248,0.688969,0.449455,0.704179,0.937445,0.702097,0.395978,0.546903,0.386031,0.136541,0.401961,0.268935,0.438909,0.338015,0.018042,0.901013],
[0.406722,0.338265,0.449355,0.451536,0.549631,0.529193,0.477175,0.863643,0.354025,0.763433,0.246735,0.805239,0.453294,0.873172,0.180473,0.067541,0.562140,0.629927,0.771720,0.499586,0.332024,0.167698,0.046489,0.718055,0.304239,0.448449,0.986990,0.743149,0.786464,0.005032],
[0.644161,0.193186,0.343297,0.093516,0.644722,0.892928,0.622709,0.121897,0.756572,0.976734,0.885330,0.003307,0.781973,0.338623,0.876479,0.962446,0.406165,0.438620,0.592373,0.177885,0.938205,0.924397,0.345583,0.984694,0.642453,0.649823,0.433143,0.629443,0.392971,0.219608],
[0.634475,0.037133,0.412794,0.977772,0.130649,0.057516,0.870701,0.753358,0.179413,0.627272,0.730092,0.064743,0.630579,0.512065,0.403366,0.507059,0.474511,0.809531,0.945678,0.066884,0.987416,0.883884,0.991282,0.333000,0.868578,0.633734,0.982822,0.301721,0.263177,0.375794]],
[[0.521329,0.897652,0.412926,0.934123,0.875424,0.543575,0.991639,0.746124,0.296933,0.171052,0.373397,0.027025,0.235795,0.003976,0.539090,0.639161,0.511035,0.013601,0.448693,0.456713,0.080485,0.436109,0.340597,0.071766,0.769108,0.209174,0.705501,0.751931,0.510895,0.968677],
[0.127724,0.032224,0.866329,0.540650,0.966347,0.741753,0.084226,0.957985,0.487878,0.381159,0.129037,0.861274,0.408183,0.364832,0.865251,0.947273,0.003993,0.376285,0.960874,0.452686,0.832998,0.041359,0.888795,0.173595,0.113125,0.657903,0.382769,0.818626,0.409834,0.893665],
[0.787303,0.537558,0.925889,0.653633,0.078208,0.892236,0.395386,0.162434,0.850221,0.883263,0.543593,0.979258,0.744538,0.951776,0.344090,0.609788,0.899049,0.348083,0.986074,0.859923,0.800769,0.819072,0.901282,0.689564,0.992667,0.014408,0.347467,0.375436,0.833034,0.757300],
[0.269101,0.620338,0.294858,0.194990,0.273970,0.373066,0.087225,0.669356,0.535500,0.937446,0.552619,0.079093,0.916704,0.297157,0.030869,0.260794,0.906945,0.929918,0.608877,0.893019,0.789842,0.409646,0.712091,0.691124,0.099210,0.704758,0.705532,0.446677,0.080195,0.538566],
[0.203977,0.349296,0.158903,0.498835,0.544286,0.432873,0.871901,0.631511,0.102229,0.407402,0.568957,0.654849,0.486495,0.485661,0.952006,0.517364,0.746455,0.858951,0.447282,0.355333,0.751970,0.237123,0.764979,0.464062,0.928247,0.864189,0.168820,0.633779,0.310866,0.249015],
[0.172345,0.514843,0.598310,0.331248,0.013678,0.142596,0.764121,0.885579,0.774107,0.866351,0.292981,0.343064,0.521200,0.779476,0.828725,0.473205,0.296839,0.575181,0.332156,0.744121,0.930513,0.084127,0.981244,0.695493,0.548188,0.909491,0.559682,0.717008,0.543270,0.870548],
[0.966023,0.715615,0.385390,0.564334,0.046863,0.399068,0.706930,0.810984,0.284647,0.481036,0.677335,0.577628,0.824101,0.198535,0.357104,0.652826,0.671740,0.653943,0.228007,0.003896,0.398064,0.158520,0.088023,0.379308,0.854013,0.636211,0.288799,0.413694,0.353219,0.832069],
[0.284242,0.319242,0.547684,0.669633,0.883576,0.594547,0.068701,0.590505,0.405531,0.353348,0.071542,0.082866,0.930976,0.895642,0.281401,0.288080,0.548468,0.953141,0.942024,0.776475,0.957037,0.340088,0.934995,0.045059,0.719396,0.789008,0.681270,0.008195,0.202702,0.034490],
[0.840265,0.486945,0.353732,0.387949,0.156577,0.237308,0.982496,0.225278,0.827813,0.388027,0.578626,0.899355,0.470893,0.509602,0.794998,0.752294,0.797682,0.343466,0.705435,0.739706,0.119941,0.662471,0.079793,0.054937,0.707531,0.799189,0.843945,0.388801,0.807385,0.046647],
[0.423290,0.647650,0.533592,0.777022,0.035598,0.690169,0.014330,0.018094,0.915447,0.842144,0.406121,0.494072,0.741499,0.877014,0.003674,0.536497,0.629308,0.801356,0.879963,0.334743,0.541062,0.999904,0.997214,0.620855,0.054841,0.704745,0.420045,0.898786,0.093545,0.227429],
[0.945433,0.516836,0.875079,0.479025,0.293858,0.910677,0.169193,0.308188,0.928772,0.084640,0.150332,0.334893,0.578712,0.891831,0.211907,0.582386,0.428328,0.841216,0.383742,0.308291,0.175959,0.924804,0.308195,0.173173,0.545659,0.363036,0.877917,0.965704,0.261822,0.971463],
[0.193133,0.207255,0.488299,0.068212,0.686280,0.782157,0.978889,0.855473,0.090345,0.907661,0.940113,0.240677,0.242554,0.518825,0.132508,0.454461,0.101212,0.560836,0.295676,0.484954,0.869127,0.471635,0.409758,0.177322,0.644808,0.955418,0.540358,0.522725,0.921122,0.802181],
[0.494188,0.114255,0.009436,0.982486,0.182467,0.695715,0.764643,0.161356,0.551189,0.854988,0.069017,0.491302,0.095665,0.311570,0.010127,0.228173,0.766031,0.111339,0.789008,0.061707,0.596293,0.658135,0.533342,0.006051,0.835457,0.178150,0.961468,0.375815,0.700875,0.882590],
[0.177996,0.195062,0.996845,0.187432,0.177548,0.179311,0.883147,0.942191,0.340667,0.434336,0.797179,0.409684,0.925638,0.892844,0.721254,0.935765,0.121016,0.487285,0.047103,0.910025,0.548993,0.643396,0.568160,0.082335,0.649447,0.403617,0.260485,0.610915,0.779432,0.961359],
[0.493505,0.957428,0.156422,0.490350,0.144860,0.333970,0.669661,0.028008,0.276161,0.010328,0.462344,0.073341,0.420013,0.387981,0.966184,0.141267,0.323746,0.087201,0.628552,0.370850,0.997226,0.177545,0.014245,0.565385,0.259880,0.663692,0.969002,0.520365,0.274607,0.748434],
[0.481724,0.768112,0.705863,0.638145,0.258461,0.850723,0.972116,0.928122,0.878731,0.248277,0.938451,0.341074,0.321618,0.358463,0.729056,0.287802,0.499730,0.052802,0.375003,0.128282,0.423652,0.372228,0.305827,0.437897,0.937613,0.565707,0.101589,0.906616,0.086072,0.376196],
[0.655050,0.567796,0.144308,0.360913,0.205941,0.402769,0.211636,0.178057,0.330891,0.090367,0.426334,0.269342,0.431441,0.747951,0.627805,0.160497,0.035753,0.127535,0.213299,0.410756,0.255817,0.636951,0.782984,0.561644,0.074848,0.720597,0.127352,0.176437,0.627213,0.213423],
[0.552633,0.282263,0.781219,0.696940,0.643176,0.987160,0.099709,0.854811,0.165216,0.430600,0.945178,0.591550,0.699942,0.376619,0.339501,0.327747,0.537116,0.375254,0.455282,0.750415,0.786010,0.711099,0.387366,0.568994,0.272743,0.462214,0.289591,0.400095,0.638651,0.916804],
[0.613518,0.191284,0.199066,0.394737,0.888224,0.842242,0.381896,0.987934,0.697053,0.547113,0.418534,0.642231,0.138663,0.118476,0.018850,0.478164,0.446223,0.555966,0.853418,0.901504,0.306381,0.639428,0.612603,0.693747,0.208422,0.885346,0.155961,0.498012,0.285441,0.794612],
[0.414816,0.898959,0.985896,0.613882,0.293695,0.874121,0.456124,0.675592,0.862054,0.153177,0.222704,0.280588,0.795408,0.361367,0.399064,0.814258,0.839531,0.845287,0.370225,0.692949,0.746792,0.676606,0.332377,0.359395,0.370353,0.540799,0.244741,0.526315,0.038811,0.530182],
[0.320927,0.453627,0.429140,0.306824,0.067509,0.722836,0.180944,0.523633,0.398427,0.042998,0.676810,0.621132,0.323587,0.472218,0.982499,0.722651,0.286477,0.822030,0.567938,0.656701,0.514979,0.314730,0.333307,0.847356,0.674125,0.703661,0.388155,0.918865,0.229975,0.426966],
[0.449047,0.550903,0.880593,0.878188,0.857726,0.948102,0.601023,0.038670,0.471735,0.999451,0.081669,0.148546,0.620583,0.405255,0.620764,0.603082,0.127906,0.907241,0.425112,0.695845,0.563942,0.940091,0.010574,0.897249,0.787447,0.684699,0.600910,0.175602,0.603564,0.830886],
[0.602568,0.052612,0.381788,0.483162,0.930799,0.239515,0.431264,0.531823,0.278185,0.902999,0.531274,0.359854,0.051545,0.151857,0.765109,0.672309,0.754938,0.893015,0.579550,0.180050,0.588860,0.143493,0.120141,0.599435,0.040742,0.907588,0.284133,0.641652,0.083190,0.887698],
[0.472538,0.685759,0.940310,0.854326,0.168920,0.871109,0.093840,0.600184,0.402932,0.372025,0.503184,0.934206,0.731879,0.554729,0.086062,0.496988,0.227038,0.841001,0.390003,0.806588,0.021051,0.978864,0.950081,0.141191,0.578298,0.990823,0.048779,0.862432,0.632475,0.131969],
[0.750129,0.105013,0.817728,0.690439,0.959339,0.986648,0.561548,0.053179,0.586832,0.964480,0.425204,0.090016,0.898686,0.157083,0.644745,0.984748,0.654071,0.871783,0.825749,0.044075,0.678371,0.846799,0.022938,0.628452,0.987990,0.601236,0.619275,0.036770,0.463668,0.251750],
[0.168739,0.213797,0.356763,0.986467,0.904236,0.316102,0.973115,0.465785,0.369281,0.559947,0.430265,0.794485,0.649964,0.328950,0.951568,0.294709,0.313699,0.605639,0.166492,0.139447,0.649714,0.844863,0.986246,0.672652,0.473315,0.974237,0.273889,0.092591,0.011006,0.737557],
[0.344341,0.179745,0.951354,0.701104,0.166212,0.855591,0.017206,0.139327,0.321375,0.386486,0.699274,0.751640,0.180971,0.349238,0.080590,0.132539,0.643946,0.394289,0.738179,0.810438,0.533736,0.387893,0.655301,0.519982,0.060545,0.128616,0.494219,0.334434,0.221207,0.505226],
[0.071991,0.565548,0.684971,0.023345,0.266652,0.851182,0.878936,0.283858,0.990509,0.200311,0.670344,0.689783,0.951951,0.851315,0.039020,0.032541,0.983855,0.682967,0.426830,0.722033,0.493404,0.960566,0.109926,0.148705,0.480549,0.170471,0.277321,0.974768,0.504906,0.498529],
[0.479993,0.576896,0.064077,0.164964,0.600241,0.330729,0.016146,0.479177,0.614587,0.006655,0.679488,0.284932,0.696438,0.631439,0.136247,0.735459,0.663980,0.120102,0.418425,0.090811,0.842135,0.911830,0.051377,0.952061,0.060535,0.531926,0.122533,0.337856,0.506693,0.627438],
[0.836385,0.986687,0.204335,0.900462,0.151651,0.804576,0.231191,0.167797,0.283753,0.845778,0.174453,0.963241,0.130710,0.870891,0.594681,0.266957,0.606350,0.258661,0.387059,0.024776,0.349472,0.229194,0.936605,0.400848,0.181255,0.997140,0.932774,0.303788,0.334996,0.439467]],
[[0.931226,0.171381,0.426154,0.135561,0.071843,0.577805,0.940137,0.303034,0.745603,0.223891,0.148812,0.920055,0.187132,0.279521,0.790946,0.781813,0.546478,0.397296,0.040474,0.933537,0.422072,0.389945,0.162730,0.358677,0.790794,0.343986,0.355817,0.723568,0.647774,0.690814],
[0.163035,0.579000,0.862195,0.589189,0.714561,0.934037,0.166995,0.654698,0.237071,0.912597,0.878589,0.385882,0.832652,0.065721,0.665404,0.623599,0.847533,0.211882,0.020895,0.888007,0.145418,0.442967,0.277952,0.308149,0.801644,0.068746,0.652134,0.157462,0.792313,0.299908],
[0.848275,0.955348,0.878908,0.710470,0.544538,0.593468,0.644507,0.711532,0.248167,0.881578,0.624129,0.126755,0.267461,0.456781,0.192476,0.932864,0.080380,0.040009,0.144746,0.101275,0.928016,0.290164,0.544243,0.205968,0.598313,0.345887,0.274713,0.250447,0.503349,0.067027],
[0.550354,0.351624,0.022375,0.429262,0.062094,0.566912,0.022731,0.706601,0.278444,0.270897,0.588179,0.902574,0.397652,0.855640,0.359355,0.590128,0.788504,0.439735,0.630137,0.933250,0.541011,0.558153,0.223414,0.085253,0.764120,0.821727,0.431140,0.038834,0.072173,0.934489],
[0.105860,0.622528,0.286113,0.128235,0.051790,0.348206,0.695147,0.074520,0.054807,0.973592,0.345418,0.642987,0.876165,0.743070,0.498626,0.235520,0.333198,0.287130,0.675256,0.963335,0.220380,0.216266,0.521488,0.443794,0.301519,0.285608,0.265521,0.732660,0.324442,0.337694],
[0.667148,0.430302,0.960222,0.953261,0.558537,0.012012,0.301468,0.253684,0.086532,0.356275,0.227276,0.431950,0.999261,0.103442,0.175020,0.497888,0.338962,0.508218,0.785018,0.014218,0.471552,0.005398,0.230484,0.993040,0.449193,0.532003,0.278648,0.714713,0.264663,0.603090],
[0.052408,0.931811,0.033392,0.012630,0.885073,0.591929,0.024642,0.186540,0.845613,0.111174,0.542815,0.072889,0.543124,0.542076,0.176331,0.718143,0.039964,0.515293,0.226361,0.824982,0.529511,0.697913,0.830380,0.759995,0.690953,0.279573,0.291999,0.969601,0.994287,0.556662],
[0.572691,0.046694,0.488473,0.606082,0.059324,0.373546,0.198011,0.083965,0.560086,0.043624,0.195139,0.102901,0.116513,0.738263,0.644977,0.292844,0.456406,0.684941,0.808138,0.682767,0.509923,0.337649,0.380680,0.340304,0.097644,0.071633,0.619877,0.389642,0.041235,0.614164],
[0.946304,0.613925,0.660858,0.434777,0.220008,0.720182,0.808323,0.418019,0.804147,0.368409,0.461643,0.999286,0.471310,0.578156,0.737549,0.116287,0.871001,0.193955,0.801228,0.679138,0.876722,0.311152,0.016787,0.257402,0.651456,0.114431,0.329036,0.271333,0.504073,0.370270],
[0.885496,0.450377,0.984196,0.546354,0.885155,0.204203,0.266535,0.693477,0.622222,0.070683,0.061886,0.083865,0.069969,0.533196,0.662021,0.807518,0.649482,0.533021,0.001473,0.450711,0.212160,0.878195,0.761862,0.228947,0.135598,0.413318,0.343378,0.464633,0.684650,0.847451],
[0.834904,0.570146,0.297829,0.819099,0.116500,0.182983,0.023303,0.383036,0.876461,0.645525,0.453718,0.938347,0.729390,0.523687,0.471542,0.391410,0.331205,0.121025,0.924432,0.332678,0.571735,0.136591,0.210873,0.333597,0.365538,0.346471,0.746915,0.708915,0.811104,0.431566],
[0.556367,0.646008,0.001712,0.854195,0.465107,0.118212,0.037178,0.488410,0.501248,0.913639,0.133935,0.954967,0.851985,0.863324,0.478654,0.323528,0.254735,0.809858,0.444552,0.179166,0.142536,0.016288,0.315758,0.353410,0.349885,0.681295,0.699880,0.096800,0.390211,0.510984],
[0.528366,0.946577,0.156992,0.530078,0.800772,0.622099,0.648291,0.837951,0.110509,0.149539,0.751589,0.244444,0.104505,0.603575,0.107768,0.583159,0.927102,0.362502,0.393018,0.371655,0.541668,0.535554,0.387942,0.857426,0.888964,0.737827,0.538721,0.588844,0.834628,0.928932],
[0.099828,0.362994,0.875510,0.256820,0.893072,0.676282,0.878919,0.541363,0.514233,0.989428,0.690902,0.265822,0.233872,0.795407,0.869397,0.341639,0.378566,0.796499,0.704141,0.771584,0.168153,0.245810,0.307138,0.556096,0.103236,0.196101,0.293923,0.641957,0.784945,0.128551],
[0.570890,0.884773,0.491544,0.446399,0.141593,0.384616,0.122681,0.020512,0.925979,0.636914,0.009940,0.616880,0.902736,0.243812,0.412288,0.772133,0.585451,0.790854,0.568632,0.289593,0.562437,0.736785,0.535403,0.869575,0.292881,0.638638,0.065676,0.586804,0.280596,0.850621],
[0.715354,0.851485,0.735395,0.206899,0.297885,0.876988,0.591515,0.420566,0.897500,0.517494,0.057480,0.907440,0.134374,0.960216,0.151252,0.546662,0.732349,0.736703,0.337515,0.300981,0.026296,0.899953,0.037766,0.561698,0.769528,0.330647,0.200337,0.835204,0.917450,0.480933],
[0.685826,0.632805,0.332418,0.421220,0.839703,0.630302,0.298208,0.431218,0.050868,0.195708,0.948712,0.108349,0.103148,0.083086,0.068565,0.254400,0.629747,0.800914,0.991103,0.967263,0.101895,0.017399,0.867216,0.139661,0.579098,0.636744,0.470308,0.779434,0.471948,0.387758],
[0.260367,0.157773,0.020563,0.592785,0.578994,0.860266,0.223087,0.877202,0.291484,0.273955,0.072909,0.240195,0.382304,0.176057,0.323281,0.450869,0.430457,0.953029,0.251784,0.421561,0.920292,0.353679,0.438960,0.787507,0.493340,0.018057,0.424251,0.963648,0.797492,0.896198],
[0.351406,0.057859,0.053972,0.371969,0.650644,0.632966,0.232235,0.873731,0.510167,0.523719,0.147686,0.583076,0.763914,0.529990,0.759134,0.087196,0.980860,0.189591,0.040224,0.232643,0.611152,0.960516,0.586322,0.050111,0.748023,0.079663,0.068169,0.172274,0.043311,0.865661],
[0.068472,0.394717,0.923520,0.122444,0.766686,0.574163,0.755410,0.998921,0.447894,0.265577,0.522640,0.595581,0.848653,0.286555,0.125571,0.607787,0.373750,0.106431,0.797378,0.413975,0.339074,0.408529,0.374491,0.925397,0.458641,0.122514,0.005059,0.526810,0.294788,0.048370],
[0.392470,0.363260,0.443087,0.315990,0.485704,0.209773,0.890154,0.241114,0.208694,0.338048,0.506691,0.731334,0.933628,0.355344,0.017889,0.059199,0.963131,0.391639,0.165630,0.760509,0.805614,0.504704,0.169038,0.180105,0.430101,0.627679,0.302619,0.435160,0.154489,0.597406],
[0.483530,0.546959,0.960666,0.926617,0.862949,0.446370,0.136390,0.753103,0.687484,0.345084,0.091151,0.194174,0.076418,0.024779,0.549518,0.094307,0.083979,0.512649,0.485946,0.249609,0.273158,0.291561,0.754313,0.442196,0.471665,0.184414,0.069875,0.774284,0.619574,0.224364],
[0.371690,0.103104,0.771323,0.332356,0.029721,0.634273,0.778726,0.166110,0.387376,0.466210,0.511194,0.478527,0.660384,0.587612,0.503306,0.209902,0.681919,0.587285,0.722551,0.167866,0.836893,0.995709,0.459426,0.591207,0.437905,0.931091,0.775621,0.507780,0.705375,0.395195],
[0.732144,0.077066,0.498300,0.503468,0.409422,0.528021,0.137740,0.188148,0.694131,0.525116,0.654357,0.205325,0.003643,0.314741,0.792937,0.506949,0.524643,0.474856,0.094233,0.247194,0.642722,0.931127,0.242902,0.102148,0.522333,0.680807,0.033239,0.297954,0.188587,0.738615],
[0.693150,0.920731,0.815680,0.191449,0.424199,0.225102,0.719470,0.561939,0.413250,0.413601,0.087055,0.067607,0.618926,0.090698,0.382349,0.411863,0.597647,0.906991,0.886720,0.691880,0.154185,0.529441,0.623006,0.397087,0.631589,0.145339,0.077894,0.664829,0.443294,0.266481],
[0.403443,0.136443,0.187212,0.219123,0.327892,0.611411,0.444226,0.047362,0.173350,0.857475,0.460963,0.260405,0.925083,0.079889,0.351103,0.307431,0.491752,0.948750,0.214423,0.378472,0.640630,0.368608,0.907913,0.263636,0.765695,0.539502,0.408975,0.843589,0.204331,0.852269],
[0.110070,0.607774,0.988712,0.297282,0.826897,0.316605,0.908693,0.271123,0.363967,0.082044,0.128598,0.824930,0.342449,0.053681,0.904819,0.693552,0.361113,0.396571,0.642302,0.575535,0.775043,0.282932,0.944143,0.682956,0.546568,0.709838,0.222458,0.955543,0.553427,0.426789],
[0.807812,0.663498,0.034563,0.796524,0.960780,0.861460,0.113129,0.869473,0.132583,0.477095,0.951517,0.261182,0.302025,0.293966,0.314863,0.206844,0.987518,0.675975,0.603415,0.629820,0.251511,0.378457,0.912752,0.195654,0.061413,0.459320,0.905493,0.283871,0.414863,0.458920],
[0.710659,0.222675,0.122418,0.745222,0.019199,0.083197,0.606683,0.132328,0.952671,0.739266,0.609423,0.904187,0.000447,0.911448,0.198153,0.315310,0.118292,0.185671,0.991286,0.721707,0.815491,0.242797,0.100164,0.728244,0.438451,0.161577,0.187564,0.343943,0.445447,0.602426],
[0.802863,0.156107,0.825101,0.925281,0.901329,0.844300,0.008479,0.508012,0.976628,0.961149,0.247278,0.586051,0.865337,0.247725,0.497499,0.063490,0.563035,0.615792,0.249161,0.554321,0.337498,0.064652,0.797117,0.437662,0.792896,0.235568,0.599239,0.980459,0.579512,0.044686]]];

c=[[2,5,1,10,7,6,5,10,5,7,5,1,6,3,9,9,3,1,5,3,7,3,1,6,7,5,2,2,10,10],
[5,1,6,5,2,3,10,7,2,6,3,8,9,10,10,7,9,2,7,5,5,5,10,7,10,6,1,1,9,2],
[2,3,2,8,7,5,10,8,1,3,4,6,10,4,7,1,10,5,2,8,2,8,2,1,6,1,8,6,1,7],
[7,3,1,10,2,10,5,3,7,7,7,2,4,8,5,1,8,4,7,9,3,10,9,4,10,4,4,10,2,7],
[8,10,1,8,10,2,7,6,6,6,4,2,9,8,9,6,10,6,1,6,6,4,6,6,7,7,2,3,8,3],
[9,5,2,1,5,3,4,1,10,9,8,4,2,9,3,10,4,2,7,4,7,4,7,4,2,6,1,3,8,8],
[5,8,5,8,10,9,1,3,1,10,3,9,5,4,7,7,5,2,10,3,5,7,8,4,2,9,9,2,1,8],
[2,7,7,6,5,6,4,5,10,4,6,4,4,1,7,2,9,3,3,9,5,10,7,2,3,8,3,3,2,5],
[2,3,2,8,10,6,5,3,2,6,8,7,9,4,9,7,5,8,9,10,6,5,9,4,8,1,1,10,5,4],
[5,6,6,8,5,7,5,1,9,6,6,9,4,6,2,3,2,6,2,10,5,9,6,5,2,3,5,4,5,1],
[8,1,8,5,8,2,2,2,2,2,9,9,10,2,4,1,6,7,9,7,8,3,7,3,8,8,8,4,4,2],
[7,1,2,4,7,1,8,10,2,1,2,2,10,1,5,5,4,1,4,2,9,1,6,6,6,5,5,3,1,8],
[4,7,10,7,2,9,7,9,8,8,10,9,1,1,2,5,5,5,7,8,8,8,1,3,5,6,10,9,10,10],
[9,3,8,10,9,9,8,7,10,6,6,9,4,6,9,5,10,5,1,7,5,8,4,5,3,10,2,2,8,1],
[3,8,5,10,8,5,10,5,1,9,10,6,9,6,3,7,2,2,4,3,10,8,10,5,4,2,4,7,5,4],
[7,7,1,3,8,10,9,10,5,9,10,6,6,9,3,8,7,5,1,10,7,3,9,8,9,2,2,5,8,8],
[8,6,5,10,10,4,10,8,3,4,6,3,1,3,3,4,2,9,8,3,1,6,5,9,5,5,3,8,9,2],
[6,6,10,2,6,9,5,7,7,8,2,4,2,2,7,4,7,8,4,6,2,6,3,8,7,10,3,9,7,1],
[2,4,9,1,7,6,2,2,2,8,1,3,3,4,6,9,7,5,9,2,10,2,8,3,10,4,2,4,4,10],
[4,5,6,4,8,2,9,9,3,2,8,5,6,10,8,4,1,6,8,9,8,7,10,7,1,1,2,4,4,5],
[6,10,1,1,3,10,2,4,8,7,5,7,3,1,7,1,4,7,8,1,7,7,9,8,3,2,9,6,7,4],
[10,2,3,3,4,6,2,8,9,2,4,5,8,6,5,4,8,10,2,8,2,8,4,3,8,9,4,6,4,2],
[1,6,4,4,8,9,1,1,6,1,2,1,5,2,9,2,7,6,3,9,3,5,8,9,7,5,7,2,2,10],
[3,3,7,8,8,4,7,8,7,2,10,8,5,4,1,3,7,8,10,10,8,3,6,5,3,2,10,9,5,3],
[10,7,5,7,7,2,2,5,1,8,8,10,8,2,6,8,4,4,7,4,3,4,8,8,9,10,1,10,10,5],
[2,9,4,7,7,2,10,9,6,3,6,3,2,5,5,9,3,10,3,1,3,7,5,2,7,3,1,7,4,10],
[4,5,1,9,3,7,10,5,7,5,7,3,9,10,9,3,9,1,3,3,4,7,9,8,9,7,2,1,6,5],
[3,9,1,3,9,6,1,10,10,8,4,6,2,4,5,10,7,5,3,1,9,6,7,10,3,7,6,6,8,1],
[2,10,1,2,4,9,7,4,8,8,1,3,3,4,7,10,4,5,6,6,7,5,1,5,4,5,2,1,2,1],
[2,3,2,2,4,5,3,3,8,2,10,1,7,5,4,5,6,9,1,3,4,7,7,6,1,2,2,4,3,3],
];
