m=40;
n=40;
p=3;
q=3;

alpha=[0.697324,0.613059,0.985534,0.924928,0.803234,0.892189];

proba=[[[0.105757,0.944093,0.957224,0.603346,0.225596,0.736871,0.370064,0.375399,0.264145,0.919337,0.811829,0.989806,0.535520,0.462022,0.778668,0.346516,0.611203,0.288561,0.699162,0.357526,0.988228,0.805695,0.143735,0.576333,0.395159,0.538383,0.802450,0.366227,0.388240,0.408918,0.150605,0.493997,0.353011,0.107830,0.097344,0.578607,0.844701,0.467407,0.954006,0.108846],
[0.386744,0.765836,0.098652,0.922264,0.227858,0.877319,0.268780,0.839061,0.165880,0.967942,0.196587,0.154108,0.773637,0.340322,0.730441,0.168797,0.878705,0.532892,0.535024,0.266945,0.941810,0.685629,0.760942,0.294821,0.793459,0.858286,0.873427,0.638160,0.325693,0.827434,0.747005,0.712437,0.593269,0.845657,0.634701,0.821127,0.722976,0.903482,0.660188,0.888856],
[0.871423,0.856775,0.042965,0.645061,0.197096,0.773406,0.813858,0.075801,0.306297,0.348882,0.342746,0.248107,0.034511,0.103688,0.542928,0.827970,0.961974,0.416355,0.466130,0.287667,0.243789,0.213135,0.000104,0.837058,0.058792,0.634806,0.658185,0.781768,0.538287,0.318373,0.670624,0.409711,0.175148,0.713589,0.054772,0.372244,0.486995,0.868629,0.448045,0.793292],
[0.217511,0.790791,0.041399,0.252022,0.894479,0.584327,0.079992,0.856453,0.000682,0.546122,0.144120,0.244471,0.759257,0.144224,0.081529,0.818049,0.779030,0.739715,0.599817,0.317317,0.058088,0.270441,0.727028,0.233235,0.984030,0.781799,0.605479,0.471025,0.650429,0.053524,0.264318,0.867940,0.844315,0.305717,0.119962,0.738794,0.890044,0.199954,0.595247,0.890726],
[0.746076,0.739367,0.135198,0.505333,0.883591,0.216727,0.323381,0.662621,0.956441,0.923198,0.979938,0.014529,0.193639,0.706965,0.247765,0.177670,0.488764,0.853244,0.648695,0.139193,0.906768,0.913013,0.007133,0.751083,0.218730,0.127095,0.489877,0.108774,0.327049,0.085124,0.999500,0.073125,0.824491,0.134698,0.578458,0.708081,0.351424,0.901839,0.370702,0.307866],
[0.825037,0.350640,0.322395,0.018676,0.057605,0.570159,0.196346,0.546369,0.423403,0.845041,0.685562,0.330171,0.758053,0.692695,0.081254,0.976783,0.819790,0.571130,0.085557,0.146838,0.656254,0.085057,0.219963,0.480745,0.219754,0.798421,0.188826,0.571179,0.700260,0.559528,0.879044,0.525297,0.910168,0.201439,0.543973,0.967773,0.771598,0.740319,0.514143,0.195001],
[0.585360,0.199705,0.525172,0.343414,0.892400,0.606425,0.320197,0.712189,0.177556,0.405753,0.859028,0.833810,0.490810,0.078991,0.314554,0.710564,0.877412,0.503380,0.281743,0.577672,0.062909,0.160787,0.102969,0.973077,0.362225,0.646942,0.940850,0.133823,0.387262,0.454992,0.328824,0.972622,0.654697,0.853996,0.316036,0.547097,0.460421,0.636233,0.259286,0.637977],
[0.041986,0.118314,0.471787,0.532796,0.197305,0.786341,0.243360,0.074718,0.289722,0.525102,0.652389,0.352630,0.685889,0.755358,0.325707,0.048114,0.402301,0.266556,0.181938,0.789563,0.721548,0.510762,0.762185,0.376245,0.364758,0.078220,0.923342,0.825180,0.714453,0.182629,0.463157,0.756439,0.300943,0.934944,0.289234,0.498248,0.721285,0.532594,0.572966,0.011007],
[0.057697,0.225355,0.363637,0.743586,0.980714,0.689344,0.791700,0.383015,0.955900,0.973638,0.172577,0.677449,0.484400,0.934762,0.053694,0.849159,0.012982,0.977036,0.674338,0.727435,0.159665,0.137495,0.483874,0.460608,0.072440,0.773108,0.958856,0.793725,0.305702,0.531822,0.804732,0.363399,0.757177,0.168369,0.106984,0.737891,0.857713,0.898684,0.120906,0.813613],
[0.872322,0.293483,0.491061,0.356722,0.228244,0.544755,0.205881,0.241226,0.521792,0.880219,0.968661,0.681457,0.017715,0.452535,0.142064,0.090154,0.225643,0.100921,0.883879,0.531345,0.632743,0.688611,0.894744,0.389920,0.856980,0.001728,0.127811,0.714693,0.900412,0.248717,0.528306,0.772734,0.542199,0.019367,0.129456,0.770443,0.564122,0.335337,0.011670,0.085914],
[0.215557,0.980331,0.767371,0.233271,0.432866,0.909435,0.323425,0.658508,0.010356,0.207304,0.189853,0.643098,0.895915,0.084597,0.033018,0.752895,0.086325,0.160829,0.467588,0.986737,0.409546,0.995894,0.759471,0.951745,0.015260,0.888927,0.722188,0.579383,0.224264,0.733858,0.665297,0.439821,0.714189,0.432667,0.673092,0.147055,0.342102,0.996518,0.805563,0.352458],
[0.203822,0.995416,0.995556,0.099737,0.080013,0.028575,0.852633,0.166338,0.189404,0.320221,0.153074,0.598950,0.316114,0.912545,0.550695,0.331375,0.801472,0.272883,0.910758,0.025736,0.006741,0.576054,0.465557,0.720930,0.008721,0.138650,0.867985,0.350824,0.135167,0.673548,0.703282,0.338989,0.668964,0.698838,0.438727,0.748977,0.727413,0.291359,0.915315,0.916817],
[0.611580,0.068389,0.515766,0.927695,0.980934,0.066461,0.259070,0.782406,0.339344,0.169827,0.808142,0.346085,0.745881,0.273700,0.067015,0.754603,0.412349,0.935000,0.105426,0.547516,0.608548,0.808708,0.886505,0.277512,0.507546,0.325232,0.026489,0.234959,0.616592,0.941804,0.151776,0.228172,0.010192,0.667542,0.155867,0.991126,0.734003,0.414936,0.773531,0.073347],
[0.584763,0.581674,0.419432,0.330645,0.855373,0.486448,0.085247,0.267722,0.421448,0.190673,0.815239,0.029996,0.999382,0.701744,0.307508,0.506928,0.026976,0.333998,0.741887,0.643568,0.275801,0.893663,0.871740,0.285994,0.561205,0.027606,0.277120,0.295209,0.442543,0.050651,0.368556,0.027306,0.632325,0.787989,0.357951,0.487698,0.274436,0.443198,0.755420,0.695884],
[0.633871,0.570659,0.725880,0.633253,0.272403,0.033389,0.140181,0.299379,0.367386,0.882068,0.942946,0.643187,0.775731,0.814686,0.929181,0.336936,0.842292,0.206301,0.632145,0.284835,0.256952,0.000701,0.312141,0.889276,0.788689,0.670091,0.376974,0.063126,0.113289,0.132394,0.759010,0.747160,0.703053,0.484890,0.380413,0.975455,0.518279,0.520594,0.274834,0.885665],
[0.402661,0.217780,0.528853,0.178392,0.032467,0.458034,0.515328,0.874759,0.664334,0.147473,0.159594,0.921286,0.148174,0.471734,0.810562,0.936863,0.141826,0.187536,0.999989,0.255115,0.319931,0.758998,0.002275,0.022983,0.243889,0.382688,0.998438,0.762168,0.903282,0.273272,0.647833,0.305943,0.491053,0.176685,0.484335,0.523519,0.634719,0.999663,0.398278,0.299054],
[0.147135,0.557872,0.220340,0.295309,0.029607,0.030902,0.232172,0.171432,0.218439,0.232160,0.426547,0.538369,0.991159,0.428822,0.561352,0.235047,0.811510,0.559791,0.997215,0.714791,0.833063,0.645047,0.020734,0.324116,0.821733,0.505069,0.847635,0.456452,0.504732,0.245914,0.755506,0.651867,0.803786,0.975845,0.947176,0.833392,0.006748,0.179347,0.004825,0.225186],
[0.411507,0.431372,0.763555,0.402666,0.860194,0.324908,0.637713,0.671703,0.884698,0.634928,0.386495,0.717761,0.279975,0.407229,0.041877,0.101708,0.912298,0.889513,0.558160,0.417030,0.135426,0.313666,0.068896,0.939212,0.289511,0.016072,0.772605,0.296259,0.195419,0.777429,0.521445,0.606927,0.208801,0.285000,0.009593,0.068995,0.609908,0.647306,0.740698,0.494606],
[0.282234,0.127193,0.212367,0.562209,0.534422,0.254245,0.663917,0.446720,0.143757,0.222078,0.863750,0.279184,0.535744,0.932646,0.218396,0.825255,0.948718,0.991001,0.121514,0.144137,0.768430,0.642959,0.751064,0.977231,0.927960,0.760657,0.046226,0.537868,0.407963,0.786924,0.032474,0.690197,0.914116,0.244842,0.252406,0.448538,0.499086,0.916323,0.895258,0.642844],
[0.138401,0.759008,0.922027,0.674144,0.691654,0.140423,0.499400,0.640372,0.131424,0.620914,0.784510,0.899854,0.263873,0.535574,0.877085,0.191833,0.296231,0.923311,0.729701,0.704194,0.710234,0.762175,0.394390,0.624350,0.007017,0.646796,0.072889,0.506103,0.563119,0.968147,0.148946,0.701520,0.727155,0.070974,0.375664,0.418809,0.211397,0.875064,0.059182,0.342821],
[0.495978,0.843691,0.242675,0.759851,0.379265,0.119760,0.951684,0.675496,0.043071,0.681385,0.379690,0.753305,0.443560,0.774080,0.377656,0.450576,0.420876,0.450544,0.956679,0.983995,0.418692,0.105626,0.685515,0.145847,0.176599,0.061179,0.564656,0.387997,0.936243,0.623837,0.730818,0.432220,0.467529,0.973493,0.192071,0.846794,0.093254,0.143755,0.522291,0.136325],
[0.825139,0.901981,0.889630,0.268699,0.676061,0.267286,0.719275,0.096938,0.717830,0.675954,0.080933,0.136522,0.781580,0.766448,0.282368,0.958179,0.827627,0.847024,0.346176,0.763870,0.470862,0.076994,0.196090,0.938390,0.050487,0.388161,0.785185,0.143740,0.531915,0.307475,0.280065,0.357055,0.209456,0.169695,0.625754,0.885517,0.436980,0.345029,0.982455,0.154810],
[0.020983,0.063388,0.291332,0.802563,0.829836,0.573700,0.760742,0.657463,0.420724,0.106918,0.421332,0.891586,0.183912,0.617422,0.829976,0.234398,0.005583,0.615161,0.378139,0.537498,0.922636,0.658203,0.894552,0.132092,0.827898,0.520306,0.017610,0.264878,0.865335,0.000065,0.419689,0.886318,0.063453,0.711021,0.688881,0.893289,0.284721,0.449624,0.550752,0.705445],
[0.556542,0.972084,0.597031,0.740454,0.589506,0.427007,0.974852,0.595088,0.042167,0.352991,0.132586,0.964804,0.011195,0.027139,0.096896,0.839093,0.547445,0.114506,0.103971,0.412780,0.114570,0.523660,0.299098,0.178023,0.234680,0.987979,0.071312,0.519401,0.437603,0.622064,0.224846,0.994145,0.594147,0.821876,0.734599,0.183653,0.248883,0.709452,0.778742,0.291050],
[0.062443,0.911328,0.255854,0.073637,0.938466,0.352750,0.912730,0.485911,0.467255,0.016701,0.898690,0.581825,0.540360,0.197788,0.759849,0.775040,0.185767,0.831161,0.294441,0.623371,0.453225,0.519286,0.617516,0.047372,0.341163,0.352115,0.231025,0.590045,0.061567,0.009767,0.881096,0.124009,0.921095,0.136949,0.197647,0.859561,0.489699,0.110376,0.345471,0.956954],
[0.127077,0.244162,0.538780,0.667437,0.441950,0.298628,0.442478,0.627717,0.129789,0.736919,0.251088,0.583014,0.256205,0.868604,0.630386,0.597368,0.220719,0.861412,0.187413,0.282285,0.871179,0.068509,0.406295,0.792273,0.205458,0.603941,0.651834,0.695157,0.714318,0.997305,0.652111,0.841395,0.241467,0.190891,0.508832,0.683417,0.489519,0.951310,0.311134,0.619309],
[0.688228,0.562222,0.202323,0.944434,0.430826,0.832709,0.541801,0.651545,0.694121,0.729215,0.933830,0.565299,0.797723,0.340125,0.357572,0.003182,0.944066,0.009406,0.698339,0.658384,0.006711,0.350451,0.499779,0.248178,0.541342,0.008611,0.931595,0.030861,0.959921,0.242729,0.650170,0.648149,0.804951,0.852492,0.592583,0.235777,0.685202,0.134384,0.887322,0.379322],
[0.863599,0.821152,0.944621,0.661322,0.161276,0.302194,0.664504,0.105343,0.311600,0.362843,0.763726,0.318311,0.713294,0.263505,0.566489,0.254636,0.272116,0.498084,0.285496,0.232037,0.740813,0.935666,0.880187,0.545765,0.788159,0.472770,0.781542,0.473360,0.607154,0.668863,0.852682,0.470753,0.490015,0.797304,0.132076,0.651291,0.099498,0.796580,0.756633,0.411097],
[0.159423,0.520360,0.729408,0.872717,0.783865,0.295898,0.127353,0.055982,0.793982,0.412849,0.288019,0.534795,0.348516,0.168206,0.080560,0.136674,0.640976,0.862101,0.610034,0.248130,0.530964,0.462717,0.718883,0.020979,0.260021,0.850959,0.672270,0.359518,0.647539,0.428903,0.770616,0.806962,0.949263,0.500024,0.679679,0.733128,0.795921,0.807032,0.789110,0.589903],
[0.219881,0.077129,0.124698,0.568397,0.245334,0.205258,0.705071,0.886310,0.067359,0.315105,0.134440,0.598323,0.777822,0.853323,0.619302,0.037843,0.704281,0.291571,0.397361,0.351820,0.720474,0.167977,0.158782,0.669737,0.668001,0.838461,0.402866,0.463922,0.645493,0.191975,0.053825,0.865374,0.269104,0.178523,0.433771,0.514438,0.383781,0.138842,0.400748,0.451139],
[0.453947,0.535188,0.049462,0.231770,0.388510,0.668764,0.269612,0.092792,0.960335,0.666974,0.444612,0.680810,0.834950,0.603393,0.350547,0.502951,0.441854,0.753413,0.966873,0.087347,0.945388,0.020698,0.952721,0.214492,0.199221,0.386492,0.728930,0.583001,0.525334,0.129678,0.034141,0.979281,0.664866,0.083603,0.211051,0.053377,0.752367,0.480663,0.146168,0.712702],
[0.147637,0.590780,0.393512,0.982587,0.194173,0.744059,0.485538,0.636027,0.497471,0.452410,0.723374,0.442859,0.473108,0.676095,0.657351,0.672329,0.062587,0.386282,0.255330,0.587921,0.515960,0.289471,0.567202,0.180826,0.373074,0.778253,0.234203,0.125441,0.258917,0.380371,0.838143,0.406554,0.971151,0.231655,0.389141,0.165325,0.975714,0.874679,0.801352,0.473185],
[0.327089,0.524726,0.916045,0.800197,0.200821,0.573396,0.472526,0.263408,0.959678,0.727856,0.851329,0.475638,0.017327,0.418531,0.656464,0.390401,0.196784,0.890667,0.515842,0.455700,0.271038,0.353986,0.862254,0.242190,0.585641,0.251394,0.407514,0.561355,0.126073,0.208866,0.034540,0.453162,0.733592,0.950585,0.253359,0.934413,0.523981,0.725885,0.197821,0.483659],
[0.453741,0.049150,0.959297,0.471068,0.467681,0.615761,0.861469,0.664464,0.506428,0.377311,0.120164,0.777467,0.731296,0.982418,0.019657,0.316937,0.233813,0.427171,0.878292,0.359886,0.636037,0.912832,0.813048,0.369630,0.863417,0.066407,0.304043,0.387398,0.792291,0.501865,0.871057,0.246032,0.551015,0.830355,0.717100,0.018695,0.446116,0.578568,0.683159,0.952544],
[0.955879,0.803324,0.730011,0.687175,0.785742,0.749668,0.004112,0.019554,0.176839,0.882404,0.379440,0.812876,0.795236,0.192487,0.182506,0.658653,0.258894,0.486550,0.046052,0.051185,0.988414,0.917109,0.297217,0.539429,0.747464,0.014317,0.558124,0.193580,0.592885,0.241284,0.146124,0.548764,0.044607,0.876135,0.235940,0.830349,0.625803,0.240052,0.849904,0.802642],
[0.122457,0.229344,0.615519,0.917693,0.421831,0.798025,0.576346,0.680725,0.284574,0.622398,0.731910,0.272989,0.539507,0.029128,0.812418,0.286970,0.043445,0.370542,0.480550,0.636330,0.611826,0.626674,0.185095,0.656433,0.502809,0.421035,0.486782,0.128612,0.661087,0.336686,0.931254,0.783544,0.566030,0.546773,0.701236,0.987861,0.344798,0.277582,0.668586,0.629372],
[0.899980,0.400496,0.902361,0.439486,0.429624,0.714779,0.726457,0.473069,0.085321,0.207006,0.109399,0.697147,0.833680,0.294493,0.353580,0.336489,0.715528,0.840362,0.465101,0.376615,0.177048,0.396356,0.160158,0.743078,0.943129,0.861395,0.730938,0.287927,0.138977,0.399524,0.917299,0.038957,0.800020,0.819661,0.478443,0.229644,0.534440,0.204900,0.702712,0.619761],
[0.411906,0.812111,0.316908,0.245587,0.106605,0.670487,0.582076,0.822132,0.510849,0.047177,0.198747,0.687898,0.443533,0.358906,0.430975,0.386662,0.220300,0.161914,0.674589,0.359277,0.561438,0.591888,0.398234,0.361458,0.411549,0.876678,0.591102,0.945988,0.081578,0.293814,0.565749,0.493484,0.105925,0.882657,0.739071,0.212530,0.553144,0.321146,0.034662,0.063994],
[0.368323,0.233410,0.751891,0.811856,0.592315,0.182866,0.198518,0.812615,0.344780,0.873106,0.171893,0.906218,0.464995,0.570127,0.267675,0.876543,0.446804,0.858777,0.822532,0.528382,0.152591,0.388281,0.021866,0.258516,0.270938,0.760937,0.471046,0.824082,0.082084,0.505708,0.888075,0.450407,0.739118,0.639967,0.262263,0.331433,0.822833,0.460781,0.144048,0.167613],
[0.333887,0.315941,0.073831,0.798882,0.886068,0.341506,0.675425,0.332872,0.200283,0.497957,0.861255,0.352874,0.886237,0.883121,0.611390,0.157175,0.644058,0.082437,0.981257,0.726142,0.588145,0.869332,0.176549,0.327263,0.509299,0.438812,0.658696,0.332132,0.899592,0.802744,0.499745,0.233480,0.118685,0.573576,0.032361,0.004753,0.915082,0.707786,0.337625,0.115365]],
[[0.205743,0.198880,0.468239,0.091980,0.082001,0.079630,0.249155,0.726059,0.162066,0.230412,0.452201,0.750211,0.099744,0.628750,0.077474,0.609043,0.067561,0.736170,0.941175,0.967154,0.538914,0.440920,0.200633,0.657600,0.014495,0.232995,0.662353,0.929577,0.940781,0.999978,0.044943,0.146524,0.198858,0.513182,0.238504,0.280859,0.592812,0.487659,0.006919,0.754879],
[0.718071,0.459120,0.505090,0.817815,0.087869,0.582564,0.426858,0.155431,0.318734,0.368033,0.122584,0.857649,0.808953,0.323218,0.515248,0.823448,0.556212,0.177601,0.753026,0.496993,0.177580,0.797968,0.643517,0.376438,0.311150,0.882021,0.657297,0.903963,0.369680,0.664216,0.658841,0.087751,0.123336,0.163931,0.905567,0.211205,0.746495,0.332425,0.366636,0.065230],
[0.700458,0.489220,0.922878,0.509411,0.812438,0.438127,0.332860,0.368650,0.615728,0.085885,0.865643,0.793308,0.883854,0.509160,0.169745,0.195004,0.391181,0.827043,0.098967,0.760861,0.491258,0.757808,0.848612,0.614594,0.921739,0.754179,0.825799,0.668234,0.086604,0.192435,0.733464,0.787063,0.681655,0.656342,0.296474,0.494093,0.094469,0.629334,0.862743,0.710197],
[0.715219,0.728386,0.503504,0.599073,0.237546,0.673250,0.794077,0.628726,0.500292,0.893044,0.389587,0.991551,0.650851,0.238199,0.606145,0.572590,0.992377,0.431944,0.240825,0.078981,0.624379,0.974288,0.866044,0.306034,0.630630,0.162518,0.800127,0.725099,0.791851,0.662869,0.435295,0.507070,0.391255,0.938799,0.106143,0.628801,0.612049,0.900219,0.257527,0.112341],
[0.793263,0.647113,0.103892,0.444114,0.885312,0.710036,0.016705,0.877689,0.141980,0.257529,0.956671,0.766358,0.231818,0.822714,0.072392,0.862448,0.985232,0.872519,0.587547,0.777083,0.535388,0.022842,0.284154,0.926643,0.961642,0.390296,0.555444,0.573691,0.290516,0.812971,0.686032,0.083779,0.460084,0.789923,0.527893,0.345396,0.499960,0.544598,0.223085,0.641939],
[0.802127,0.179756,0.408298,0.033945,0.002470,0.480690,0.896393,0.987702,0.353208,0.483940,0.764786,0.888596,0.506782,0.048939,0.815239,0.468424,0.439235,0.370683,0.042114,0.729751,0.183654,0.728146,0.813530,0.643738,0.518069,0.341423,0.989134,0.018029,0.886020,0.212219,0.659968,0.688148,0.391975,0.068266,0.722092,0.394445,0.548956,0.618485,0.382147,0.902164],
[0.102425,0.146933,0.790760,0.609207,0.195872,0.605999,0.077630,0.635107,0.976683,0.119744,0.364858,0.160337,0.847890,0.178388,0.804074,0.365960,0.519810,0.793208,0.383989,0.405831,0.005428,0.043957,0.093978,0.397403,0.112223,0.816071,0.791848,0.661178,0.434556,0.173995,0.563342,0.536981,0.320927,0.354102,0.146187,0.516799,0.960102,0.223818,0.151906,0.936784],
[0.343562,0.516764,0.097121,0.191452,0.695152,0.901195,0.557412,0.214962,0.694404,0.941400,0.620792,0.699831,0.985357,0.714771,0.097234,0.097580,0.530841,0.889081,0.758758,0.965397,0.063076,0.322100,0.502378,0.384004,0.676202,0.648565,0.900803,0.636304,0.872383,0.052709,0.573088,0.215944,0.569473,0.670209,0.407397,0.264625,0.571404,0.964809,0.479587,0.265807],
[0.906209,0.100379,0.965639,0.891566,0.815150,0.062872,0.989146,0.345991,0.951954,0.747904,0.311388,0.015030,0.070004,0.813765,0.399034,0.746207,0.462330,0.299836,0.382511,0.334713,0.352545,0.955599,0.550657,0.922019,0.625808,0.958054,0.186644,0.197211,0.922863,0.666230,0.463019,0.829072,0.766610,0.428657,0.720638,0.581759,0.491530,0.709784,0.927750,0.443483],
[0.457688,0.239138,0.458513,0.527692,0.052904,0.857547,0.273899,0.515234,0.157383,0.656410,0.849947,0.509929,0.612009,0.400604,0.431948,0.237817,0.358658,0.618591,0.435028,0.281521,0.284821,0.898047,0.110593,0.051431,0.326704,0.831230,0.633190,0.818234,0.541014,0.560941,0.261717,0.998702,0.800079,0.720230,0.526395,0.852982,0.577777,0.800294,0.368216,0.735161],
[0.456704,0.218163,0.245090,0.068713,0.618767,0.677037,0.306530,0.977425,0.295628,0.741557,0.258946,0.580450,0.639604,0.369539,0.631881,0.966308,0.200769,0.265071,0.784541,0.741784,0.826012,0.046258,0.740486,0.626090,0.766489,0.266880,0.479073,0.344266,0.067174,0.847289,0.079427,0.523878,0.065452,0.324517,0.592592,0.684220,0.001554,0.899121,0.661645,0.297182],
[0.640678,0.920591,0.877632,0.280282,0.290130,0.509512,0.246590,0.490900,0.774583,0.031132,0.232683,0.600595,0.077390,0.973169,0.226686,0.843879,0.240049,0.705758,0.188145,0.307224,0.553048,0.267572,0.831102,0.618500,0.592089,0.423694,0.302720,0.593643,0.322815,0.964365,0.890825,0.963493,0.884956,0.768457,0.243776,0.175086,0.277969,0.490366,0.665986,0.052552],
[0.521497,0.898669,0.653147,0.598887,0.871838,0.879833,0.442766,0.111887,0.585591,0.630911,0.419111,0.138639,0.898483,0.250213,0.757139,0.490572,0.673907,0.059859,0.084215,0.996721,0.024223,0.975040,0.960215,0.909180,0.743497,0.203990,0.084266,0.021466,0.694356,0.750252,0.074018,0.215853,0.648921,0.727166,0.814740,0.520759,0.606999,0.257507,0.632646,0.192590],
[0.888418,0.051757,0.331229,0.786901,0.301970,0.088368,0.277474,0.975877,0.148227,0.361689,0.972598,0.172450,0.336729,0.932813,0.081630,0.080226,0.136803,0.165896,0.101691,0.831159,0.916148,0.175710,0.047012,0.565070,0.902876,0.861752,0.085829,0.509874,0.119259,0.718475,0.702465,0.007676,0.770232,0.033694,0.794578,0.072202,0.122062,0.072051,0.048079,0.270289],
[0.433740,0.020677,0.442740,0.770469,0.953490,0.524370,0.850694,0.090293,0.690266,0.952386,0.921451,0.606415,0.128096,0.968463,0.171484,0.030971,0.830215,0.257313,0.540846,0.949474,0.975788,0.243310,0.957150,0.746020,0.277004,0.751728,0.818223,0.399066,0.823779,0.866302,0.669356,0.257519,0.886979,0.112095,0.027987,0.840469,0.636465,0.878682,0.930762,0.326731],
[0.831068,0.852213,0.933146,0.959163,0.820676,0.104630,0.990134,0.650891,0.361944,0.530980,0.600365,0.337732,0.774290,0.557515,0.083752,0.051295,0.309243,0.901975,0.450361,0.133022,0.768277,0.119717,0.390541,0.655256,0.231812,0.418528,0.495725,0.868277,0.297210,0.426487,0.195009,0.128277,0.278701,0.128155,0.087440,0.099377,0.232785,0.077575,0.750268,0.594729],
[0.608555,0.350633,0.932461,0.382845,0.908149,0.016213,0.434140,0.217392,0.918188,0.884501,0.350414,0.686465,0.004217,0.740954,0.341721,0.236030,0.159482,0.837446,0.104307,0.456692,0.263933,0.299316,0.584969,0.542634,0.427471,0.672409,0.642010,0.660256,0.749984,0.392279,0.254985,0.358539,0.742912,0.187446,0.741384,0.651061,0.203659,0.175523,0.868453,0.121847],
[0.060024,0.218866,0.808312,0.064242,0.959820,0.150032,0.300271,0.119302,0.987478,0.404578,0.575994,0.251412,0.703894,0.160963,0.794045,0.131365,0.833372,0.436056,0.791622,0.583356,0.828334,0.046607,0.941895,0.571247,0.234054,0.683279,0.222308,0.437713,0.858802,0.090760,0.559560,0.918826,0.309627,0.367872,0.983068,0.269447,0.517904,0.283339,0.388749,0.505382],
[0.687918,0.964743,0.756794,0.391812,0.125706,0.550839,0.523178,0.959079,0.986895,0.314799,0.542435,0.815229,0.361407,0.484330,0.386476,0.595461,0.167608,0.608784,0.033173,0.026410,0.699544,0.592733,0.945237,0.009171,0.960605,0.928305,0.278618,0.478509,0.211644,0.667367,0.983891,0.899562,0.632111,0.740685,0.291374,0.757817,0.291525,0.814552,0.716896,0.278419],
[0.129351,0.259331,0.093649,0.490758,0.743660,0.480125,0.086219,0.911269,0.088908,0.119392,0.937679,0.788452,0.712125,0.882916,0.797623,0.672730,0.811221,0.076241,0.151239,0.022865,0.743608,0.135130,0.922427,0.375719,0.875816,0.213801,0.133536,0.167340,0.028353,0.850432,0.445760,0.157704,0.109763,0.539409,0.648462,0.853423,0.019533,0.734680,0.764692,0.108442],
[0.854072,0.702371,0.896894,0.566198,0.585286,0.694517,0.238928,0.396507,0.770759,0.390167,0.419372,0.514367,0.525297,0.341799,0.890086,0.401113,0.555599,0.023623,0.568453,0.583952,0.874055,0.014213,0.741656,0.983818,0.553622,0.390118,0.837241,0.573155,0.124798,0.601932,0.681597,0.978871,0.304303,0.578491,0.545068,0.889589,0.273008,0.783996,0.286096,0.043767],
[0.174162,0.705468,0.558134,0.699459,0.047267,0.448220,0.100572,0.602866,0.471842,0.669025,0.186818,0.345897,0.683238,0.928474,0.329715,0.236860,0.318592,0.166956,0.810015,0.443390,0.768888,0.491612,0.422261,0.073191,0.070102,0.967329,0.962781,0.343110,0.751325,0.248877,0.386877,0.925487,0.954345,0.945011,0.624947,0.001612,0.393231,0.725519,0.604478,0.865073],
[0.394544,0.791296,0.210970,0.077782,0.719771,0.540685,0.314642,0.038363,0.707641,0.124657,0.481753,0.476529,0.616268,0.904014,0.549721,0.686371,0.871343,0.512502,0.029481,0.622668,0.761379,0.416359,0.548155,0.715724,0.361369,0.173102,0.717336,0.754600,0.898621,0.321814,0.619674,0.293164,0.113111,0.830644,0.370946,0.832881,0.371329,0.685589,0.871244,0.078971],
[0.810246,0.352997,0.555500,0.426514,0.257011,0.105221,0.112885,0.128354,0.617723,0.142366,0.751022,0.379102,0.558725,0.299178,0.094826,0.920094,0.472280,0.812162,0.674694,0.370900,0.133976,0.294368,0.664064,0.247087,0.125012,0.035011,0.079968,0.496341,0.720599,0.951212,0.575312,0.530845,0.304209,0.130812,0.957359,0.561220,0.236033,0.070244,0.689574,0.853756],
[0.212610,0.440596,0.232857,0.771334,0.739774,0.327683,0.691428,0.212054,0.139845,0.366123,0.582954,0.273821,0.660490,0.247018,0.520907,0.785502,0.282029,0.600875,0.281843,0.002628,0.552087,0.857155,0.533473,0.856296,0.987967,0.490832,0.417516,0.224000,0.561076,0.107090,0.077756,0.773686,0.547686,0.310613,0.545020,0.287460,0.638296,0.236448,0.499514,0.778141],
[0.602571,0.082468,0.051962,0.263061,0.329486,0.572869,0.048563,0.611514,0.173745,0.330407,0.614143,0.725832,0.187562,0.147616,0.582128,0.175529,0.638448,0.999644,0.399530,0.199524,0.106734,0.477286,0.973210,0.654420,0.787899,0.518230,0.941881,0.426195,0.754678,0.441395,0.204336,0.357249,0.523862,0.256298,0.620310,0.853348,0.829168,0.668873,0.464862,0.002912],
[0.999280,0.079005,0.728744,0.186841,0.226621,0.310872,0.362371,0.865069,0.310515,0.761900,0.064593,0.417249,0.239186,0.037803,0.071670,0.027085,0.556033,0.013551,0.453281,0.310711,0.454946,0.657617,0.667960,0.978808,0.913916,0.288270,0.832156,0.743083,0.957143,0.297018,0.745995,0.956423,0.376023,0.474739,0.143264,0.602644,0.785611,0.505635,0.467713,0.096126],
[0.267535,0.532307,0.513375,0.506721,0.570110,0.585045,0.533807,0.126143,0.598596,0.987088,0.436855,0.053541,0.644705,0.104815,0.032349,0.558621,0.393085,0.864505,0.301704,0.350228,0.161523,0.047699,0.306651,0.537546,0.522438,0.449915,0.140190,0.308049,0.955549,0.607904,0.404175,0.223085,0.140210,0.917550,0.729806,0.710321,0.502596,0.263613,0.836464,0.101192],
[0.250701,0.273319,0.154733,0.895406,0.378134,0.187083,0.454027,0.771219,0.051588,0.755731,0.121447,0.213111,0.803430,0.428098,0.750658,0.325868,0.878012,0.890848,0.633917,0.833561,0.498752,0.038092,0.056646,0.638962,0.955643,0.786452,0.349283,0.458238,0.050065,0.185747,0.559430,0.300765,0.459066,0.714163,0.196171,0.837199,0.901246,0.650198,0.608418,0.952834],
[0.405929,0.729865,0.165945,0.209358,0.157963,0.916603,0.535227,0.035975,0.807451,0.169144,0.869536,0.306202,0.207236,0.926182,0.945165,0.162878,0.712634,0.294447,0.621117,0.762699,0.480194,0.180547,0.063464,0.939260,0.894710,0.259636,0.776459,0.795956,0.909834,0.384877,0.748789,0.315762,0.114743,0.914734,0.525121,0.272705,0.831337,0.060347,0.308680,0.638787],
[0.229491,0.178216,0.944990,0.436727,0.104399,0.890154,0.599605,0.817033,0.184602,0.220722,0.579732,0.664796,0.401268,0.643196,0.604056,0.295978,0.902832,0.380515,0.091934,0.812666,0.765392,0.840723,0.128428,0.880135,0.755457,0.653549,0.152840,0.586794,0.713896,0.461520,0.225581,0.943387,0.639736,0.170571,0.380114,0.744135,0.060725,0.979719,0.561168,0.245327],
[0.200440,0.140899,0.910123,0.601709,0.784096,0.514179,0.897687,0.686927,0.894694,0.989620,0.499593,0.660086,0.830343,0.628021,0.540221,0.585800,0.281569,0.693061,0.172594,0.995465,0.154581,0.398175,0.938852,0.794317,0.568746,0.318966,0.538452,0.629472,0.298684,0.099620,0.874799,0.499125,0.240519,0.784922,0.100833,0.024615,0.299101,0.998520,0.711542,0.193795],
[0.988141,0.211135,0.853881,0.818484,0.839156,0.394102,0.404284,0.120725,0.087163,0.576879,0.116190,0.241743,0.975054,0.055042,0.036060,0.543800,0.374008,0.574512,0.173272,0.672692,0.674132,0.048070,0.171817,0.914652,0.832993,0.272651,0.939266,0.132094,0.271171,0.650808,0.325889,0.259312,0.861944,0.179770,0.077796,0.701099,0.573872,0.482080,0.821825,0.661035],
[0.058959,0.938015,0.902778,0.034013,0.993057,0.938838,0.577812,0.367065,0.513351,0.751084,0.039757,0.187483,0.799154,0.211574,0.102135,0.632147,0.484225,0.041401,0.764241,0.755396,0.692209,0.090130,0.014707,0.554153,0.269900,0.092503,0.255252,0.843773,0.574583,0.077077,0.504808,0.633542,0.015092,0.407586,0.667554,0.008149,0.346424,0.245367,0.375214,0.859775],
[0.996451,0.414971,0.047258,0.795605,0.626545,0.149393,0.427752,0.110770,0.190794,0.191993,0.866166,0.883003,0.282123,0.880873,0.437156,0.552023,0.973376,0.692409,0.395796,0.547959,0.769486,0.900603,0.181501,0.784577,0.308189,0.849055,0.792726,0.654613,0.094421,0.167940,0.514388,0.090872,0.582911,0.561646,0.886477,0.209456,0.711039,0.314229,0.320226,0.901833],
[0.506221,0.186392,0.784836,0.788344,0.067265,0.221993,0.340367,0.040641,0.914402,0.736163,0.588600,0.683887,0.636766,0.770101,0.468465,0.944955,0.619156,0.261191,0.599568,0.713577,0.429130,0.113956,0.804449,0.012041,0.675603,0.690926,0.221498,0.386642,0.005154,0.541724,0.288475,0.511376,0.728116,0.073311,0.299720,0.795382,0.295304,0.640087,0.836023,0.209706],
[0.376250,0.424624,0.893593,0.013017,0.194724,0.362057,0.957972,0.813880,0.623248,0.557540,0.527457,0.052378,0.671497,0.331906,0.064420,0.347099,0.022831,0.285917,0.733741,0.027986,0.827641,0.022216,0.539362,0.555758,0.095527,0.839082,0.351139,0.390831,0.479169,0.187162,0.600537,0.855419,0.611786,0.494129,0.868436,0.806510,0.856187,0.826408,0.620391,0.479435],
[0.383948,0.147847,0.531813,0.055445,0.479753,0.596233,0.402544,0.502585,0.882150,0.136285,0.530570,0.709791,0.158501,0.069932,0.265549,0.254028,0.909013,0.616688,0.644859,0.388182,0.803851,0.245396,0.243601,0.415637,0.739525,0.112037,0.222147,0.595712,0.938444,0.842538,0.075146,0.322392,0.990385,0.606959,0.377837,0.470138,0.203192,0.780381,0.972723,0.085342],
[0.916666,0.503293,0.795134,0.075167,0.573225,0.060683,0.329195,0.482239,0.677371,0.974054,0.870421,0.481222,0.219450,0.114022,0.896858,0.958975,0.226059,0.119006,0.554687,0.164503,0.961543,0.629833,0.486896,0.951928,0.236792,0.864733,0.422067,0.439985,0.645114,0.394790,0.525327,0.561780,0.898083,0.320461,0.636948,0.471308,0.381144,0.966143,0.953546,0.058515],
[0.940198,0.823967,0.539736,0.159648,0.937989,0.436595,0.118623,0.164048,0.555601,0.673309,0.328551,0.517144,0.303142,0.815447,0.469072,0.539934,0.680180,0.891139,0.979919,0.325294,0.285929,0.505246,0.887074,0.184011,0.825707,0.524021,0.655319,0.206851,0.490165,0.608865,0.265365,0.430362,0.432832,0.805102,0.590010,0.370821,0.241697,0.708632,0.534869,0.797297]],
[[0.381942,0.863420,0.314441,0.685084,0.678867,0.783514,0.225018,0.359047,0.674653,0.204937,0.684341,0.960581,0.710183,0.571415,0.144592,0.535890,0.095436,0.799911,0.742741,0.585601,0.408776,0.008107,0.015963,0.841608,0.813209,0.605973,0.212429,0.054905,0.314605,0.747298,0.852203,0.696547,0.610718,0.166644,0.381631,0.289586,0.950158,0.606649,0.648633,0.624810],
[0.811586,0.332974,0.585392,0.521770,0.904389,0.729984,0.057660,0.999825,0.529895,0.800401,0.585426,0.938671,0.808508,0.601389,0.780279,0.621716,0.207362,0.992708,0.676622,0.521967,0.740006,0.528825,0.218514,0.350725,0.695469,0.600145,0.640310,0.645627,0.206794,0.288943,0.270437,0.018381,0.621917,0.855829,0.540151,0.526306,0.585813,0.597811,0.526131,0.115708],
[0.398212,0.111557,0.054379,0.206720,0.712946,0.834659,0.828436,0.920308,0.827367,0.505058,0.442276,0.567373,0.033883,0.660790,0.918098,0.729352,0.260935,0.558408,0.374979,0.467729,0.847351,0.645416,0.486110,0.469269,0.501245,0.026260,0.995575,0.087058,0.624071,0.521706,0.202766,0.022283,0.633264,0.257145,0.229003,0.346210,0.091804,0.057440,0.266518,0.919171],
[0.562498,0.708794,0.486545,0.596381,0.369584,0.404643,0.325733,0.630519,0.963051,0.700712,0.098248,0.810402,0.346128,0.584358,0.279671,0.847373,0.610619,0.275246,0.934431,0.234690,0.796952,0.137197,0.256973,0.430216,0.394343,0.485977,0.776426,0.486147,0.543416,0.042944,0.405318,0.105914,0.751738,0.891863,0.702295,0.121322,0.296506,0.028029,0.751841,0.259556],
[0.728741,0.850089,0.069959,0.074869,0.434447,0.349630,0.922242,0.045065,0.624876,0.856673,0.279755,0.421828,0.993870,0.536728,0.852044,0.388212,0.022705,0.628470,0.874359,0.566121,0.671414,0.279677,0.672035,0.423152,0.171540,0.374331,0.544473,0.468046,0.402359,0.296314,0.727602,0.131100,0.146402,0.797561,0.205969,0.580849,0.147190,0.128210,0.625914,0.772066],
[0.984883,0.905669,0.193894,0.978753,0.442397,0.045938,0.366965,0.465102,0.674408,0.241324,0.031223,0.345821,0.521001,0.703258,0.768973,0.692541,0.077589,0.313446,0.160587,0.479948,0.609760,0.888189,0.611048,0.756163,0.685750,0.817017,0.337012,0.832940,0.945227,0.962926,0.605006,0.930110,0.868595,0.798900,0.908863,0.310993,0.844838,0.275828,0.776095,0.519245],
[0.517152,0.807318,0.865067,0.038153,0.510576,0.634039,0.730695,0.588165,0.947486,0.891282,0.068113,0.557246,0.779471,0.679162,0.313408,0.465220,0.496179,0.650420,0.298160,0.441406,0.613346,0.903166,0.371516,0.481942,0.702066,0.280378,0.792934,0.546904,0.556206,0.569029,0.066149,0.073358,0.376347,0.931215,0.111511,0.886923,0.565255,0.842205,0.475088,0.512740],
[0.733487,0.543201,0.069986,0.512958,0.222363,0.383395,0.978178,0.718541,0.033815,0.276338,0.159947,0.647161,0.179504,0.531463,0.129102,0.881570,0.811841,0.922037,0.428474,0.368047,0.491066,0.494622,0.441405,0.867412,0.425838,0.552915,0.754335,0.991092,0.395121,0.229423,0.503833,0.128607,0.772624,0.573819,0.641565,0.994987,0.957213,0.619743,0.713528,0.991028],
[0.896081,0.873476,0.638189,0.075585,0.404938,0.767291,0.957155,0.216779,0.689328,0.385629,0.584826,0.180393,0.880251,0.026231,0.047806,0.306089,0.579146,0.802141,0.297181,0.974267,0.031564,0.801014,0.102874,0.804188,0.374833,0.744439,0.799175,0.332046,0.364182,0.512704,0.323074,0.260263,0.386179,0.961263,0.335848,0.791117,0.728554,0.293004,0.007897,0.417882],
[0.678632,0.592723,0.598275,0.558883,0.618954,0.646080,0.864972,0.198100,0.448221,0.162153,0.172367,0.479785,0.963167,0.275241,0.283973,0.337999,0.019680,0.083148,0.670046,0.383862,0.595852,0.993120,0.644125,0.982031,0.954383,0.979974,0.773148,0.682937,0.272977,0.781045,0.100818,0.951610,0.373767,0.699093,0.510493,0.992721,0.345174,0.375465,0.190821,0.793395],
[0.537617,0.363187,0.273180,0.500784,0.638428,0.557153,0.838784,0.658108,0.640301,0.508829,0.041970,0.236153,0.501949,0.686096,0.218184,0.456332,0.666069,0.991332,0.139269,0.939047,0.772376,0.240087,0.890656,0.146144,0.939180,0.401149,0.138865,0.284354,0.776614,0.329686,0.077749,0.314231,0.692873,0.350929,0.815015,0.331301,0.908082,0.653799,0.989409,0.548383],
[0.162628,0.031379,0.784536,0.664577,0.717475,0.002720,0.120909,0.383545,0.994052,0.260177,0.322591,0.766428,0.500264,0.213248,0.912572,0.439445,0.614397,0.051437,0.723799,0.391011,0.381122,0.801547,0.705242,0.073995,0.152476,0.520258,0.405296,0.060558,0.174057,0.394705,0.608941,0.336685,0.426085,0.393477,0.001262,0.143560,0.396197,0.122171,0.527105,0.390249],
[0.382349,0.849696,0.156677,0.882613,0.062944,0.069249,0.322058,0.677341,0.120685,0.045856,0.068352,0.501808,0.847403,0.773594,0.575803,0.999879,0.293852,0.981099,0.060437,0.467909,0.375804,0.669378,0.804594,0.801889,0.062856,0.805856,0.945449,0.459053,0.928027,0.472553,0.849301,0.310376,0.322249,0.005978,0.192989,0.385193,0.075227,0.515046,0.062534,0.195912],
[0.560902,0.130886,0.697720,0.408306,0.904481,0.273522,0.408185,0.198333,0.254621,0.468622,0.666241,0.630425,0.138001,0.470835,0.432314,0.200856,0.276691,0.377763,0.659909,0.204718,0.850316,0.509210,0.515094,0.172566,0.515188,0.708083,0.557759,0.590415,0.223129,0.620293,0.786327,0.784031,0.751180,0.484046,0.192337,0.655660,0.757569,0.600522,0.853993,0.012190],
[0.069144,0.520234,0.642615,0.207145,0.991069,0.074929,0.408001,0.267760,0.452692,0.067910,0.472479,0.303008,0.577120,0.987573,0.475573,0.092308,0.695655,0.033332,0.682722,0.918784,0.653626,0.469049,0.702815,0.404805,0.953095,0.895152,0.060466,0.710664,0.495673,0.914459,0.722854,0.564817,0.434693,0.365469,0.771962,0.425763,0.440398,0.179963,0.693523,0.893089],
[0.247873,0.166002,0.196097,0.824993,0.153574,0.671670,0.917301,0.849230,0.705003,0.600023,0.768014,0.358628,0.069072,0.470829,0.763434,0.022168,0.365980,0.823899,0.732832,0.861653,0.738358,0.455686,0.426470,0.173052,0.821154,0.198432,0.598814,0.261552,0.378395,0.292337,0.154641,0.626268,0.458339,0.350739,0.451261,0.611913,0.022409,0.368561,0.461143,0.727412],
[0.968584,0.229156,0.086040,0.037656,0.699985,0.849473,0.059824,0.065965,0.673373,0.792656,0.927618,0.411731,0.248341,0.354088,0.584783,0.069496,0.552521,0.183597,0.331048,0.930916,0.475934,0.485689,0.557183,0.934273,0.836428,0.008444,0.546186,0.858837,0.377005,0.007328,0.586249,0.345589,0.236485,0.672289,0.383245,0.936469,0.521762,0.443070,0.002434,0.195135],
[0.235725,0.930053,0.606866,0.484067,0.284141,0.191649,0.553563,0.836662,0.375245,0.884611,0.767577,0.851179,0.370300,0.324760,0.785452,0.206728,0.333204,0.331638,0.065565,0.710209,0.338966,0.651814,0.055799,0.575451,0.324103,0.439044,0.511920,0.845865,0.882114,0.514355,0.040999,0.117839,0.444407,0.647865,0.601906,0.728548,0.839514,0.155468,0.565210,0.214759],
[0.040079,0.332787,0.065938,0.410379,0.657547,0.851390,0.617108,0.990752,0.183028,0.682673,0.700961,0.521994,0.334487,0.756760,0.097445,0.658590,0.195804,0.609366,0.504455,0.077917,0.123720,0.545454,0.195756,0.568128,0.193319,0.797662,0.296676,0.032833,0.953130,0.861886,0.247592,0.993210,0.194673,0.313530,0.403589,0.852220,0.164920,0.020697,0.842972,0.347948],
[0.703370,0.543933,0.869942,0.037858,0.300693,0.967387,0.696448,0.496496,0.576753,0.200902,0.574414,0.700473,0.746356,0.770170,0.268601,0.939675,0.567832,0.565277,0.972508,0.520962,0.427162,0.220099,0.514172,0.621835,0.533629,0.917761,0.474055,0.698549,0.938458,0.317027,0.046497,0.641828,0.860960,0.916440,0.679686,0.161652,0.883827,0.376133,0.658149,0.460580],
[0.577035,0.232563,0.161053,0.323391,0.002733,0.429654,0.263066,0.570565,0.994931,0.235574,0.091527,0.422093,0.455673,0.605699,0.043928,0.989302,0.523460,0.517983,0.687851,0.461918,0.835010,0.734349,0.103746,0.695970,0.650788,0.783432,0.857622,0.534615,0.159565,0.515771,0.995195,0.736601,0.748333,0.156248,0.059992,0.751066,0.585902,0.323058,0.321631,0.580833],
[0.558632,0.413158,0.002926,0.014305,0.018858,0.046855,0.003607,0.542318,0.564838,0.691458,0.004236,0.399848,0.425807,0.107982,0.095817,0.076595,0.891414,0.953439,0.611210,0.050980,0.469210,0.606405,0.787580,0.217544,0.762653,0.847572,0.968610,0.348555,0.170630,0.290241,0.929388,0.729262,0.703399,0.932315,0.743567,0.722257,0.979169,0.747175,0.264574,0.544007],
[0.438633,0.268810,0.943855,0.864440,0.376793,0.039672,0.941035,0.268207,0.993112,0.552245,0.319187,0.462322,0.158650,0.106767,0.679865,0.921303,0.954339,0.648475,0.269859,0.124969,0.938716,0.199247,0.854231,0.642115,0.131562,0.597799,0.364372,0.110731,0.344973,0.628946,0.654738,0.783606,0.897756,0.598593,0.648046,0.274549,0.638265,0.589081,0.542756,0.631377],
[0.141326,0.861943,0.093699,0.299976,0.968710,0.773564,0.221280,0.923049,0.422039,0.491138,0.048018,0.360755,0.690385,0.902249,0.002870,0.821947,0.500047,0.367242,0.932678,0.845020,0.996188,0.587415,0.628627,0.893944,0.186008,0.276673,0.168493,0.824273,0.865754,0.711250,0.455650,0.007080,0.573193,0.549349,0.307057,0.541903,0.322913,0.528336,0.464952,0.744952],
[0.019475,0.512969,0.105708,0.709860,0.415218,0.108578,0.531807,0.915266,0.475819,0.464484,0.760286,0.472007,0.051900,0.388913,0.365951,0.237908,0.665585,0.534445,0.062181,0.531339,0.245694,0.517832,0.538420,0.818887,0.067181,0.845476,0.360790,0.390094,0.373813,0.825742,0.135046,0.393288,0.338712,0.240754,0.103147,0.753930,0.349332,0.634954,0.669195,0.825151],
[0.099438,0.429481,0.297158,0.151338,0.818394,0.663109,0.389246,0.483979,0.197554,0.451427,0.015318,0.443248,0.969258,0.553738,0.262135,0.036439,0.399214,0.622926,0.426533,0.773027,0.448668,0.561580,0.166315,0.787379,0.802333,0.269462,0.541309,0.151665,0.904416,0.210504,0.976816,0.003854,0.639985,0.273974,0.155192,0.458379,0.937083,0.544437,0.942358,0.134637],
[0.995864,0.957676,0.577885,0.965123,0.511414,0.840021,0.001562,0.910628,0.462946,0.428095,0.683655,0.911614,0.989675,0.849970,0.698994,0.792008,0.119432,0.240303,0.943673,0.023848,0.450807,0.920489,0.027702,0.090793,0.194463,0.182894,0.549172,0.131547,0.727332,0.491530,0.266184,0.723196,0.449206,0.844069,0.688319,0.960620,0.684089,0.689881,0.871249,0.147036],
[0.117976,0.554904,0.058650,0.107651,0.404874,0.757644,0.899659,0.524306,0.997947,0.843332,0.548154,0.448754,0.763822,0.575857,0.539547,0.958285,0.758751,0.088719,0.089832,0.486083,0.580249,0.356015,0.209279,0.029455,0.200084,0.897598,0.990076,0.884173,0.587479,0.861324,0.031209,0.705455,0.416228,0.089859,0.813106,0.821102,0.847503,0.712765,0.345409,0.845450],
[0.556097,0.893563,0.294204,0.319919,0.469420,0.833751,0.278204,0.228171,0.922470,0.368036,0.714253,0.502719,0.724051,0.923532,0.532174,0.924135,0.821130,0.522250,0.808308,0.408609,0.383574,0.839518,0.114064,0.799802,0.929377,0.927170,0.620905,0.776880,0.639935,0.966313,0.622330,0.196032,0.859876,0.916535,0.515951,0.329296,0.750286,0.794155,0.557466,0.672756],
[0.162190,0.271720,0.175475,0.886241,0.195252,0.707649,0.810376,0.016382,0.229899,0.618684,0.424991,0.613473,0.458202,0.539055,0.413275,0.387579,0.466224,0.034180,0.164459,0.106159,0.000493,0.786789,0.302191,0.860369,0.703324,0.818142,0.189665,0.453610,0.612297,0.747132,0.126366,0.774487,0.018851,0.301842,0.660728,0.214103,0.009491,0.471104,0.230485,0.239390],
[0.089788,0.655476,0.852863,0.547990,0.194531,0.266138,0.935569,0.660755,0.300318,0.100029,0.766914,0.300812,0.886818,0.069105,0.161181,0.590142,0.887247,0.350846,0.043752,0.499544,0.097978,0.170118,0.274031,0.116829,0.471960,0.934759,0.330933,0.481451,0.405863,0.561418,0.720841,0.495651,0.216894,0.573704,0.043642,0.411425,0.839843,0.979211,0.072180,0.140161],
[0.079240,0.839095,0.440973,0.966058,0.908200,0.602154,0.556200,0.795447,0.953001,0.599952,0.294991,0.050979,0.770070,0.569022,0.167808,0.242030,0.503781,0.498740,0.723481,0.909643,0.060158,0.444322,0.405295,0.277052,0.018026,0.448936,0.688477,0.857868,0.428147,0.760658,0.998029,0.507387,0.599752,0.439002,0.473444,0.507953,0.041156,0.029644,0.303400,0.994157],
[0.629596,0.598391,0.045136,0.399666,0.167413,0.212944,0.641695,0.671194,0.711684,0.365176,0.580838,0.771842,0.809498,0.986132,0.048894,0.827523,0.435068,0.737372,0.685392,0.863215,0.498029,0.683421,0.370602,0.097782,0.122423,0.844047,0.605734,0.163580,0.873691,0.909134,0.157737,0.503286,0.507526,0.202873,0.902952,0.674939,0.415816,0.544647,0.346133,0.127500],
[0.909823,0.926971,0.899342,0.719321,0.913103,0.948237,0.546844,0.348171,0.685609,0.232235,0.211387,0.183638,0.915657,0.581989,0.281420,0.038080,0.426036,0.887154,0.201660,0.299726,0.796288,0.359397,0.803012,0.303814,0.562269,0.705964,0.978753,0.978086,0.250611,0.324886,0.105586,0.160434,0.251857,0.004928,0.879755,0.164960,0.953165,0.426598,0.513131,0.638774],
[0.658834,0.724517,0.822412,0.574490,0.306506,0.103831,0.612570,0.732542,0.990985,0.814230,0.032268,0.787274,0.173627,0.835280,0.091087,0.735896,0.541244,0.069840,0.713982,0.791855,0.394726,0.819568,0.952289,0.646583,0.824496,0.832044,0.811543,0.777661,0.258642,0.324674,0.416435,0.917476,0.049191,0.238847,0.491967,0.355697,0.342678,0.104537,0.088239,0.333664],
[0.918767,0.120507,0.120937,0.092394,0.955787,0.212025,0.828291,0.497032,0.281865,0.542273,0.288887,0.676592,0.361841,0.241177,0.323175,0.186337,0.073221,0.134718,0.963998,0.331863,0.459392,0.380433,0.249339,0.508583,0.619280,0.741306,0.864280,0.961959,0.845843,0.952519,0.295622,0.764610,0.073026,0.416560,0.857005,0.028813,0.628584,0.685296,0.525845,0.910450],
[0.227568,0.814732,0.587041,0.589409,0.055909,0.910216,0.775746,0.129130,0.044934,0.739744,0.460993,0.504326,0.120177,0.710332,0.012908,0.739457,0.451638,0.877188,0.701416,0.297481,0.829707,0.997038,0.062092,0.902733,0.413598,0.919097,0.931547,0.042182,0.604392,0.457392,0.952632,0.831961,0.272124,0.539673,0.421369,0.328033,0.449889,0.197115,0.457163,0.494823],
[0.936859,0.918156,0.999149,0.057036,0.628488,0.012057,0.796493,0.080126,0.889245,0.497908,0.377607,0.718952,0.494946,0.439699,0.621685,0.908544,0.358796,0.553232,0.950726,0.963188,0.010624,0.903358,0.795149,0.282748,0.443031,0.216518,0.610781,0.892920,0.413633,0.067944,0.387743,0.350492,0.986100,0.386891,0.407527,0.614588,0.398948,0.204020,0.694714,0.288193],
[0.701928,0.072321,0.007146,0.196874,0.512020,0.628831,0.105418,0.870816,0.182063,0.056144,0.834005,0.192687,0.959502,0.629153,0.475435,0.402532,0.845671,0.086216,0.295452,0.259305,0.154160,0.683194,0.609796,0.140260,0.070086,0.017324,0.754848,0.469034,0.221344,0.449562,0.757228,0.923272,0.521883,0.764373,0.120146,0.033903,0.393204,0.225564,0.904720,0.575267],
[0.281708,0.738724,0.767954,0.241209,0.367878,0.243389,0.643741,0.213549,0.329605,0.939193,0.472854,0.483765,0.622387,0.082650,0.624026,0.692473,0.099974,0.378873,0.161507,0.321317,0.828435,0.918735,0.244589,0.350318,0.683108,0.364735,0.384221,0.076312,0.590298,0.288940,0.651580,0.872006,0.027664,0.419534,0.113215,0.395542,0.662923,0.756956,0.609091,0.992528]],
[[0.696149,0.081945,0.476293,0.318537,0.164595,0.100319,0.011010,0.264568,0.479192,0.172517,0.585886,0.307627,0.091252,0.830475,0.657945,0.774361,0.195209,0.042165,0.850673,0.785507,0.331106,0.502253,0.657513,0.358770,0.921786,0.770728,0.754312,0.584709,0.527684,0.363403,0.577237,0.223834,0.445348,0.053530,0.542370,0.609942,0.153849,0.553380,0.874511,0.633041],
[0.725898,0.460397,0.940668,0.817150,0.290871,0.598613,0.591511,0.486080,0.640779,0.442184,0.271587,0.971884,0.944437,0.929101,0.330654,0.866223,0.699829,0.084966,0.450932,0.227513,0.448369,0.028169,0.451347,0.893717,0.081700,0.993717,0.503660,0.235549,0.547097,0.378171,0.868590,0.272995,0.838567,0.809258,0.090145,0.129438,0.407872,0.681656,0.615518,0.048650],
[0.123840,0.887106,0.020534,0.068277,0.816206,0.351189,0.934500,0.516035,0.436155,0.385432,0.743548,0.884524,0.413601,0.194895,0.778242,0.495301,0.188612,0.281901,0.730850,0.735709,0.660072,0.599440,0.008704,0.498639,0.408698,0.098849,0.628077,0.816570,0.780506,0.243595,0.865220,0.904346,0.130701,0.885754,0.972623,0.946907,0.236943,0.907122,0.462942,0.673098],
[0.292555,0.206491,0.557622,0.706156,0.401385,0.335864,0.201457,0.589997,0.617765,0.932307,0.325706,0.277837,0.531746,0.334410,0.776476,0.940444,0.433259,0.404553,0.757014,0.213765,0.648148,0.622234,0.118111,0.778849,0.507988,0.090733,0.725756,0.744931,0.997856,0.188698,0.418028,0.290410,0.395189,0.975651,0.996566,0.796574,0.311514,0.198024,0.386571,0.929279],
[0.130330,0.712277,0.207116,0.662077,0.046687,0.983592,0.602521,0.479947,0.388144,0.359535,0.693711,0.036292,0.981769,0.811822,0.815141,0.489757,0.902555,0.540897,0.234688,0.900410,0.729595,0.652717,0.190821,0.124784,0.628367,0.187387,0.921358,0.939881,0.385411,0.307929,0.869160,0.515741,0.020206,0.076277,0.177818,0.066893,0.059868,0.780339,0.546840,0.448013],
[0.139874,0.240551,0.484305,0.121643,0.052373,0.299446,0.611400,0.954928,0.840343,0.846088,0.855338,0.569938,0.498805,0.046159,0.694721,0.127172,0.233546,0.616079,0.067053,0.618957,0.924008,0.936214,0.134698,0.944214,0.012490,0.312515,0.011107,0.072359,0.092854,0.557947,0.520371,0.232728,0.798498,0.004676,0.354371,0.850872,0.304122,0.965772,0.805800,0.144465],
[0.811860,0.661138,0.714403,0.310665,0.707297,0.409124,0.437837,0.940843,0.025203,0.504891,0.559800,0.949211,0.441104,0.694498,0.893425,0.453595,0.007013,0.904533,0.525953,0.099867,0.462480,0.046325,0.332595,0.260978,0.051001,0.686966,0.111850,0.355124,0.652738,0.917649,0.499589,0.464598,0.578787,0.213991,0.775263,0.286084,0.623115,0.213101,0.226928,0.648318],
[0.717991,0.786728,0.597530,0.159095,0.481226,0.490955,0.612690,0.488238,0.395487,0.138643,0.588105,0.857967,0.184968,0.920700,0.118945,0.235969,0.607666,0.230795,0.591093,0.260404,0.148444,0.090681,0.725002,0.727232,0.304673,0.500266,0.013316,0.927788,0.713366,0.240244,0.576107,0.431357,0.026972,0.173636,0.590453,0.508197,0.664591,0.203143,0.996436,0.060078],
[0.341786,0.584541,0.918045,0.526754,0.505241,0.036990,0.762723,0.112907,0.267785,0.353816,0.373312,0.416229,0.444497,0.098314,0.143461,0.749170,0.598580,0.156777,0.676958,0.311946,0.397021,0.253065,0.743303,0.423993,0.426701,0.333756,0.932190,0.091291,0.536899,0.928625,0.151369,0.878685,0.513166,0.069414,0.405440,0.018407,0.106404,0.168163,0.131315,0.374189],
[0.521979,0.504626,0.790418,0.966476,0.602940,0.933879,0.715646,0.201520,0.090656,0.392605,0.513466,0.487677,0.645669,0.256769,0.911669,0.072370,0.590525,0.843859,0.163661,0.127425,0.772484,0.315030,0.006110,0.285651,0.384444,0.411550,0.304058,0.490848,0.579713,0.435373,0.865037,0.101692,0.939999,0.655455,0.068168,0.542939,0.589334,0.783814,0.744458,0.679990],
[0.176419,0.257924,0.167667,0.822088,0.514693,0.079336,0.894458,0.105218,0.923195,0.058119,0.232643,0.695679,0.373150,0.238753,0.981330,0.757594,0.650303,0.285388,0.248442,0.230015,0.720761,0.113480,0.331707,0.660759,0.768935,0.399875,0.203698,0.358269,0.183689,0.948156,0.038260,0.360108,0.206080,0.205927,0.182196,0.720773,0.285263,0.076654,0.825991,0.208458],
[0.134774,0.058634,0.904137,0.507923,0.297387,0.885467,0.265518,0.947690,0.170855,0.513960,0.177706,0.891616,0.627439,0.509412,0.552375,0.396374,0.909287,0.756072,0.754644,0.092976,0.704228,0.792903,0.453084,0.910308,0.998830,0.635281,0.631081,0.284093,0.711935,0.457072,0.492550,0.846709,0.515706,0.396687,0.354632,0.813094,0.282155,0.620150,0.760784,0.453010],
[0.134109,0.938490,0.344625,0.761549,0.447902,0.897000,0.157923,0.357189,0.653073,0.912567,0.450165,0.357301,0.705470,0.903250,0.267609,0.704300,0.538530,0.898690,0.988393,0.250465,0.355761,0.480943,0.097174,0.871468,0.877631,0.451806,0.684561,0.159785,0.071955,0.445345,0.612795,0.206065,0.383835,0.957421,0.967614,0.831737,0.854421,0.125537,0.188926,0.507493],
[0.038104,0.639092,0.864794,0.743575,0.542341,0.132403,0.447875,0.080872,0.031093,0.436268,0.331337,0.386854,0.917212,0.428511,0.258322,0.794842,0.880317,0.942883,0.954628,0.952272,0.388229,0.567423,0.158337,0.772064,0.524844,0.125951,0.603801,0.379265,0.251488,0.792727,0.886758,0.289592,0.431818,0.751552,0.033166,0.974160,0.883955,0.481041,0.055031,0.915048],
[0.917309,0.386368,0.301902,0.834521,0.814879,0.560224,0.629364,0.695196,0.503108,0.583992,0.647468,0.891336,0.151415,0.805805,0.663400,0.676259,0.931756,0.267201,0.055523,0.183243,0.059927,0.942281,0.472835,0.491746,0.693833,0.506002,0.465906,0.577789,0.987043,0.520937,0.492837,0.904352,0.907305,0.794739,0.738873,0.722185,0.354964,0.368237,0.417380,0.858071],
[0.952228,0.064848,0.749408,0.103643,0.870653,0.412808,0.779902,0.802409,0.680008,0.835425,0.985652,0.739936,0.777706,0.458487,0.231681,0.471539,0.964489,0.697587,0.049328,0.951532,0.218524,0.542165,0.855884,0.125829,0.336904,0.594757,0.848014,0.691868,0.962994,0.265395,0.549940,0.915223,0.330243,0.299347,0.018866,0.200896,0.712155,0.798767,0.003305,0.392163],
[0.634192,0.988957,0.132099,0.411898,0.447444,0.363780,0.883437,0.411933,0.061367,0.932765,0.363465,0.279891,0.474931,0.219349,0.405721,0.811835,0.814106,0.253735,0.503703,0.777101,0.519129,0.053643,0.692323,0.849372,0.352990,0.711189,0.050268,0.065146,0.509956,0.053573,0.457309,0.144148,0.042530,0.589408,0.556046,0.489975,0.953188,0.439483,0.901908,0.014555],
[0.372249,0.265373,0.294447,0.847179,0.484722,0.700167,0.659015,0.298828,0.953902,0.162718,0.075929,0.473032,0.216361,0.768252,0.322404,0.569351,0.479440,0.372672,0.634497,0.989396,0.426245,0.091806,0.133545,0.468775,0.681213,0.689591,0.958750,0.634402,0.129074,0.860657,0.648957,0.501323,0.126030,0.943404,0.348503,0.610752,0.643571,0.007517,0.909580,0.597474],
[0.170235,0.985508,0.070505,0.386596,0.753760,0.392909,0.955947,0.233200,0.765581,0.590443,0.222597,0.191826,0.682249,0.356141,0.660601,0.363462,0.045732,0.619351,0.997864,0.174807,0.480008,0.646821,0.676130,0.606039,0.590225,0.024632,0.216790,0.233796,0.032150,0.126370,0.831270,0.202385,0.111879,0.901775,0.588980,0.865638,0.294684,0.544927,0.098839,0.060265],
[0.135370,0.321436,0.252091,0.817619,0.677577,0.912692,0.181082,0.723309,0.532043,0.178946,0.898116,0.012052,0.825767,0.574246,0.618091,0.415992,0.598878,0.834881,0.649789,0.631028,0.961251,0.481059,0.833412,0.073130,0.382834,0.422393,0.938768,0.677518,0.967320,0.037607,0.737784,0.102690,0.359043,0.989875,0.920310,0.036620,0.902567,0.101391,0.759929,0.434611],
[0.280337,0.658045,0.446662,0.106104,0.232291,0.064753,0.522097,0.831169,0.899634,0.171885,0.462197,0.860885,0.652944,0.295609,0.934015,0.035778,0.718002,0.872783,0.713297,0.685322,0.910390,0.451080,0.788012,0.269433,0.440955,0.708322,0.306053,0.343522,0.809713,0.065982,0.778133,0.090050,0.724028,0.224795,0.196155,0.956319,0.289548,0.718252,0.787488,0.189182],
[0.890137,0.249685,0.050067,0.543081,0.545295,0.984082,0.578859,0.263297,0.856865,0.292156,0.948618,0.767255,0.743236,0.736630,0.036688,0.184191,0.444952,0.342741,0.527714,0.254665,0.408724,0.305846,0.344715,0.132752,0.530641,0.540870,0.089071,0.820190,0.259122,0.876559,0.009372,0.149258,0.126244,0.059439,0.692340,0.671539,0.043522,0.271199,0.934835,0.900387],
[0.563355,0.883454,0.667642,0.306592,0.620084,0.704331,0.490783,0.065036,0.047072,0.018497,0.319701,0.455796,0.324343,0.664416,0.588547,0.854985,0.205286,0.677618,0.675174,0.464407,0.554177,0.684546,0.613666,0.680421,0.743985,0.306006,0.351959,0.787507,0.577205,0.286794,0.687894,0.140560,0.170248,0.355536,0.447152,0.790332,0.059867,0.937935,0.855368,0.106939],
[0.956432,0.175068,0.562734,0.280775,0.839484,0.151281,0.135760,0.044770,0.828899,0.810934,0.509177,0.383076,0.495480,0.122843,0.063496,0.239466,0.428849,0.415455,0.026973,0.006053,0.702250,0.714866,0.146613,0.872498,0.070402,0.593765,0.662830,0.130269,0.531700,0.518197,0.237208,0.488131,0.693265,0.799942,0.768906,0.532749,0.951223,0.904666,0.577519,0.780122],
[0.715600,0.086696,0.163198,0.211080,0.209539,0.226694,0.450546,0.638388,0.642149,0.477518,0.644441,0.344399,0.192385,0.791054,0.216897,0.262787,0.384819,0.879726,0.393056,0.916519,0.397923,0.630264,0.404650,0.091189,0.430206,0.173556,0.623938,0.381429,0.078222,0.201457,0.161551,0.793822,0.288153,0.324748,0.004902,0.497692,0.551442,0.455448,0.136080,0.193591],
[0.932966,0.780521,0.537990,0.125351,0.571575,0.754887,0.388138,0.956394,0.634613,0.781194,0.872913,0.032536,0.411458,0.277563,0.123725,0.841664,0.451119,0.747663,0.223092,0.529342,0.949120,0.384643,0.323164,0.237273,0.709392,0.328067,0.734965,0.260834,0.783515,0.871045,0.454425,0.716481,0.651566,0.992415,0.841832,0.223141,0.747302,0.229970,0.179535,0.381915],
[0.011165,0.052448,0.414451,0.422623,0.330010,0.538176,0.264287,0.781130,0.285839,0.487379,0.310471,0.234959,0.872023,0.633636,0.472232,0.581414,0.961702,0.207197,0.842248,0.745217,0.078242,0.296673,0.461698,0.729808,0.289088,0.303530,0.952949,0.036389,0.533500,0.132484,0.418304,0.544665,0.184932,0.832755,0.967289,0.514943,0.370932,0.231576,0.296072,0.656771],
[0.718955,0.606544,0.891730,0.590978,0.240179,0.363963,0.172392,0.201882,0.571160,0.014639,0.947098,0.649402,0.311312,0.408796,0.379211,0.600400,0.712326,0.332160,0.636789,0.245827,0.464644,0.055093,0.790492,0.649576,0.887849,0.757781,0.164519,0.258780,0.989356,0.460591,0.915551,0.708311,0.067135,0.807282,0.299289,0.307315,0.171245,0.471681,0.509196,0.742405],
[0.486320,0.456295,0.391807,0.797632,0.865091,0.771018,0.398032,0.577417,0.103178,0.034821,0.823244,0.567822,0.089915,0.613736,0.217398,0.977763,0.371517,0.381917,0.236543,0.360874,0.842509,0.152094,0.069185,0.909644,0.959376,0.368474,0.216959,0.130621,0.840154,0.726155,0.873025,0.326474,0.182449,0.264832,0.124106,0.047540,0.035850,0.522138,0.624958,0.139028],
[0.556960,0.448202,0.706850,0.646874,0.061938,0.924248,0.624637,0.433456,0.306165,0.861180,0.794329,0.148674,0.013275,0.863514,0.058318,0.972651,0.231988,0.275276,0.103272,0.072143,0.001431,0.976297,0.398617,0.183880,0.241130,0.522723,0.231421,0.276980,0.044862,0.856378,0.416008,0.601821,0.304580,0.122857,0.248695,0.366519,0.047105,0.873333,0.799974,0.353270],
[0.734513,0.594304,0.501944,0.747788,0.457818,0.560262,0.720439,0.689806,0.835538,0.823711,0.761948,0.836969,0.800008,0.160565,0.020849,0.041138,0.683289,0.252270,0.318117,0.728151,0.108648,0.734125,0.329972,0.413229,0.856982,0.578668,0.779747,0.904087,0.452000,0.579722,0.257357,0.186513,0.174025,0.759301,0.934301,0.631843,0.319562,0.654740,0.321649,0.155100],
[0.478451,0.083597,0.992069,0.278459,0.244163,0.012918,0.319597,0.927451,0.265188,0.637714,0.655602,0.373837,0.371839,0.985574,0.787065,0.228821,0.564242,0.566813,0.132908,0.016242,0.146534,0.390265,0.202755,0.320559,0.149566,0.137056,0.952402,0.469129,0.791796,0.274051,0.624229,0.270248,0.357648,0.616298,0.548707,0.601810,0.629216,0.868304,0.529262,0.894404],
[0.506018,0.184864,0.268241,0.877857,0.170438,0.055306,0.106679,0.734680,0.622119,0.239587,0.750921,0.768653,0.629852,0.953676,0.089212,0.779419,0.090732,0.041614,0.248547,0.882529,0.315665,0.872776,0.152776,0.673312,0.489074,0.701483,0.275123,0.118290,0.569786,0.804385,0.012694,0.075804,0.989248,0.280935,0.953662,0.159686,0.336241,0.060340,0.894366,0.958359],
[0.299927,0.645287,0.727012,0.929780,0.598963,0.816224,0.709198,0.689695,0.857838,0.957746,0.572224,0.173502,0.830522,0.725000,0.846815,0.319596,0.426483,0.121938,0.437885,0.996269,0.926322,0.450579,0.072073,0.915570,0.731514,0.025735,0.075257,0.067755,0.086075,0.969622,0.026114,0.386002,0.614909,0.753126,0.315782,0.213872,0.569350,0.024980,0.903568,0.427188],
[0.982726,0.475791,0.600690,0.813248,0.200791,0.447505,0.132843,0.627274,0.569442,0.570729,0.623543,0.495764,0.021308,0.695616,0.411335,0.752822,0.721351,0.486591,0.820577,0.807426,0.456213,0.846691,0.193428,0.071123,0.599817,0.509210,0.284995,0.169167,0.534191,0.188562,0.596355,0.516917,0.664354,0.197044,0.330165,0.865145,0.644549,0.463008,0.492419,0.213991],
[0.033737,0.115962,0.709755,0.055045,0.811578,0.121090,0.807867,0.532929,0.607681,0.628444,0.340355,0.063894,0.475135,0.533784,0.135017,0.074952,0.042994,0.420012,0.244119,0.577185,0.608574,0.840473,0.094102,0.272928,0.037518,0.424266,0.138072,0.682067,0.887275,0.630491,0.896058,0.921011,0.746453,0.605813,0.976056,0.558031,0.726903,0.783923,0.090960,0.334584],
[0.412367,0.431316,0.398478,0.887502,0.965100,0.533495,0.962454,0.008094,0.953506,0.206573,0.585279,0.562080,0.047046,0.679381,0.835008,0.084564,0.103647,0.973080,0.766631,0.990922,0.603572,0.662688,0.911933,0.350025,0.268501,0.887989,0.908056,0.995404,0.671912,0.999016,0.329988,0.084280,0.430332,0.728466,0.971781,0.395431,0.261961,0.934235,0.403525,0.215467],
[0.140808,0.988804,0.777548,0.187854,0.668185,0.612556,0.272418,0.771832,0.585636,0.039049,0.762754,0.189208,0.701737,0.674687,0.539232,0.970238,0.562676,0.447288,0.965643,0.234589,0.446304,0.295631,0.318868,0.876636,0.024097,0.290649,0.272067,0.286057,0.224885,0.675592,0.501525,0.365693,0.664396,0.279072,0.553547,0.332581,0.891628,0.825965,0.104412,0.477264],
[0.865014,0.867166,0.666471,0.566751,0.541853,0.205703,0.536989,0.104529,0.652991,0.502632,0.339118,0.099295,0.798262,0.657986,0.975931,0.822359,0.948635,0.247998,0.108416,0.173520,0.923590,0.609941,0.539213,0.587986,0.889013,0.092760,0.920566,0.780641,0.918726,0.024979,0.257905,0.783740,0.892145,0.924376,0.350491,0.433998,0.130080,0.887480,0.538527,0.783071],
[0.390111,0.877645,0.882367,0.188374,0.535631,0.858298,0.010732,0.484266,0.106296,0.119148,0.657786,0.029886,0.729089,0.196999,0.617872,0.618103,0.289760,0.538438,0.398744,0.208485,0.563417,0.656649,0.992225,0.455562,0.581025,0.342715,0.889560,0.711104,0.230195,0.428088,0.494176,0.620306,0.305733,0.376542,0.808680,0.841363,0.234840,0.819412,0.325629,0.341136]],
[[0.938561,0.983416,0.371022,0.667650,0.180415,0.988894,0.285753,0.470175,0.527332,0.684496,0.678660,0.090749,0.341145,0.670885,0.546311,0.922170,0.013600,0.435871,0.633274,0.243796,0.863958,0.127450,0.864102,0.169691,0.503992,0.672782,0.011054,0.738832,0.492194,0.336684,0.079968,0.430755,0.320100,0.450990,0.098405,0.500514,0.439884,0.384157,0.970689,0.967215],
[0.068654,0.649349,0.057964,0.409799,0.320234,0.604275,0.331968,0.333834,0.040146,0.965243,0.577630,0.904104,0.092693,0.441732,0.073795,0.596685,0.114514,0.084850,0.335517,0.606708,0.421534,0.415485,0.037463,0.741633,0.866475,0.135867,0.242148,0.306359,0.520025,0.212837,0.273574,0.588678,0.862186,0.331538,0.998477,0.182420,0.935813,0.330445,0.516254,0.975959],
[0.295688,0.093884,0.880064,0.388381,0.535616,0.953859,0.985065,0.650129,0.038709,0.320582,0.256837,0.460243,0.736068,0.294300,0.201876,0.602543,0.430167,0.444024,0.908901,0.950192,0.656861,0.182475,0.538870,0.519047,0.514014,0.537347,0.701467,0.449827,0.867792,0.217721,0.425786,0.163480,0.311605,0.305850,0.551861,0.847220,0.259709,0.536926,0.497350,0.298418],
[0.857509,0.754187,0.758661,0.593576,0.048486,0.960537,0.196119,0.478654,0.404561,0.105020,0.428845,0.061422,0.287496,0.967715,0.580470,0.801510,0.505062,0.281936,0.251337,0.372855,0.499657,0.677123,0.536335,0.811262,0.982973,0.088196,0.658483,0.242682,0.625122,0.155832,0.541099,0.482631,0.910019,0.299760,0.076208,0.958505,0.260297,0.272327,0.437159,0.664859],
[0.377347,0.866004,0.726281,0.664843,0.833720,0.306751,0.466353,0.338782,0.588687,0.717689,0.711637,0.088345,0.394812,0.247972,0.899607,0.377785,0.336168,0.558090,0.620466,0.961290,0.713922,0.161566,0.443921,0.623941,0.461326,0.520129,0.582446,0.721623,0.792456,0.019605,0.386482,0.169803,0.885610,0.112763,0.834646,0.719329,0.419514,0.300998,0.058112,0.008201],
[0.018687,0.769748,0.096546,0.413499,0.017720,0.996153,0.791284,0.353888,0.554243,0.411750,0.315177,0.268165,0.573316,0.759099,0.892106,0.034642,0.279227,0.474552,0.756265,0.071683,0.494158,0.142747,0.241486,0.379767,0.255510,0.076131,0.099097,0.675025,0.377129,0.157208,0.683226,0.395817,0.926957,0.779772,0.809316,0.944677,0.775925,0.600600,0.298564,0.330168],
[0.012350,0.613742,0.598333,0.585665,0.372840,0.490438,0.620307,0.652068,0.964991,0.376572,0.723751,0.459148,0.519319,0.965236,0.838916,0.774829,0.041368,0.938013,0.449854,0.418497,0.095221,0.133080,0.814314,0.022178,0.912852,0.623630,0.966854,0.688777,0.224229,0.265419,0.018945,0.236579,0.879160,0.617277,0.822244,0.252001,0.107716,0.442551,0.904068,0.072706],
[0.819123,0.627819,0.531854,0.338442,0.593055,0.370770,0.113271,0.634423,0.308783,0.563125,0.052920,0.404004,0.696205,0.867234,0.426181,0.609056,0.490863,0.393036,0.297833,0.715093,0.658454,0.316778,0.951671,0.537615,0.934055,0.773915,0.789615,0.041771,0.216466,0.693684,0.114477,0.035589,0.321503,0.646331,0.374031,0.914558,0.017101,0.487302,0.548981,0.325884],
[0.050426,0.601901,0.729888,0.746631,0.469135,0.156069,0.355687,0.959998,0.549105,0.653521,0.675091,0.207559,0.970298,0.626762,0.745173,0.904354,0.400678,0.534789,0.946124,0.617144,0.228472,0.060601,0.652733,0.549975,0.706932,0.026764,0.464533,0.724034,0.514065,0.013515,0.049918,0.564492,0.615416,0.779805,0.311123,0.084551,0.935874,0.666810,0.044549,0.484979],
[0.320331,0.719640,0.692538,0.290629,0.346403,0.437711,0.194983,0.747080,0.972500,0.141107,0.364224,0.200972,0.201708,0.016957,0.750947,0.908640,0.043721,0.215481,0.632674,0.557786,0.228995,0.682591,0.122278,0.844411,0.462396,0.433401,0.928962,0.398271,0.100211,0.973512,0.883249,0.420542,0.693152,0.575787,0.711171,0.039555,0.013498,0.906153,0.786635,0.985998],
[0.047260,0.150859,0.186970,0.248968,0.167817,0.937917,0.157608,0.211538,0.153398,0.790281,0.769324,0.382393,0.472873,0.891602,0.226804,0.935269,0.325003,0.155767,0.333540,0.425214,0.129278,0.216789,0.845755,0.822431,0.792576,0.556926,0.861985,0.806074,0.463079,0.648620,0.792071,0.510340,0.799480,0.979041,0.759308,0.967297,0.916958,0.916915,0.178834,0.070356],
[0.707197,0.948158,0.452749,0.180070,0.839760,0.679553,0.115339,0.164763,0.835320,0.448879,0.589977,0.964598,0.665668,0.435732,0.787029,0.458244,0.992658,0.649014,0.264318,0.455737,0.297634,0.056389,0.966077,0.097114,0.035430,0.725384,0.064411,0.952388,0.642300,0.243245,0.022744,0.349497,0.191403,0.475493,0.529566,0.031164,0.155046,0.644905,0.195927,0.990366],
[0.093784,0.785903,0.954964,0.759451,0.221635,0.741993,0.217695,0.214293,0.391007,0.482013,0.670030,0.688641,0.538402,0.636107,0.785756,0.573832,0.361491,0.850167,0.526220,0.003791,0.093412,0.548964,0.353287,0.284815,0.024458,0.882854,0.315979,0.179504,0.527759,0.511906,0.169870,0.621542,0.297809,0.124834,0.380994,0.519444,0.866827,0.598689,0.733737,0.257834],
[0.080701,0.403767,0.946475,0.619103,0.039874,0.732230,0.192935,0.401365,0.582397,0.719156,0.405156,0.675809,0.268120,0.758443,0.960624,0.292578,0.641297,0.276603,0.472081,0.169055,0.788509,0.641951,0.790597,0.086318,0.766785,0.171591,0.605763,0.633612,0.770280,0.339500,0.891445,0.850981,0.743268,0.837920,0.470085,0.783142,0.570151,0.663020,0.184507,0.152548],
[0.382176,0.589662,0.828356,0.650296,0.348105,0.788981,0.942874,0.989402,0.065584,0.414955,0.158457,0.854093,0.056906,0.949054,0.940411,0.823691,0.120645,0.546174,0.457303,0.890925,0.885674,0.348749,0.741906,0.628942,0.186669,0.211990,0.412083,0.756819,0.875010,0.596590,0.909367,0.257186,0.186252,0.737723,0.907482,0.534357,0.526704,0.850356,0.523759,0.592287],
[0.265311,0.682216,0.446380,0.322217,0.631270,0.386791,0.145909,0.751915,0.932965,0.603212,0.642840,0.818640,0.951961,0.384746,0.447581,0.138629,0.596736,0.859664,0.895448,0.471747,0.456254,0.804815,0.728933,0.642506,0.542538,0.636415,0.176864,0.069242,0.486771,0.700623,0.661529,0.752081,0.382839,0.107910,0.074299,0.014109,0.494701,0.220207,0.766024,0.427666],
[0.823419,0.408864,0.246306,0.775380,0.793610,0.693887,0.914009,0.390346,0.553552,0.809458,0.862093,0.009806,0.614273,0.591026,0.652312,0.156811,0.227441,0.829176,0.226053,0.714212,0.529799,0.887583,0.466293,0.912638,0.995492,0.540592,0.926746,0.490193,0.760799,0.692770,0.917860,0.584218,0.101634,0.164166,0.359598,0.895244,0.858053,0.273607,0.285590,0.411604],
[0.083065,0.147683,0.421410,0.697338,0.738709,0.073723,0.854149,0.966150,0.902899,0.080202,0.680362,0.432698,0.967785,0.146655,0.345335,0.963277,0.687247,0.272081,0.453470,0.448046,0.964851,0.371330,0.032264,0.066485,0.535495,0.391862,0.961729,0.393548,0.665469,0.247319,0.805152,0.748535,0.395002,0.226562,0.445872,0.133711,0.300285,0.300021,0.099861,0.203184],
[0.380224,0.780223,0.635881,0.348008,0.926878,0.981217,0.311285,0.614125,0.253298,0.764755,0.062170,0.218150,0.136085,0.094434,0.284635,0.671580,0.486296,0.246363,0.065128,0.151765,0.493682,0.870280,0.900300,0.888684,0.096842,0.346172,0.022395,0.397127,0.646194,0.122256,0.600310,0.026417,0.902479,0.236192,0.374426,0.829357,0.217409,0.685711,0.443482,0.470707],
[0.450466,0.505652,0.688856,0.586551,0.600086,0.973491,0.258131,0.086382,0.219854,0.323259,0.238147,0.713536,0.193539,0.138447,0.602220,0.290381,0.484619,0.624615,0.687507,0.130813,0.746872,0.287818,0.157231,0.649351,0.524010,0.531657,0.478708,0.741418,0.217368,0.922190,0.212125,0.667834,0.427842,0.900981,0.254386,0.027928,0.874472,0.512517,0.114310,0.094326],
[0.835776,0.352457,0.807863,0.029314,0.490904,0.410083,0.319695,0.975524,0.034699,0.007202,0.106337,0.781571,0.295020,0.263568,0.430922,0.819030,0.795224,0.909630,0.560448,0.012592,0.831820,0.772573,0.680426,0.259663,0.673554,0.934812,0.287591,0.548026,0.447329,0.401901,0.642352,0.283104,0.754358,0.450215,0.312419,0.245263,0.860299,0.632114,0.220786,0.894998],
[0.639316,0.327123,0.676568,0.934336,0.590691,0.107490,0.753366,0.385915,0.017120,0.313814,0.398508,0.848940,0.086386,0.078934,0.108603,0.759940,0.013746,0.396194,0.307966,0.461074,0.798095,0.950319,0.744179,0.552454,0.400534,0.056597,0.797716,0.260833,0.688711,0.018502,0.155831,0.328027,0.345626,0.832399,0.262363,0.936317,0.939889,0.015729,0.322232,0.957009],
[0.329543,0.720740,0.805949,0.415929,0.799674,0.914553,0.175870,0.813420,0.310747,0.483836,0.274494,0.108842,0.434155,0.018673,0.661296,0.834689,0.075270,0.459012,0.095522,0.763981,0.477514,0.251353,0.092009,0.823140,0.083752,0.354372,0.759457,0.023641,0.370101,0.081689,0.980650,0.699644,0.802429,0.786599,0.115573,0.602103,0.701152,0.291443,0.415522,0.011899],
[0.775279,0.690016,0.120741,0.209434,0.708689,0.782036,0.044123,0.783959,0.241048,0.139646,0.547940,0.718562,0.390999,0.639949,0.541702,0.474751,0.994321,0.301159,0.498392,0.364422,0.382848,0.479042,0.064066,0.185276,0.265641,0.179639,0.787379,0.966793,0.471082,0.202901,0.978691,0.246361,0.892917,0.099432,0.455795,0.601606,0.881468,0.499918,0.385565,0.122516],
[0.639564,0.933506,0.841078,0.030562,0.573455,0.382780,0.505313,0.567775,0.683939,0.003705,0.932197,0.066787,0.482747,0.996263,0.252063,0.748388,0.175902,0.039442,0.715181,0.646984,0.242343,0.693873,0.893344,0.135260,0.793305,0.349139,0.736866,0.674773,0.849057,0.122431,0.797289,0.488621,0.055937,0.638368,0.519183,0.629391,0.021148,0.024496,0.197167,0.705087],
[0.028202,0.129364,0.771874,0.510949,0.125626,0.023936,0.259338,0.301528,0.063378,0.974519,0.948512,0.305721,0.668392,0.841856,0.440981,0.461696,0.190995,0.177847,0.136469,0.040053,0.300278,0.933759,0.528674,0.356215,0.572126,0.047857,0.985606,0.593274,0.072353,0.182772,0.298361,0.100555,0.312136,0.070235,0.611504,0.437762,0.094171,0.870842,0.739291,0.157550],
[0.845361,0.687802,0.463270,0.513752,0.529658,0.904251,0.975448,0.720654,0.082098,0.111918,0.760707,0.382375,0.045676,0.289380,0.738590,0.617802,0.337237,0.724196,0.211077,0.409591,0.906968,0.509438,0.510146,0.219104,0.579673,0.121650,0.656867,0.673845,0.992492,0.396157,0.831394,0.837852,0.083960,0.294664,0.351605,0.613618,0.198915,0.327053,0.334272,0.281013],
[0.438971,0.094979,0.663388,0.484647,0.384359,0.401978,0.102449,0.721597,0.126174,0.313526,0.131188,0.033143,0.822964,0.641334,0.252247,0.402637,0.762984,0.909114,0.076482,0.755476,0.305271,0.907876,0.593328,0.389231,0.202540,0.944933,0.002849,0.401455,0.271986,0.337121,0.682468,0.710956,0.432100,0.345857,0.195603,0.816460,0.747835,0.298052,0.538056,0.874010],
[0.611578,0.669244,0.907152,0.434542,0.310578,0.159399,0.837179,0.073562,0.068513,0.913660,0.829037,0.373785,0.821536,0.422365,0.763016,0.024076,0.367298,0.765865,0.425531,0.639284,0.102986,0.108000,0.350240,0.535086,0.453856,0.545843,0.351546,0.201692,0.843895,0.889602,0.075701,0.455473,0.558847,0.982853,0.890015,0.869424,0.142253,0.727193,0.942986,0.210766],
[0.640854,0.772023,0.584550,0.462390,0.194389,0.347566,0.486466,0.561687,0.113431,0.911997,0.200971,0.216417,0.019997,0.551211,0.751503,0.473853,0.097054,0.103049,0.675544,0.940950,0.992652,0.751245,0.396423,0.551498,0.734099,0.286437,0.420922,0.876351,0.013631,0.363908,0.087117,0.654485,0.135931,0.671668,0.116874,0.330320,0.019234,0.603340,0.892007,0.132665],
[0.515337,0.092978,0.349081,0.535333,0.644189,0.100585,0.009186,0.741243,0.203634,0.684730,0.682193,0.196285,0.435976,0.078616,0.747783,0.170075,0.365053,0.168706,0.046426,0.378684,0.532614,0.133543,0.033168,0.668545,0.805211,0.150042,0.998865,0.824445,0.753382,0.890872,0.957110,0.268719,0.983850,0.306191,0.804052,0.628038,0.406776,0.813239,0.369282,0.610409],
[0.497969,0.051475,0.806695,0.933945,0.130090,0.554478,0.104019,0.495143,0.723184,0.150445,0.873827,0.255798,0.283989,0.906995,0.924343,0.089200,0.057037,0.923208,0.913645,0.810420,0.814080,0.870755,0.079139,0.797929,0.176946,0.883191,0.425968,0.583722,0.696430,0.795249,0.194131,0.194399,0.846724,0.000826,0.128344,0.976814,0.555304,0.232363,0.471957,0.278487],
[0.382809,0.345784,0.534285,0.666798,0.252779,0.458628,0.755998,0.309816,0.381836,0.669643,0.120236,0.195916,0.540398,0.199374,0.993845,0.717343,0.082566,0.419813,0.301065,0.778995,0.215062,0.495196,0.973394,0.061786,0.496022,0.101738,0.038600,0.051325,0.334101,0.510558,0.329813,0.716910,0.856341,0.864098,0.383708,0.109120,0.322726,0.139705,0.418936,0.704562],
[0.809348,0.539172,0.900478,0.349746,0.738546,0.894323,0.067089,0.821112,0.314135,0.368154,0.600107,0.529197,0.863350,0.573502,0.590984,0.359372,0.675240,0.629584,0.410697,0.009341,0.140141,0.740510,0.726251,0.996483,0.604608,0.109958,0.105603,0.927334,0.249664,0.524539,0.631895,0.059012,0.063712,0.532373,0.408757,0.802258,0.426696,0.475846,0.623370,0.740831],
[0.844001,0.223477,0.270028,0.707351,0.796979,0.861012,0.066723,0.472218,0.490596,0.477420,0.481559,0.630737,0.217930,0.207810,0.627220,0.822538,0.317768,0.732823,0.749871,0.567431,0.257362,0.381767,0.626443,0.321074,0.914140,0.035200,0.123332,0.340835,0.511047,0.746702,0.081666,0.355047,0.970179,0.351694,0.062398,0.767158,0.212706,0.129121,0.239376,0.703302],
[0.606541,0.720935,0.334039,0.824470,0.928744,0.961258,0.647008,0.246512,0.694081,0.396879,0.813944,0.951443,0.778646,0.440387,0.272517,0.692785,0.475587,0.395849,0.033620,0.986634,0.142550,0.115286,0.341681,0.112729,0.466981,0.404079,0.879887,0.679687,0.533200,0.119263,0.382988,0.139740,0.840197,0.717027,0.964211,0.768942,0.678285,0.611219,0.015454,0.372366],
[0.008098,0.829398,0.323810,0.786744,0.269785,0.596327,0.479529,0.745372,0.992175,0.513150,0.732006,0.134726,0.628436,0.073687,0.247455,0.095417,0.477766,0.127342,0.775104,0.010966,0.246605,0.158092,0.150706,0.086802,0.875119,0.114917,0.855744,0.553404,0.726136,0.871198,0.925770,0.734235,0.700597,0.249580,0.520979,0.970382,0.845907,0.000508,0.715754,0.838082],
[0.513658,0.447760,0.972808,0.142094,0.521447,0.220263,0.237511,0.999213,0.347605,0.012615,0.010179,0.594210,0.170707,0.160886,0.681012,0.045826,0.275803,0.536756,0.599230,0.001940,0.407954,0.525000,0.736174,0.108551,0.774580,0.257153,0.078933,0.620487,0.257661,0.794687,0.458569,0.771319,0.242447,0.431377,0.913414,0.763894,0.651640,0.150925,0.763108,0.999245],
[0.163540,0.773287,0.593455,0.334247,0.934173,0.274467,0.380073,0.209976,0.811223,0.979302,0.211916,0.219177,0.504303,0.948090,0.327728,0.278883,0.205243,0.406660,0.899370,0.462904,0.201347,0.357939,0.234223,0.443794,0.789316,0.147637,0.207688,0.440956,0.298563,0.970795,0.440201,0.462103,0.744082,0.033656,0.796350,0.678255,0.308123,0.176422,0.888231,0.119345],
[0.155725,0.100147,0.338522,0.660027,0.048237,0.666250,0.938911,0.253479,0.072910,0.838281,0.716383,0.274257,0.196220,0.950607,0.718050,0.985536,0.098244,0.925738,0.426492,0.396807,0.896533,0.866693,0.858910,0.640615,0.900350,0.655259,0.318870,0.208472,0.831681,0.207102,0.327818,0.987406,0.307248,0.666340,0.647433,0.355485,0.332590,0.586344,0.608964,0.405500]],
[[0.424625,0.325348,0.679756,0.620845,0.275955,0.397807,0.606381,0.374199,0.323544,0.032873,0.771006,0.220077,0.899567,0.629915,0.860693,0.799916,0.285174,0.179563,0.008388,0.116855,0.386665,0.336206,0.104261,0.693913,0.002546,0.751695,0.049398,0.335136,0.338039,0.658362,0.740635,0.762664,0.983710,0.420392,0.383508,0.259665,0.818198,0.989889,0.633863,0.141742],
[0.022763,0.404869,0.361820,0.922329,0.034784,0.222513,0.722245,0.319958,0.402076,0.730634,0.436814,0.788740,0.066840,0.541075,0.482653,0.069386,0.292770,0.532051,0.404521,0.630808,0.190414,0.145156,0.393472,0.174124,0.565548,0.776980,0.433788,0.383746,0.766870,0.067652,0.525489,0.789632,0.472520,0.887308,0.711962,0.507305,0.109821,0.434207,0.827263,0.511897],
[0.164840,0.264076,0.300637,0.231680,0.805151,0.783290,0.301066,0.097921,0.315342,0.705587,0.728729,0.505756,0.850743,0.122201,0.679880,0.416291,0.899182,0.113668,0.800037,0.666052,0.181319,0.325526,0.455684,0.653840,0.212834,0.167646,0.161144,0.322655,0.601852,0.988407,0.834552,0.766693,0.252484,0.135189,0.998373,0.057635,0.918479,0.299439,0.155556,0.233821],
[0.005026,0.884285,0.739577,0.855769,0.006487,0.419456,0.272060,0.905669,0.533124,0.072098,0.571721,0.714443,0.397623,0.027405,0.368283,0.610458,0.195050,0.529428,0.933113,0.796903,0.517835,0.767665,0.563596,0.770319,0.902853,0.561969,0.827953,0.821333,0.861407,0.983509,0.055153,0.866433,0.867795,0.794730,0.722202,0.874282,0.214186,0.994262,0.779950,0.747310],
[0.066359,0.351671,0.461754,0.463983,0.379076,0.830037,0.074441,0.574126,0.359465,0.007554,0.371029,0.877300,0.775218,0.934625,0.647618,0.678072,0.496593,0.475572,0.499404,0.358001,0.459081,0.554558,0.224433,0.326876,0.349288,0.946635,0.201158,0.563474,0.940897,0.981108,0.310784,0.007256,0.332779,0.772538,0.471239,0.711855,0.602575,0.545680,0.285981,0.962040],
[0.553234,0.657010,0.839340,0.328452,0.591635,0.486958,0.006524,0.088228,0.962530,0.505928,0.446229,0.421611,0.060486,0.670663,0.748487,0.409774,0.617298,0.949645,0.973248,0.558195,0.930754,0.284032,0.565451,0.263533,0.056570,0.036690,0.975388,0.659146,0.582370,0.261369,0.621186,0.135604,0.918379,0.460526,0.464056,0.510014,0.947484,0.470580,0.598243,0.910014],
[0.976508,0.044472,0.331626,0.036993,0.715134,0.080113,0.446767,0.332432,0.029758,0.420015,0.890627,0.960512,0.704047,0.456078,0.224045,0.760617,0.492768,0.199433,0.419763,0.075139,0.460802,0.040949,0.210743,0.379182,0.501475,0.674799,0.889196,0.448959,0.145378,0.487439,0.358973,0.121886,0.531911,0.690599,0.158879,0.247045,0.770712,0.605646,0.579477,0.800471],
[0.025661,0.470104,0.760983,0.729708,0.926182,0.985027,0.490325,0.418950,0.184460,0.910088,0.494089,0.645262,0.951037,0.704831,0.024444,0.452512,0.379630,0.913640,0.901471,0.525008,0.401079,0.260444,0.646894,0.932989,0.951043,0.805774,0.180035,0.721755,0.411420,0.759512,0.522226,0.437081,0.229616,0.283208,0.166788,0.155798,0.268236,0.657114,0.574748,0.452696],
[0.567202,0.068837,0.097958,0.518239,0.773669,0.122402,0.970750,0.153299,0.036042,0.872221,0.678307,0.437121,0.132665,0.325201,0.370110,0.083708,0.130975,0.550145,0.805463,0.542395,0.309656,0.327689,0.979475,0.539273,0.610897,0.146264,0.695071,0.879133,0.803377,0.269819,0.331829,0.370579,0.338656,0.429787,0.888817,0.112325,0.552189,0.859568,0.265623,0.588231],
[0.731789,0.943930,0.025352,0.864454,0.269132,0.395462,0.948162,0.400106,0.945606,0.753625,0.942501,0.255263,0.081314,0.921976,0.794535,0.692211,0.068240,0.489606,0.571343,0.871617,0.759425,0.903172,0.242196,0.098081,0.332959,0.131013,0.210405,0.885148,0.990581,0.476029,0.473379,0.722370,0.419959,0.498731,0.586823,0.689090,0.894193,0.534985,0.089197,0.839799],
[0.288610,0.031698,0.095062,0.369923,0.953674,0.889597,0.062134,0.021913,0.379202,0.633477,0.893531,0.138627,0.536649,0.135727,0.236708,0.869608,0.266740,0.447113,0.754757,0.257321,0.923141,0.228136,0.979691,0.343100,0.726867,0.566514,0.032191,0.621060,0.101499,0.121387,0.460859,0.390109,0.153085,0.555920,0.760032,0.106758,0.445517,0.822166,0.128672,0.824719],
[0.455643,0.022203,0.963346,0.992292,0.157929,0.200054,0.861901,0.424669,0.647167,0.616657,0.681991,0.570308,0.844793,0.661682,0.913409,0.571660,0.228196,0.945599,0.192720,0.329696,0.066987,0.653579,0.719805,0.220072,0.209499,0.479837,0.326830,0.655016,0.302003,0.455502,0.479735,0.757646,0.477705,0.443082,0.749938,0.635634,0.643136,0.611839,0.060303,0.290303],
[0.228496,0.742294,0.860611,0.073289,0.403975,0.774020,0.644950,0.632171,0.719619,0.837670,0.961867,0.786606,0.491248,0.681672,0.006678,0.700748,0.161508,0.333508,0.355764,0.463511,0.789010,0.835499,0.221157,0.266715,0.278581,0.971095,0.902349,0.921717,0.582934,0.962652,0.212019,0.811430,0.704946,0.072631,0.884720,0.108921,0.846650,0.529669,0.741093,0.566270],
[0.367339,0.702960,0.352876,0.858587,0.384631,0.359554,0.559335,0.546140,0.693062,0.915098,0.009651,0.482072,0.750597,0.230808,0.748787,0.029178,0.201904,0.651136,0.950895,0.784838,0.613788,0.162914,0.596268,0.318734,0.235545,0.480988,0.427655,0.082195,0.010657,0.168748,0.648465,0.377996,0.871708,0.001341,0.236583,0.256339,0.360895,0.795918,0.802479,0.053956],
[0.711016,0.812130,0.536029,0.461613,0.042938,0.284816,0.490791,0.244842,0.935952,0.441686,0.029679,0.549740,0.604600,0.625948,0.868475,0.840145,0.106935,0.296130,0.922340,0.117593,0.464878,0.570805,0.495588,0.336586,0.572146,0.732171,0.592925,0.933041,0.528089,0.395404,0.986997,0.239105,0.207534,0.523026,0.700718,0.250472,0.807842,0.191509,0.495313,0.743794],
[0.633195,0.524992,0.293534,0.237795,0.150940,0.162008,0.077940,0.257876,0.458138,0.000281,0.375468,0.923017,0.571086,0.871056,0.259602,0.143232,0.603227,0.852527,0.076273,0.131316,0.247931,0.063270,0.370421,0.455465,0.586295,0.071138,0.705937,0.394137,0.262647,0.201250,0.137931,0.895842,0.726242,0.431465,0.133638,0.877182,0.593473,0.211578,0.135058,0.051612],
[0.211859,0.510526,0.974628,0.782945,0.381582,0.234231,0.926177,0.984809,0.086758,0.002449,0.116126,0.334689,0.065719,0.486546,0.790154,0.652014,0.557685,0.496091,0.046151,0.820332,0.697340,0.184082,0.716175,0.423582,0.615547,0.849812,0.300764,0.209020,0.061390,0.435822,0.260631,0.273249,0.946348,0.235259,0.056194,0.327930,0.469490,0.982370,0.312739,0.556248],
[0.984819,0.428865,0.890937,0.050538,0.915411,0.681091,0.702553,0.473096,0.177182,0.748704,0.293429,0.874522,0.932786,0.009603,0.298105,0.548332,0.859415,0.598869,0.757352,0.920806,0.034691,0.017983,0.194055,0.981039,0.253242,0.250248,0.308969,0.722732,0.232619,0.621708,0.278980,0.217438,0.050573,0.169917,0.267976,0.965984,0.851008,0.970529,0.439080,0.028190],
[0.719233,0.732509,0.902713,0.652019,0.742112,0.200817,0.200351,0.601527,0.799686,0.957703,0.522333,0.834377,0.975686,0.716388,0.815416,0.228928,0.966636,0.124385,0.951661,0.199254,0.746093,0.230641,0.416692,0.796666,0.400558,0.684669,0.762650,0.251566,0.655198,0.201730,0.279757,0.374430,0.934239,0.182469,0.026449,0.676351,0.383286,0.226800,0.277879,0.182973],
[0.184503,0.800212,0.017350,0.160189,0.516599,0.832766,0.389117,0.483235,0.957152,0.340778,0.682490,0.703245,0.571419,0.099182,0.499910,0.971977,0.783851,0.262560,0.223543,0.439048,0.464290,0.503300,0.813479,0.398529,0.685769,0.839928,0.074881,0.069055,0.066728,0.352759,0.252028,0.251230,0.152971,0.269378,0.411419,0.669570,0.102144,0.800536,0.152805,0.059296],
[0.141314,0.835295,0.762540,0.712732,0.934477,0.262450,0.684709,0.718328,0.525011,0.908252,0.157377,0.989301,0.411552,0.970855,0.387830,0.097320,0.810783,0.462711,0.166376,0.877511,0.815470,0.418403,0.128741,0.968441,0.687781,0.540160,0.638011,0.789925,0.340696,0.790816,0.849220,0.482009,0.626111,0.611760,0.194742,0.560588,0.874211,0.879451,0.278916,0.399221],
[0.787703,0.436293,0.388522,0.199255,0.407148,0.776352,0.296575,0.217931,0.239063,0.462951,0.095442,0.054533,0.881354,0.224183,0.022973,0.569134,0.764343,0.660984,0.359059,0.105039,0.451800,0.208279,0.587048,0.077911,0.820040,0.781790,0.638499,0.694251,0.661241,0.917415,0.093472,0.448944,0.353708,0.481994,0.648199,0.760856,0.258346,0.944774,0.978788,0.497409],
[0.407725,0.074230,0.551941,0.289079,0.298414,0.574914,0.858213,0.062757,0.235898,0.217272,0.167796,0.687698,0.425552,0.754844,0.765609,0.245592,0.536634,0.404108,0.939842,0.197876,0.321523,0.033314,0.646820,0.675231,0.515308,0.295019,0.436087,0.773654,0.239793,0.414875,0.271062,0.647518,0.489105,0.823004,0.936597,0.787519,0.397918,0.794810,0.850276,0.633816],
[0.012083,0.018071,0.321514,0.437635,0.772915,0.087123,0.683226,0.309550,0.491230,0.623069,0.507425,0.812753,0.656383,0.154245,0.487984,0.171690,0.449264,0.924071,0.945344,0.689057,0.338946,0.216406,0.336576,0.828052,0.039410,0.273173,0.615571,0.437328,0.067983,0.465846,0.071145,0.080066,0.483917,0.392659,0.517701,0.256833,0.479781,0.200927,0.566382,0.971012],
[0.823996,0.073808,0.783764,0.480378,0.228053,0.271748,0.652069,0.677317,0.195819,0.597413,0.366374,0.534766,0.813819,0.702950,0.362817,0.853229,0.976122,0.978388,0.290558,0.044105,0.444234,0.361702,0.124171,0.928151,0.754361,0.641872,0.184984,0.234143,0.842799,0.751367,0.205154,0.666795,0.825174,0.988919,0.147173,0.053227,0.260667,0.799241,0.730544,0.456486],
[0.396654,0.096918,0.991252,0.210473,0.799868,0.354070,0.063702,0.775990,0.332457,0.354259,0.820095,0.776691,0.715962,0.944266,0.704843,0.470323,0.586138,0.889827,0.704465,0.428937,0.641194,0.909619,0.095731,0.466368,0.898538,0.242904,0.519595,0.159205,0.042146,0.250139,0.615691,0.438799,0.347056,0.606943,0.649272,0.146924,0.961013,0.712974,0.922914,0.293470],
[0.067233,0.743009,0.070162,0.783195,0.687276,0.775004,0.253518,0.273414,0.664831,0.957983,0.702350,0.306025,0.867602,0.798082,0.772393,0.766140,0.040986,0.291988,0.925345,0.083132,0.542126,0.541036,0.521931,0.889182,0.147979,0.171203,0.036107,0.108992,0.884177,0.959021,0.402462,0.951411,0.702030,0.472624,0.734606,0.389305,0.247629,0.988124,0.662719,0.912460],
[0.946107,0.365069,0.218485,0.813709,0.163151,0.990878,0.579850,0.204137,0.282866,0.505195,0.287269,0.824992,0.046231,0.809200,0.714174,0.194210,0.980403,0.750281,0.303203,0.864580,0.709301,0.705665,0.815991,0.411331,0.178289,0.550597,0.800636,0.425918,0.538720,0.463355,0.338378,0.484827,0.828424,0.556863,0.298536,0.991575,0.547741,0.878386,0.195712,0.830606],
[0.383581,0.482981,0.655598,0.429812,0.292181,0.369772,0.624022,0.272584,0.120053,0.927225,0.137164,0.829354,0.632890,0.953155,0.240685,0.811179,0.503752,0.041321,0.237097,0.042472,0.504676,0.575474,0.527299,0.333100,0.132337,0.825836,0.324675,0.680078,0.704222,0.520387,0.510685,0.087802,0.003368,0.166283,0.517614,0.295549,0.536055,0.141636,0.568133,0.656107],
[0.068861,0.705297,0.485461,0.701750,0.658452,0.726146,0.512929,0.162203,0.767467,0.750026,0.204675,0.272142,0.325500,0.731974,0.605242,0.457838,0.557810,0.929917,0.137916,0.262032,0.450305,0.648601,0.349834,0.453673,0.814883,0.867448,0.749222,0.350938,0.009084,0.317355,0.007046,0.077945,0.022652,0.492507,0.779695,0.681104,0.218653,0.292624,0.843308,0.986119],
[0.042650,0.047983,0.258262,0.368150,0.779957,0.863504,0.825988,0.337767,0.793421,0.963903,0.599799,0.243726,0.612504,0.949633,0.697399,0.427388,0.817081,0.446621,0.778326,0.826165,0.763976,0.785371,0.904109,0.786629,0.277878,0.683804,0.467733,0.496531,0.976428,0.311041,0.482650,0.019078,0.359023,0.740912,0.387228,0.138981,0.604416,0.213215,0.476748,0.397837],
[0.177119,0.076547,0.641562,0.789623,0.026180,0.338961,0.217010,0.843260,0.785582,0.995336,0.669425,0.549558,0.780707,0.573535,0.336187,0.058585,0.257339,0.803920,0.555116,0.233767,0.114961,0.037766,0.252844,0.473984,0.778678,0.640072,0.612965,0.383093,0.853287,0.089713,0.780930,0.030406,0.166259,0.422492,0.820028,0.192439,0.761453,0.037039,0.035699,0.547035],
[0.032375,0.705125,0.096593,0.813082,0.278659,0.432780,0.871668,0.535998,0.236701,0.426784,0.769764,0.351662,0.464550,0.022609,0.825646,0.243228,0.662681,0.438611,0.626321,0.515968,0.528324,0.407251,0.546373,0.694583,0.829743,0.366402,0.887022,0.591196,0.403441,0.922721,0.138231,0.435815,0.627846,0.234825,0.248897,0.906505,0.667605,0.120565,0.442503,0.904306],
[0.547349,0.212267,0.255967,0.011899,0.234875,0.081613,0.255126,0.897556,0.520224,0.881448,0.413524,0.048547,0.288699,0.959897,0.743130,0.118443,0.326299,0.630152,0.709639,0.729739,0.552873,0.847870,0.165554,0.180719,0.082695,0.414452,0.087224,0.750300,0.535017,0.529727,0.654606,0.082365,0.741994,0.910573,0.094264,0.976869,0.992186,0.349390,0.874425,0.512410],
[0.230838,0.287949,0.560957,0.519537,0.247845,0.304088,0.637980,0.574144,0.934240,0.347619,0.303883,0.487113,0.195489,0.469438,0.667833,0.278184,0.883890,0.755057,0.028484,0.418906,0.284783,0.683090,0.501272,0.026777,0.593663,0.595536,0.003646,0.585849,0.944926,0.878071,0.098259,0.175764,0.166020,0.659216,0.695301,0.413865,0.963304,0.333281,0.988009,0.897544],
[0.680900,0.291892,0.384657,0.876390,0.761330,0.052490,0.154574,0.645220,0.807546,0.183058,0.064126,0.092330,0.866148,0.565398,0.119106,0.459811,0.160933,0.122752,0.045660,0.105859,0.000823,0.143919,0.281623,0.166843,0.803136,0.976924,0.580708,0.766439,0.310206,0.568717,0.663983,0.991106,0.860609,0.048640,0.867496,0.621939,0.101130,0.022070,0.267159,0.908676],
[0.205128,0.331285,0.001006,0.071276,0.896683,0.120112,0.531088,0.057616,0.242865,0.576748,0.163475,0.243688,0.720667,0.445098,0.410531,0.523803,0.422022,0.991239,0.290242,0.732228,0.559955,0.954225,0.723334,0.420565,0.002866,0.590829,0.042504,0.103996,0.612899,0.309663,0.012672,0.818027,0.640948,0.013677,0.889304,0.537631,0.133789,0.420392,0.595247,0.376654],
[0.997140,0.758721,0.620342,0.717807,0.203819,0.030872,0.241610,0.625841,0.022111,0.531852,0.358069,0.582066,0.486077,0.081403,0.002631,0.488943,0.672232,0.045135,0.592939,0.285131,0.354799,0.605610,0.103159,0.995747,0.619288,0.992462,0.533379,0.753077,0.412854,0.128625,0.129731,0.409994,0.887347,0.750073,0.127800,0.091166,0.780945,0.369410,0.717007,0.803056],
[0.901262,0.075076,0.385122,0.387339,0.156478,0.387754,0.876283,0.828710,0.432889,0.469221,0.113842,0.787688,0.074832,0.217000,0.783435,0.694119,0.209463,0.316814,0.447196,0.622317,0.445439,0.576927,0.032310,0.332786,0.326999,0.160111,0.423952,0.107944,0.529521,0.140959,0.911000,0.430783,0.216035,0.296123,0.818122,0.372513,0.683877,0.694405,0.201223,0.116766],
[0.163626,0.315065,0.904454,0.238458,0.532066,0.687889,0.932577,0.741528,0.004703,0.379773,0.363845,0.450142,0.956699,0.396155,0.782928,0.283699,0.556266,0.206880,0.391643,0.085786,0.347839,0.302643,0.516569,0.563873,0.598766,0.334691,0.936386,0.282643,0.029096,0.137610,0.399409,0.192722,0.452675,0.303862,0.431180,0.984740,0.991751,0.363757,0.726268,0.996454]]];

c=[[10,7,3,4,7,9,5,5,9,10,7,1,1,3,7,4,9,3,6,9,1,9,4,9,1,10,8,9,1,6,8,2,2,10,7,10,8,4,4,9],
[3,10,1,5,2,7,8,2,10,5,10,2,5,6,2,5,5,10,3,7,7,2,10,10,2,6,9,1,1,2,1,5,1,2,9,5,8,8,8,9],
[3,10,1,9,5,2,4,1,3,8,9,1,10,10,10,3,7,8,3,8,1,4,2,4,7,3,10,4,10,7,5,4,8,5,3,4,8,8,6,3],
[5,6,3,4,5,3,6,2,2,1,9,3,6,2,8,2,4,7,7,6,5,1,1,3,7,3,8,5,10,4,7,7,1,1,2,6,5,10,7,7],
[10,7,1,7,8,8,8,4,4,6,9,8,7,9,2,3,4,2,9,3,7,7,1,7,8,3,2,4,2,8,10,1,4,2,9,4,9,8,7,4],
[3,5,4,1,5,7,6,8,8,4,3,4,3,5,3,2,7,4,5,8,4,7,10,7,8,8,2,9,5,8,4,10,4,7,10,1,6,7,10,3],
[3,2,9,5,7,1,8,5,4,2,3,7,8,2,6,8,2,9,8,8,7,1,7,2,10,9,2,5,5,2,7,7,5,7,3,3,7,10,8,3],
[4,10,1,1,3,8,10,4,7,7,2,5,8,10,6,9,10,8,3,7,9,9,3,5,6,8,8,4,7,5,6,10,4,7,3,8,4,4,2,2],
[1,5,6,10,6,2,8,6,1,2,2,1,10,6,5,7,5,2,3,2,6,8,3,1,6,7,9,10,1,2,3,3,8,9,4,3,10,3,8,10],
[4,1,10,5,9,6,4,3,8,6,6,5,3,1,6,9,7,6,10,9,9,2,3,6,2,6,8,1,10,8,2,5,10,3,10,8,9,5,3,8],
[10,8,2,4,8,9,4,7,6,5,7,4,9,10,9,10,7,9,3,7,6,4,1,5,9,2,5,9,8,7,8,7,6,1,3,6,2,6,2,7],
[1,8,3,9,9,3,8,6,1,10,2,8,6,4,5,6,8,1,6,5,7,3,4,4,5,6,9,6,1,2,3,3,2,7,3,10,9,1,7,2],
[2,10,9,9,4,5,6,3,5,3,9,1,7,2,7,2,7,7,7,10,9,1,2,2,7,5,3,8,7,10,9,10,9,7,1,4,2,8,8,6],
[1,7,9,7,8,7,10,7,3,7,8,1,9,1,4,8,5,7,5,3,8,3,5,8,1,5,2,4,2,1,10,4,7,10,1,7,6,10,5,10],
[8,2,1,9,2,6,6,9,4,10,3,1,4,7,9,4,1,2,8,5,4,9,8,1,10,10,9,7,2,3,6,1,6,8,9,9,4,4,7,7],
[5,10,10,8,6,10,4,9,3,3,5,6,1,4,6,10,4,6,8,7,10,3,7,5,1,6,6,6,1,2,4,8,3,3,7,1,2,10,9,4],
[2,3,10,4,6,7,5,1,5,2,7,4,5,6,1,7,3,6,4,3,9,7,2,2,2,9,2,3,10,2,9,2,6,10,7,1,8,2,4,2],
[3,2,8,9,7,8,7,9,5,10,4,3,7,5,6,8,5,7,2,5,8,2,8,3,3,4,6,3,7,1,4,10,2,3,10,9,2,9,9,6],
[8,2,1,6,9,6,5,3,5,9,7,4,2,6,9,5,10,6,7,6,6,2,7,7,5,9,7,8,7,6,6,4,9,8,2,7,5,6,10,9],
[6,8,5,8,4,3,2,5,8,10,2,5,1,9,3,7,9,10,7,5,7,2,8,7,9,1,4,3,9,5,4,4,4,8,1,9,2,4,3,1],
[3,7,5,6,5,9,4,3,10,2,9,6,3,8,3,3,9,8,6,7,2,1,2,7,8,3,6,1,8,10,1,3,6,7,10,2,5,5,6,5],
[7,4,2,9,2,6,2,10,3,9,8,6,9,9,3,8,3,8,8,1,7,8,5,3,6,4,4,2,8,10,6,4,5,10,5,6,5,8,7,8],
[6,4,3,6,5,7,3,7,6,10,9,5,9,3,9,4,8,4,5,6,3,3,1,10,2,5,5,6,4,2,5,9,7,10,4,3,6,8,10,4],
[7,10,8,7,3,6,2,10,9,9,7,4,1,8,3,4,4,9,1,8,10,6,8,9,7,4,1,4,1,2,7,10,2,4,8,6,9,10,7,8],
[8,4,1,10,3,5,5,8,3,5,7,5,2,5,3,8,10,5,2,2,7,8,3,10,4,1,5,2,10,1,1,9,6,1,10,8,7,4,6,10],
[10,2,4,2,8,8,1,9,2,4,1,10,4,5,1,7,5,5,8,6,8,9,4,3,1,5,3,8,8,8,9,8,1,2,1,1,9,1,9,2],
[5,1,4,8,6,6,4,2,1,3,8,10,3,3,4,4,8,6,3,5,5,1,4,8,4,4,8,4,5,8,7,1,9,2,10,6,8,5,7,10],
[7,6,9,10,9,4,5,8,10,9,4,6,1,8,3,4,1,2,9,7,10,5,9,10,7,8,7,6,2,3,5,9,9,3,10,9,8,6,6,7],
[4,9,3,4,8,7,9,1,9,9,7,10,3,8,9,1,5,5,6,9,9,2,9,9,6,8,9,4,5,4,10,8,5,4,3,2,1,3,2,1],
[1,1,10,5,8,8,8,4,4,5,2,4,7,10,3,2,7,1,5,3,7,7,10,3,2,4,4,4,6,8,4,8,10,3,3,7,2,10,2,7],
[6,4,1,2,3,5,6,2,7,2,4,5,8,6,7,2,9,3,5,7,10,9,4,1,3,8,7,7,7,10,3,5,3,5,6,6,1,1,9,8],
[3,4,2,2,9,1,5,8,3,10,6,4,10,9,4,4,7,2,10,5,1,5,9,4,9,5,1,10,7,1,9,1,4,2,5,3,2,9,2,4],
[8,7,9,9,5,2,3,3,5,4,8,6,8,6,1,9,2,3,10,1,3,8,1,8,9,7,10,3,6,3,6,5,9,5,4,6,8,8,8,3],
[1,5,10,1,3,2,9,6,4,10,6,8,7,9,5,7,5,5,9,2,7,7,7,8,3,2,3,2,9,2,4,1,9,5,1,1,6,1,8,9],
[10,6,6,8,4,1,7,10,7,7,4,5,3,10,4,7,1,6,9,1,10,4,1,8,9,2,10,4,4,7,3,4,2,10,3,7,2,9,9,10],
[8,2,7,2,3,10,9,3,8,7,5,7,10,5,4,10,8,3,4,2,9,8,7,3,7,1,1,9,2,9,10,9,2,6,10,4,6,8,6,3],
[6,2,9,8,7,4,7,4,6,10,7,6,7,5,8,6,6,9,6,7,9,5,5,1,1,6,4,8,6,2,2,1,3,10,10,1,5,9,7,10],
[10,3,7,9,8,5,4,5,5,9,1,5,5,7,5,7,4,1,4,9,4,5,2,6,6,3,7,10,1,5,1,1,7,8,9,6,4,4,2,10],
[4,4,4,8,10,1,5,6,1,10,4,4,7,7,1,2,10,9,4,10,3,4,10,2,3,10,7,8,3,9,7,6,2,3,6,4,3,2,1,5],
[1,4,10,7,3,2,1,2,1,4,1,3,9,3,4,4,2,3,1,7,3,10,4,6,2,9,1,6,10,1,2,3,7,3,1,9,4,1,10,4],
];
