m=40;
n=40;
p=3;
q=3;

alpha=[0.651300,0.916231,0.841354,0.712005,0.738756,0.964360];

proba=[[[0.246005,0.214340,0.165741,0.604168,0.094774,0.033122,0.341628,0.171001,0.993920,0.881491,0.204735,0.926174,0.203934,0.095691,0.217030,0.996832,0.600135,0.329149,0.379544,0.723311,0.205435,0.495107,0.936795,0.063429,0.983845,0.239396,0.895890,0.666552,0.663406,0.373401,0.595271,0.909411,0.587741,0.761013,0.513579,0.682515,0.794135,0.855207,0.853516,0.788055],
[0.736698,0.058251,0.714229,0.940631,0.153942,0.931260,0.937463,0.754077,0.260409,0.317007,0.477388,0.465844,0.812114,0.414184,0.529273,0.795959,0.653580,0.425163,0.462511,0.316985,0.798565,0.057782,0.226396,0.386306,0.818795,0.739975,0.068821,0.612930,0.595182,0.922337,0.400985,0.331879,0.980589,0.115214,0.272511,0.134531,0.046474,0.209974,0.888608,0.306882],
[0.526981,0.365997,0.772727,0.339095,0.780180,0.302000,0.135054,0.433760,0.727163,0.597565,0.750745,0.525727,0.655347,0.977141,0.912033,0.474143,0.717116,0.980854,0.087073,0.312298,0.903191,0.488057,0.644177,0.883780,0.603271,0.916688,0.018311,0.649745,0.126662,0.906919,0.956627,0.653643,0.272915,0.729354,0.992738,0.053096,0.031353,0.127792,0.486856,0.758516],
[0.725357,0.237601,0.284243,0.380704,0.214742,0.196276,0.854847,0.931859,0.177130,0.941919,0.244157,0.080321,0.429976,0.888335,0.964101,0.033248,0.805023,0.982412,0.682992,0.931684,0.889330,0.639619,0.585327,0.162246,0.368973,0.578065,0.215342,0.400326,0.705857,0.702197,0.158842,0.431213,0.939798,0.443085,0.811917,0.154541,0.639361,0.666764,0.086400,0.816491],
[0.608683,0.330557,0.896812,0.038660,0.218891,0.860913,0.071907,0.023914,0.843325,0.754899,0.955598,0.732655,0.394519,0.540925,0.894901,0.763492,0.118991,0.110242,0.163818,0.824847,0.812440,0.322661,0.256061,0.752238,0.765746,0.067978,0.906779,0.405108,0.734742,0.993179,0.221599,0.343425,0.323736,0.118411,0.382085,0.542627,0.979324,0.453992,0.566541,0.822649],
[0.208892,0.522139,0.555304,0.603411,0.063064,0.450205,0.366903,0.182055,0.560447,0.530721,0.006902,0.372887,0.853382,0.262963,0.125125,0.619128,0.330941,0.031904,0.024235,0.065683,0.025083,0.245834,0.409109,0.348819,0.364245,0.791194,0.891446,0.343569,0.245186,0.457986,0.166218,0.454078,0.980125,0.721521,0.057488,0.043189,0.171726,0.424391,0.225244,0.732173],
[0.955112,0.232147,0.105060,0.808494,0.495109,0.230185,0.427621,0.826050,0.262089,0.451857,0.891734,0.287172,0.697691,0.300842,0.635991,0.061936,0.092036,0.527436,0.405504,0.337222,0.985422,0.571722,0.791300,0.965548,0.293243,0.848788,0.008737,0.464969,0.273179,0.233981,0.197142,0.228291,0.466128,0.302201,0.036785,0.961237,0.532386,0.464407,0.787288,0.794475],
[0.916263,0.679022,0.081646,0.613954,0.979864,0.717637,0.675890,0.071900,0.245073,0.081394,0.409122,0.230496,0.653116,0.200422,0.196043,0.946359,0.049210,0.204780,0.411328,0.322389,0.438762,0.608470,0.550681,0.904890,0.910671,0.587466,0.866127,0.443057,0.051872,0.653415,0.237532,0.968136,0.332437,0.319178,0.582090,0.312301,0.036815,0.257979,0.384201,0.281888],
[0.339373,0.793323,0.512384,0.992489,0.993745,0.708427,0.938848,0.042955,0.913208,0.350176,0.365344,0.351969,0.958646,0.916025,0.256859,0.869318,0.503491,0.122987,0.312375,0.555363,0.776402,0.549906,0.523499,0.108838,0.869084,0.105589,0.421139,0.905899,0.363568,0.805340,0.187788,0.702941,0.598662,0.700171,0.695430,0.592407,0.408599,0.634279,0.635361,0.321806],
[0.984455,0.000706,0.673776,0.943101,0.916730,0.930635,0.812419,0.420221,0.053621,0.124794,0.975585,0.830023,0.674700,0.499084,0.938861,0.543784,0.604673,0.360000,0.449683,0.968241,0.165340,0.637471,0.671182,0.764002,0.337642,0.366612,0.356409,0.746241,0.000891,0.991771,0.068047,0.985346,0.992476,0.741822,0.928447,0.909207,0.672457,0.740866,0.329428,0.726079],
[0.865660,0.305013,0.556102,0.540359,0.804096,0.494963,0.084143,0.408769,0.854964,0.533826,0.377010,0.020304,0.171297,0.048192,0.784306,0.508939,0.414804,0.140715,0.255180,0.415695,0.132486,0.323226,0.401041,0.124962,0.065049,0.329488,0.034168,0.737506,0.070354,0.363596,0.463585,0.936014,0.668609,0.019687,0.476373,0.472705,0.514650,0.560517,0.881475,0.369614],
[0.094343,0.258484,0.389918,0.265640,0.306676,0.174224,0.774579,0.721480,0.314940,0.029759,0.137175,0.447425,0.352985,0.538216,0.572387,0.418034,0.867704,0.606556,0.155540,0.938058,0.970152,0.619125,0.874072,0.638761,0.638812,0.350445,0.111466,0.153462,0.910962,0.992941,0.523076,0.005305,0.251425,0.912994,0.270945,0.558101,0.087218,0.045525,0.279581,0.402158],
[0.075284,0.416756,0.849583,0.428269,0.954972,0.421970,0.846304,0.822675,0.028526,0.001844,0.760733,0.998678,0.620969,0.634805,0.637439,0.259781,0.985250,0.748905,0.413244,0.896212,0.741846,0.936320,0.901517,0.993271,0.849314,0.172463,0.551372,0.936533,0.217988,0.830953,0.338691,0.293271,0.247710,0.188274,0.721541,0.202682,0.610244,0.567844,0.025357,0.638770],
[0.569688,0.786090,0.637448,0.190658,0.420895,0.274887,0.450439,0.406146,0.023792,0.863683,0.302358,0.765638,0.800003,0.203875,0.758908,0.649317,0.376338,0.310280,0.585850,0.594325,0.141234,0.924540,0.887597,0.388944,0.112814,0.609137,0.591625,0.723058,0.176982,0.616983,0.361829,0.746670,0.403073,0.999277,0.937328,0.823969,0.274164,0.387767,0.230114,0.297956],
[0.251450,0.532472,0.063593,0.051453,0.736347,0.822502,0.700770,0.112685,0.132782,0.286620,0.707010,0.274016,0.211160,0.594606,0.662960,0.323974,0.203744,0.254585,0.047032,0.380725,0.871568,0.408861,0.127395,0.274641,0.408138,0.064723,0.098610,0.682302,0.452490,0.328724,0.980257,0.703940,0.861196,0.043851,0.755393,0.597543,0.866353,0.456163,0.710227,0.999135],
[0.742783,0.417237,0.273151,0.953943,0.011843,0.936110,0.277917,0.215587,0.190696,0.324949,0.596312,0.062264,0.733810,0.723707,0.336905,0.141948,0.788430,0.435514,0.824250,0.240920,0.764238,0.804507,0.944860,0.625434,0.848358,0.700253,0.222976,0.714710,0.156416,0.933204,0.713845,0.899198,0.350440,0.986996,0.853141,0.362284,0.923106,0.131058,0.577870,0.113802],
[0.456007,0.174182,0.176065,0.189817,0.897889,0.512970,0.331765,0.686319,0.948484,0.156014,0.927239,0.712722,0.960521,0.872099,0.338156,0.808879,0.572352,0.561133,0.523590,0.728768,0.494336,0.237435,0.627966,0.844777,0.224430,0.481107,0.207060,0.147536,0.612165,0.784930,0.261338,0.068171,0.959112,0.437403,0.257988,0.857001,0.950373,0.589753,0.543321,0.898857],
[0.745767,0.470560,0.611580,0.706288,0.342659,0.949736,0.515168,0.915011,0.510868,0.038757,0.643779,0.005205,0.276192,0.271746,0.849981,0.500622,0.752853,0.057041,0.648158,0.365017,0.841972,0.909496,0.433189,0.801084,0.346899,0.691177,0.658085,0.297272,0.280930,0.201406,0.196130,0.026697,0.671966,0.807709,0.732985,0.014625,0.757445,0.248153,0.929636,0.268313],
[0.286910,0.573416,0.273518,0.563101,0.845161,0.123499,0.063723,0.598014,0.180540,0.711882,0.963031,0.022512,0.621378,0.396220,0.823596,0.968277,0.087397,0.481682,0.265550,0.368327,0.683088,0.461679,0.395024,0.355053,0.269388,0.128009,0.369678,0.026833,0.376162,0.299315,0.295146,0.663072,0.872730,0.568664,0.226173,0.717892,0.692163,0.289896,0.315906,0.872704],
[0.001778,0.278937,0.895216,0.623156,0.675157,0.718812,0.591433,0.762554,0.200494,0.856982,0.130880,0.883581,0.318662,0.525904,0.238634,0.588050,0.653913,0.608313,0.614883,0.030075,0.907627,0.910030,0.693146,0.780358,0.478694,0.919319,0.498249,0.170857,0.209216,0.814155,0.043561,0.210993,0.093092,0.938777,0.834149,0.768249,0.657589,0.425582,0.530802,0.858082],
[0.282564,0.661683,0.741663,0.601226,0.187586,0.980297,0.189276,0.841499,0.588610,0.804159,0.871574,0.496237,0.714188,0.564720,0.276595,0.192882,0.484039,0.774844,0.363739,0.693255,0.588999,0.407300,0.904248,0.682091,0.346077,0.738397,0.450340,0.003665,0.163979,0.981142,0.861747,0.446543,0.642824,0.603410,0.047769,0.830411,0.583708,0.237045,0.671910,0.172318],
[0.041204,0.543484,0.668555,0.755392,0.108204,0.945150,0.948275,0.592243,0.719994,0.312014,0.285497,0.308993,0.719314,0.189745,0.991084,0.065390,0.928142,0.441424,0.069056,0.092121,0.422566,0.930803,0.538665,0.065390,0.534213,0.586434,0.895801,0.117921,0.823479,0.567711,0.290239,0.864683,0.111195,0.958794,0.620075,0.219398,0.903944,0.568350,0.811641,0.623938],
[0.880364,0.097138,0.932931,0.599678,0.286883,0.924016,0.665068,0.215025,0.365440,0.734124,0.307147,0.788006,0.664927,0.845811,0.853396,0.199140,0.432245,0.749197,0.317060,0.255724,0.316908,0.607299,0.120407,0.428103,0.566093,0.740482,0.647501,0.470036,0.308832,0.459142,0.093974,0.189196,0.556280,0.026905,0.788874,0.843163,0.950921,0.453942,0.058188,0.316361],
[0.188066,0.365335,0.104366,0.852992,0.211146,0.957762,0.052132,0.643391,0.706959,0.369192,0.899115,0.023867,0.976491,0.019522,0.451969,0.542584,0.760004,0.099470,0.012620,0.068835,0.558612,0.106594,0.258031,0.114892,0.133499,0.046905,0.958055,0.084420,0.500847,0.016243,0.400781,0.688912,0.381578,0.505147,0.541904,0.592724,0.462909,0.594036,0.236115,0.169868],
[0.963229,0.135229,0.193735,0.939720,0.154751,0.645705,0.482304,0.914755,0.745175,0.494924,0.983590,0.303788,0.601518,0.241621,0.418680,0.735017,0.288526,0.376735,0.819438,0.789372,0.392978,0.220219,0.478285,0.774555,0.725366,0.020189,0.367279,0.188276,0.614225,0.603393,0.358144,0.577454,0.738623,0.551879,0.517174,0.893374,0.197584,0.999478,0.808128,0.942759],
[0.494401,0.791718,0.246547,0.095919,0.033340,0.665226,0.830936,0.321866,0.041961,0.650374,0.111238,0.434939,0.870593,0.589523,0.209494,0.595959,0.609712,0.576773,0.784235,0.223937,0.180166,0.142379,0.801391,0.918789,0.694258,0.318565,0.812163,0.891842,0.318043,0.620291,0.834601,0.812444,0.412010,0.081148,0.908363,0.445349,0.746375,0.739300,0.767215,0.788336],
[0.389674,0.878453,0.223274,0.260267,0.467975,0.432768,0.856226,0.077687,0.009541,0.640460,0.301624,0.189707,0.782839,0.103015,0.108496,0.477097,0.421580,0.920659,0.368939,0.739623,0.540950,0.203540,0.552067,0.952959,0.284688,0.460430,0.398308,0.031063,0.199730,0.165523,0.819399,0.589404,0.043976,0.042673,0.849670,0.511951,0.475441,0.705896,0.589638,0.484982],
[0.346356,0.891262,0.674689,0.129195,0.994277,0.783185,0.606291,0.415858,0.703844,0.975230,0.155481,0.244793,0.178770,0.707548,0.197752,0.463458,0.167979,0.596061,0.494521,0.367709,0.761584,0.313920,0.957113,0.805559,0.356593,0.806783,0.317510,0.832035,0.512679,0.907148,0.317017,0.859035,0.798410,0.991706,0.988230,0.792688,0.774891,0.594522,0.208546,0.478734],
[0.569752,0.364027,0.723528,0.748522,0.071575,0.921280,0.211980,0.239554,0.517341,0.706501,0.607263,0.278924,0.020421,0.564375,0.084483,0.377015,0.371158,0.401993,0.209049,0.883838,0.309142,0.526066,0.742873,0.107552,0.517772,0.731103,0.900240,0.292663,0.325625,0.108786,0.771397,0.895377,0.472812,0.494925,0.643898,0.544387,0.416204,0.855878,0.783941,0.933545],
[0.562380,0.391204,0.212469,0.582801,0.955579,0.296952,0.959816,0.326738,0.698946,0.168865,0.210575,0.008088,0.694930,0.953448,0.115640,0.212702,0.684552,0.015879,0.505365,0.010177,0.124665,0.276762,0.905553,0.597477,0.771686,0.549452,0.141865,0.187891,0.405330,0.925806,0.121436,0.967710,0.317010,0.333905,0.550510,0.272589,0.630857,0.510326,0.599326,0.329803],
[0.679191,0.809902,0.337890,0.374121,0.763350,0.453530,0.586823,0.447902,0.469409,0.092188,0.458078,0.594074,0.368949,0.363632,0.191551,0.140635,0.913083,0.333416,0.328526,0.318413,0.259222,0.449961,0.286123,0.576231,0.783866,0.836633,0.848820,0.414723,0.346959,0.448146,0.744526,0.026150,0.258048,0.082416,0.400271,0.021398,0.535946,0.987094,0.469300,0.005355],
[0.079282,0.927378,0.599429,0.448231,0.291010,0.790981,0.588866,0.204093,0.124397,0.917392,0.522506,0.383618,0.367354,0.808629,0.959850,0.151220,0.645263,0.808670,0.565943,0.992222,0.256816,0.310469,0.018372,0.514864,0.392885,0.418643,0.536262,0.928831,0.405737,0.005561,0.934186,0.485019,0.932939,0.533616,0.933249,0.223949,0.324596,0.522116,0.428042,0.448993],
[0.439508,0.950549,0.832611,0.806861,0.759178,0.792461,0.958081,0.404441,0.601131,0.524024,0.396663,0.857947,0.834493,0.415035,0.372811,0.227378,0.833678,0.909073,0.156209,0.239415,0.914634,0.090395,0.724434,0.847573,0.624010,0.657683,0.071522,0.948607,0.179799,0.499565,0.397600,0.619307,0.450113,0.230211,0.426168,0.209291,0.022672,0.384249,0.613732,0.623803],
[0.908273,0.010395,0.481750,0.742766,0.425430,0.854561,0.970143,0.259109,0.763633,0.126352,0.498524,0.678267,0.216747,0.222957,0.525841,0.840757,0.880641,0.597363,0.789364,0.060439,0.096928,0.186964,0.679746,0.547041,0.417175,0.105914,0.756332,0.439847,0.490163,0.370065,0.063650,0.398437,0.380460,0.545400,0.141202,0.805890,0.399961,0.111346,0.064999,0.163594],
[0.237698,0.563523,0.841861,0.454444,0.786480,0.367702,0.295202,0.667121,0.965065,0.084566,0.727560,0.061992,0.271530,0.407306,0.609033,0.688705,0.513220,0.365366,0.128552,0.003384,0.735430,0.192202,0.401821,0.115890,0.737602,0.543023,0.921781,0.137563,0.654369,0.986779,0.301157,0.892066,0.550302,0.143018,0.346511,0.336782,0.510720,0.641713,0.003903,0.475785],
[0.726278,0.731463,0.537777,0.997808,0.138769,0.146811,0.686512,0.651990,0.512176,0.815064,0.655374,0.247607,0.007266,0.057194,0.363497,0.744868,0.600217,0.285277,0.882431,0.254586,0.272057,0.183588,0.146652,0.822359,0.326606,0.493163,0.159141,0.837325,0.134876,0.163044,0.313110,0.861154,0.894506,0.850887,0.858962,0.033276,0.997698,0.545474,0.685265,0.509874],
[0.360538,0.340639,0.757481,0.367804,0.397833,0.120978,0.112672,0.998050,0.406255,0.995103,0.252636,0.678312,0.178691,0.399289,0.500671,0.505296,0.892452,0.659811,0.342622,0.027328,0.822855,0.655732,0.888482,0.717361,0.506619,0.747444,0.750637,0.504317,0.292918,0.435902,0.014191,0.653456,0.776541,0.771672,0.021260,0.174374,0.892649,0.133933,0.172425,0.298904],
[0.129036,0.425061,0.977216,0.307727,0.824349,0.477886,0.813023,0.716801,0.137698,0.155645,0.744129,0.960553,0.811376,0.632611,0.677914,0.317995,0.380055,0.428551,0.822312,0.672972,0.864453,0.836502,0.326428,0.640994,0.608174,0.347688,0.815369,0.500823,0.481621,0.987793,0.799727,0.610657,0.412854,0.776943,0.918383,0.237204,0.254829,0.731406,0.954005,0.392527],
[0.887051,0.698134,0.353080,0.698427,0.330745,0.030994,0.016422,0.710800,0.459544,0.838733,0.383772,0.323997,0.675236,0.710200,0.964992,0.283410,0.057888,0.780361,0.784233,0.539509,0.768154,0.583960,0.150165,0.181008,0.360903,0.068548,0.418212,0.615733,0.799954,0.372217,0.008260,0.687005,0.070351,0.361339,0.385432,0.401096,0.392333,0.401854,0.111896,0.851877],
[0.240587,0.495668,0.175875,0.915823,0.205867,0.140867,0.199233,0.263755,0.921227,0.983466,0.803264,0.689381,0.567426,0.953429,0.870389,0.928329,0.021978,0.288601,0.544062,0.821932,0.660818,0.552321,0.508937,0.731169,0.913661,0.894369,0.132265,0.305994,0.296222,0.244161,0.157871,0.536809,0.739829,0.333746,0.452632,0.945696,0.474612,0.651865,0.209451,0.395839]],
[[0.635331,0.012715,0.085220,0.202757,0.966145,0.955610,0.131086,0.988122,0.244211,0.675147,0.810055,0.905029,0.227469,0.318992,0.636198,0.141129,0.213361,0.768463,0.447123,0.509583,0.012624,0.604994,0.046392,0.752453,0.938739,0.499025,0.698149,0.413351,0.150890,0.907600,0.809191,0.786221,0.920316,0.894411,0.988978,0.886460,0.850020,0.120063,0.874583,0.094231],
[0.795211,0.684637,0.999260,0.022680,0.003629,0.635457,0.163809,0.216989,0.403920,0.610932,0.726572,0.416544,0.215926,0.772965,0.168997,0.154665,0.271989,0.867146,0.568016,0.422879,0.774746,0.377207,0.209100,0.695061,0.271618,0.198078,0.581522,0.121638,0.318141,0.456104,0.215869,0.113352,0.140741,0.215128,0.136032,0.144370,0.850586,0.299841,0.361360,0.254506],
[0.910773,0.087932,0.671051,0.126698,0.860897,0.840048,0.281363,0.132886,0.707194,0.849380,0.555766,0.481939,0.226587,0.764866,0.177001,0.498204,0.962944,0.758523,0.619842,0.281085,0.214627,0.835711,0.394437,0.355368,0.050840,0.530469,0.499739,0.901425,0.830310,0.861098,0.155931,0.741082,0.949030,0.826982,0.867781,0.809927,0.667030,0.149144,0.942813,0.374223],
[0.998524,0.498579,0.856163,0.225111,0.263445,0.033164,0.723315,0.226388,0.791686,0.343157,0.507473,0.006313,0.178868,0.901910,0.361682,0.229708,0.432379,0.861420,0.131133,0.262688,0.722518,0.287065,0.003771,0.671549,0.114047,0.871552,0.481476,0.781077,0.020696,0.424289,0.155300,0.019220,0.922868,0.011463,0.244331,0.186312,0.044626,0.967646,0.412701,0.836313],
[0.310804,0.920174,0.842626,0.489672,0.822084,0.204307,0.719380,0.254463,0.065728,0.850513,0.517151,0.788246,0.137578,0.520922,0.459795,0.251625,0.392474,0.941270,0.032702,0.413170,0.365559,0.188002,0.432390,0.288427,0.199464,0.676721,0.474739,0.244091,0.644367,0.887440,0.080404,0.955170,0.807614,0.923030,0.444842,0.629698,0.127337,0.164222,0.884161,0.193065],
[0.014736,0.401312,0.981311,0.152314,0.922234,0.441105,0.403939,0.314708,0.382376,0.436641,0.727878,0.747935,0.624642,0.160267,0.036362,0.824107,0.836988,0.511101,0.068198,0.481355,0.398541,0.148601,0.436525,0.206155,0.071631,0.881368,0.835853,0.198968,0.045590,0.720013,0.392033,0.060326,0.121325,0.373344,0.212640,0.043559,0.814449,0.616579,0.358267,0.196825],
[0.053219,0.086145,0.944760,0.677861,0.246412,0.981121,0.501968,0.083401,0.492223,0.570166,0.564756,0.890764,0.718767,0.001281,0.096919,0.790398,0.882649,0.932771,0.989366,0.928239,0.652785,0.381399,0.988565,0.774110,0.754742,0.201205,0.817669,0.569191,0.817783,0.175936,0.766016,0.871002,0.262081,0.710775,0.548864,0.508494,0.691897,0.050832,0.591894,0.184119],
[0.620998,0.156650,0.074883,0.339765,0.157931,0.171802,0.130162,0.040580,0.104573,0.119528,0.968819,0.757357,0.500927,0.957384,0.531467,0.255669,0.158588,0.349136,0.824860,0.976372,0.525072,0.590876,0.847374,0.787154,0.301651,0.396238,0.295647,0.993548,0.447070,0.887542,0.177667,0.068068,0.044192,0.252550,0.407833,0.202123,0.424351,0.537995,0.242703,0.528924],
[0.657523,0.211522,0.286281,0.158450,0.168905,0.817748,0.414119,0.327494,0.166884,0.238979,0.303865,0.691957,0.829855,0.151239,0.479111,0.131506,0.547477,0.774758,0.125054,0.994547,0.662300,0.302721,0.062615,0.706492,0.555270,0.470448,0.908614,0.979621,0.008443,0.151317,0.508546,0.665966,0.362839,0.794827,0.824417,0.531744,0.612575,0.238536,0.859238,0.779460],
[0.477515,0.163103,0.471416,0.307370,0.314343,0.950527,0.438876,0.861820,0.725285,0.563930,0.856368,0.387585,0.866650,0.918983,0.094076,0.421921,0.389431,0.002691,0.401542,0.397874,0.154008,0.910088,0.063840,0.516847,0.704914,0.888257,0.048592,0.317490,0.126793,0.907830,0.096949,0.604308,0.070933,0.568366,0.911678,0.385276,0.518893,0.350554,0.247096,0.244178],
[0.914484,0.103464,0.631763,0.781135,0.022447,0.725839,0.203055,0.411877,0.728530,0.604597,0.809751,0.882538,0.514685,0.873592,0.399385,0.219600,0.761849,0.447977,0.537089,0.888641,0.355806,0.634038,0.492949,0.426740,0.202404,0.404628,0.812016,0.721297,0.755182,0.059112,0.965475,0.669666,0.162575,0.597237,0.450801,0.185022,0.323077,0.653856,0.596899,0.051606],
[0.258454,0.406651,0.934144,0.773139,0.280242,0.333530,0.992738,0.042091,0.781506,0.529828,0.930732,0.137313,0.163866,0.423682,0.564052,0.366270,0.828309,0.376068,0.087567,0.583492,0.435180,0.053042,0.253158,0.597755,0.650280,0.703959,0.782777,0.973356,0.357815,0.379677,0.024963,0.616269,0.786327,0.959107,0.389408,0.066570,0.292637,0.382146,0.108661,0.074143],
[0.911974,0.039393,0.211455,0.075840,0.463075,0.775508,0.442110,0.291384,0.151576,0.529678,0.874876,0.586756,0.582720,0.128034,0.184511,0.232999,0.831992,0.967288,0.206356,0.189807,0.346965,0.231318,0.806076,0.133292,0.190425,0.195484,0.199862,0.483062,0.577630,0.308522,0.557204,0.489604,0.347915,0.768660,0.565444,0.810990,0.544167,0.007554,0.102374,0.695743],
[0.537232,0.977250,0.282499,0.119952,0.105283,0.467009,0.352951,0.937276,0.434298,0.559307,0.127083,0.781262,0.790625,0.933159,0.914555,0.981050,0.128643,0.114416,0.464111,0.706273,0.422939,0.021316,0.195877,0.770854,0.789975,0.761321,0.581844,0.334143,0.768875,0.684218,0.029886,0.306107,0.661468,0.312384,0.426059,0.766752,0.779393,0.779010,0.704028,0.213691],
[0.338317,0.831111,0.994954,0.128942,0.764270,0.909508,0.109992,0.892913,0.023925,0.574103,0.599186,0.446864,0.595419,0.795063,0.217718,0.385394,0.556383,0.799562,0.719537,0.325258,0.483780,0.749422,0.631365,0.145249,0.061807,0.057424,0.912000,0.841200,0.836435,0.616028,0.054891,0.174752,0.447138,0.049845,0.303694,0.211408,0.959353,0.413685,0.104321,0.983278],
[0.987789,0.703507,0.430141,0.583208,0.498569,0.647859,0.968602,0.054953,0.447421,0.688139,0.380211,0.931201,0.437561,0.011576,0.076449,0.499368,0.069001,0.988450,0.340568,0.905435,0.604477,0.395459,0.080187,0.051616,0.445304,0.383881,0.263024,0.404657,0.797566,0.367345,0.387934,0.785355,0.070852,0.818075,0.368563,0.569421,0.465934,0.337165,0.624374,0.913355],
[0.025304,0.004585,0.844556,0.462865,0.016161,0.921005,0.962233,0.085161,0.909454,0.302801,0.990597,0.513932,0.698260,0.070784,0.565548,0.143564,0.454664,0.828572,0.548221,0.252230,0.195917,0.936155,0.037585,0.266769,0.754231,0.406148,0.836190,0.220165,0.743312,0.460563,0.133520,0.768616,0.465148,0.978075,0.231481,0.481309,0.899080,0.193714,0.566470,0.808534],
[0.496515,0.557067,0.322466,0.194775,0.627851,0.888014,0.338339,0.082515,0.716586,0.886560,0.334745,0.912503,0.822715,0.372330,0.179271,0.576946,0.778477,0.015461,0.797111,0.521790,0.476025,0.930630,0.290405,0.941173,0.908705,0.521886,0.422482,0.807785,0.715599,0.988952,0.616320,0.212114,0.546019,0.938786,0.406889,0.173869,0.826800,0.745228,0.256384,0.543386],
[0.631787,0.591129,0.455889,0.454502,0.963459,0.635160,0.031448,0.741936,0.650621,0.828559,0.263725,0.126646,0.759189,0.554131,0.067819,0.667895,0.076016,0.490300,0.475680,0.791616,0.479252,0.092000,0.003730,0.025271,0.030786,0.410618,0.199140,0.857586,0.155846,0.455524,0.400972,0.787633,0.046653,0.856861,0.242135,0.010111,0.492021,0.273584,0.752047,0.142643],
[0.102143,0.015773,0.269289,0.861332,0.569903,0.337108,0.529227,0.645920,0.827408,0.004907,0.437535,0.306660,0.096907,0.441265,0.331931,0.127693,0.851883,0.531071,0.985280,0.007729,0.986595,0.386252,0.795362,0.033248,0.243113,0.037497,0.043359,0.735135,0.311081,0.795406,0.877778,0.413223,0.811179,0.147066,0.274555,0.381082,0.484174,0.803782,0.027002,0.311582],
[0.808689,0.464537,0.618243,0.905596,0.905802,0.950174,0.033289,0.757686,0.481245,0.018568,0.765414,0.467841,0.404821,0.560776,0.501089,0.647934,0.598273,0.544448,0.383069,0.909354,0.339854,0.260846,0.322577,0.151033,0.407913,0.597133,0.532115,0.892087,0.400915,0.559117,0.203669,0.209603,0.023654,0.821912,0.115199,0.929457,0.772086,0.148488,0.687142,0.253332],
[0.167056,0.452557,0.721172,0.571877,0.013333,0.222261,0.219811,0.611606,0.766708,0.602880,0.520960,0.106562,0.863726,0.843537,0.257595,0.271638,0.440670,0.789710,0.163725,0.841585,0.348827,0.367395,0.051188,0.372482,0.189307,0.166387,0.301939,0.961393,0.314875,0.989081,0.214725,0.481931,0.441638,0.935897,0.053808,0.454970,0.158158,0.273619,0.066576,0.924867],
[0.876499,0.587536,0.031429,0.740224,0.431073,0.289024,0.011863,0.871743,0.078734,0.175588,0.713327,0.427561,0.542983,0.764515,0.800043,0.732290,0.930902,0.101982,0.693683,0.245777,0.091063,0.908408,0.727708,0.532701,0.844306,0.781516,0.987671,0.002464,0.055136,0.054247,0.927330,0.931634,0.641783,0.958759,0.671858,0.072856,0.247783,0.683721,0.944599,0.326518],
[0.859309,0.657926,0.754079,0.402292,0.422442,0.554122,0.134582,0.353344,0.656104,0.828265,0.599121,0.747167,0.736673,0.326829,0.279868,0.580979,0.108346,0.267539,0.583443,0.163481,0.321786,0.510773,0.095115,0.963569,0.469532,0.766974,0.036425,0.717316,0.450695,0.981024,0.043833,0.310004,0.638951,0.797912,0.712296,0.061392,0.352035,0.846877,0.414736,0.008139],
[0.675142,0.013857,0.755306,0.411815,0.340686,0.035174,0.992794,0.449032,0.302713,0.576236,0.612513,0.624499,0.087009,0.707628,0.588069,0.556542,0.474602,0.624494,0.273857,0.925297,0.605519,0.317691,0.235301,0.244469,0.115603,0.947596,0.305861,0.467638,0.794473,0.720597,0.475776,0.469615,0.734454,0.231083,0.881430,0.075140,0.266257,0.874224,0.524172,0.568970],
[0.450460,0.136685,0.193469,0.537469,0.844313,0.781538,0.094011,0.318915,0.406032,0.367868,0.244212,0.011551,0.685559,0.479513,0.256020,0.801162,0.427109,0.561881,0.268799,0.221582,0.282478,0.744576,0.691197,0.016932,0.975658,0.572627,0.092072,0.241915,0.446851,0.616244,0.810885,0.897311,0.752929,0.004354,0.434780,0.597242,0.785892,0.528791,0.916157,0.191924],
[0.896659,0.160369,0.203475,0.582217,0.639881,0.459495,0.383379,0.066990,0.021376,0.652178,0.288572,0.303855,0.396754,0.979769,0.320787,0.372412,0.552396,0.412859,0.614327,0.999247,0.029104,0.425211,0.896558,0.782032,0.429565,0.331338,0.379274,0.215457,0.860128,0.295431,0.407381,0.756787,0.455800,0.610855,0.339005,0.095681,0.070350,0.722383,0.162671,0.091726],
[0.374561,0.451243,0.395581,0.771315,0.431013,0.716368,0.143727,0.983409,0.129227,0.758053,0.982656,0.158331,0.183264,0.879214,0.940363,0.612829,0.210551,0.319637,0.828286,0.070680,0.615069,0.235666,0.827467,0.070869,0.846522,0.166472,0.166550,0.916872,0.888855,0.329222,0.008598,0.263416,0.780465,0.404179,0.034731,0.211478,0.120547,0.178458,0.194886,0.249774],
[0.936511,0.177542,0.408105,0.119776,0.056756,0.348468,0.732605,0.267307,0.668106,0.560891,0.337987,0.283174,0.796557,0.165454,0.354043,0.643079,0.331926,0.520593,0.559951,0.220781,0.849815,0.568549,0.484197,0.630280,0.972729,0.518929,0.841758,0.093276,0.697386,0.036644,0.343050,0.633898,0.214186,0.751155,0.753673,0.270942,0.099623,0.486278,0.538249,0.767729],
[0.047169,0.876237,0.050903,0.843726,0.041691,0.404946,0.486805,0.373617,0.925540,0.046755,0.594398,0.775354,0.615305,0.078595,0.405634,0.588033,0.597524,0.247392,0.681309,0.294910,0.284036,0.024359,0.928808,0.498222,0.775515,0.682481,0.769164,0.875138,0.168759,0.307413,0.642867,0.215928,0.183649,0.693770,0.059654,0.225340,0.098716,0.546459,0.598957,0.024256],
[0.593214,0.193355,0.799610,0.208519,0.271950,0.205244,0.796553,0.869474,0.452636,0.477862,0.164384,0.736672,0.502221,0.093192,0.234894,0.277736,0.775673,0.004057,0.152874,0.944432,0.311470,0.795740,0.160361,0.495120,0.489510,0.220015,0.720460,0.588226,0.766474,0.319417,0.612482,0.359688,0.512772,0.412092,0.568207,0.784722,0.617337,0.364760,0.654196,0.069973],
[0.842621,0.818580,0.806645,0.344843,0.911771,0.041538,0.622578,0.687444,0.045596,0.775452,0.631876,0.357066,0.571192,0.792237,0.852185,0.060703,0.012252,0.572645,0.648929,0.778726,0.892063,0.261411,0.138414,0.404835,0.673504,0.706621,0.189557,0.290840,0.071381,0.843753,0.360813,0.914002,0.662333,0.167458,0.258845,0.574105,0.208996,0.881423,0.261549,0.254592],
[0.656875,0.893425,0.611658,0.228067,0.685662,0.463843,0.288770,0.697914,0.036488,0.937699,0.476640,0.928551,0.199110,0.615054,0.333386,0.872613,0.321674,0.522943,0.163454,0.393055,0.366697,0.524267,0.307057,0.029030,0.691724,0.565902,0.603135,0.900721,0.447324,0.864684,0.155312,0.104199,0.758109,0.766970,0.332266,0.443771,0.230813,0.621036,0.141686,0.267301],
[0.558735,0.618326,0.195853,0.757845,0.233379,0.529239,0.630458,0.555054,0.052182,0.793912,0.948109,0.418879,0.318178,0.255166,0.447909,0.009903,0.821067,0.051044,0.910624,0.268392,0.915728,0.065936,0.372591,0.673837,0.832906,0.704857,0.117608,0.063719,0.325893,0.259294,0.331020,0.884628,0.877619,0.526873,0.642473,0.110999,0.056112,0.272931,0.666052,0.108294],
[0.066843,0.614161,0.527173,0.385021,0.869327,0.975082,0.394924,0.690394,0.026126,0.305548,0.958785,0.941853,0.371484,0.331376,0.615690,0.204390,0.036233,0.733298,0.268109,0.362127,0.992591,0.599129,0.246755,0.870211,0.126002,0.889228,0.981209,0.182114,0.162159,0.647262,0.290407,0.229002,0.261423,0.817580,0.614023,0.130749,0.792662,0.008948,0.821143,0.818787],
[0.314495,0.779929,0.760640,0.685979,0.111305,0.376330,0.890369,0.147538,0.109628,0.158478,0.509665,0.102219,0.757607,0.756420,0.972429,0.883609,0.645648,0.953639,0.065723,0.807807,0.600901,0.356131,0.036809,0.862323,0.173711,0.650833,0.993073,0.966372,0.659780,0.814216,0.785160,0.974276,0.594145,0.545800,0.660255,0.705449,0.922130,0.550624,0.852987,0.031758],
[0.709102,0.362652,0.133976,0.466710,0.119073,0.106406,0.350319,0.764721,0.060045,0.416042,0.572528,0.660945,0.772173,0.609337,0.523269,0.945883,0.260170,0.516341,0.912255,0.919951,0.330557,0.697415,0.894227,0.924702,0.243215,0.554482,0.630151,0.165345,0.105106,0.483139,0.197103,0.814209,0.845791,0.331079,0.280918,0.964864,0.437485,0.631237,0.729584,0.497530],
[0.047279,0.302113,0.158475,0.819451,0.911450,0.681743,0.765335,0.171620,0.198085,0.677590,0.091571,0.528642,0.375005,0.985797,0.453344,0.618221,0.540279,0.083496,0.783566,0.645385,0.566635,0.980669,0.459594,0.412426,0.311748,0.740512,0.377290,0.749233,0.371749,0.106874,0.246763,0.419028,0.408987,0.405238,0.238479,0.320437,0.086981,0.003814,0.492057,0.285066],
[0.681404,0.583628,0.813708,0.056409,0.569425,0.267053,0.674630,0.109704,0.350549,0.458195,0.755089,0.917183,0.438864,0.214683,0.329609,0.750612,0.955195,0.706898,0.499845,0.326944,0.813772,0.746608,0.745971,0.222759,0.151846,0.984451,0.543195,0.238828,0.988264,0.035252,0.523894,0.669668,0.618880,0.337602,0.726077,0.188305,0.604655,0.400707,0.298009,0.955203],
[0.858902,0.053098,0.872386,0.297767,0.267781,0.201995,0.048379,0.222976,0.908894,0.548224,0.549919,0.722666,0.294833,0.295891,0.945425,0.446679,0.280341,0.488620,0.685507,0.268606,0.523873,0.209401,0.938274,0.142752,0.547003,0.664351,0.331057,0.151657,0.065058,0.629065,0.106861,0.923961,0.682163,0.979247,0.221728,0.949944,0.181243,0.270106,0.172920,0.090136]],
[[0.818331,0.722839,0.812802,0.113164,0.018730,0.758227,0.559843,0.299071,0.246848,0.245350,0.567677,0.770720,0.454750,0.505951,0.913472,0.001753,0.170302,0.244529,0.153410,0.235361,0.873595,0.260271,0.159321,0.555758,0.239519,0.381049,0.505702,0.420761,0.651155,0.678621,0.510897,0.469486,0.401461,0.323700,0.582650,0.420190,0.081927,0.142493,0.719262,0.328774],
[0.387843,0.286939,0.099495,0.842593,0.792890,0.012967,0.844346,0.963192,0.257496,0.997756,0.198552,0.131091,0.258027,0.357874,0.686848,0.497546,0.738922,0.192550,0.918307,0.390078,0.871171,0.429204,0.859564,0.272632,0.752904,0.442214,0.692822,0.834831,0.584707,0.412084,0.163605,0.972549,0.699023,0.263100,0.815142,0.491912,0.276066,0.659487,0.455104,0.533563],
[0.657243,0.653656,0.664653,0.915270,0.011530,0.351502,0.412816,0.750452,0.544052,0.331123,0.140530,0.415223,0.760327,0.000094,0.687855,0.513231,0.442308,0.380677,0.348061,0.027015,0.792761,0.511667,0.999564,0.491784,0.774766,0.814706,0.983696,0.050832,0.474193,0.438800,0.584395,0.131437,0.092456,0.249048,0.046707,0.103986,0.600550,0.459523,0.854439,0.144602],
[0.790646,0.994969,0.559825,0.550972,0.995063,0.247680,0.064203,0.437371,0.628357,0.412265,0.464385,0.421118,0.923931,0.463949,0.912902,0.698697,0.278655,0.896598,0.749530,0.752848,0.335398,0.333925,0.884285,0.427855,0.582973,0.930992,0.531841,0.183523,0.390515,0.386280,0.328125,0.181160,0.381248,0.887950,0.732133,0.376311,0.135629,0.796336,0.813682,0.763986],
[0.208601,0.278067,0.185104,0.132532,0.742017,0.098006,0.831229,0.020672,0.994604,0.580759,0.773520,0.330003,0.914684,0.657805,0.757858,0.497657,0.588797,0.289699,0.681180,0.979312,0.675978,0.009305,0.160472,0.057227,0.897255,0.892605,0.433538,0.032885,0.688941,0.247219,0.796871,0.897542,0.525287,0.981975,0.030074,0.267303,0.079981,0.861303,0.287975,0.074586],
[0.442062,0.061495,0.404589,0.356746,0.719301,0.162446,0.854403,0.308098,0.452145,0.535583,0.287410,0.128123,0.544889,0.447882,0.185350,0.442144,0.340487,0.618887,0.475029,0.029428,0.866107,0.271899,0.926970,0.391393,0.253875,0.957043,0.658697,0.333856,0.818346,0.946672,0.408442,0.260408,0.008167,0.813031,0.617154,0.727468,0.975477,0.471557,0.035566,0.427622],
[0.007140,0.322976,0.555745,0.552029,0.770858,0.741094,0.994173,0.111345,0.359981,0.469202,0.140773,0.226088,0.741101,0.067743,0.617481,0.994976,0.024786,0.276178,0.328832,0.843132,0.222850,0.737274,0.103541,0.231017,0.550305,0.720694,0.958484,0.525781,0.192251,0.994050,0.953403,0.199391,0.317026,0.509148,0.751420,0.087884,0.250242,0.745593,0.199228,0.610224],
[0.214795,0.340001,0.836312,0.955896,0.407744,0.453793,0.950872,0.432530,0.729971,0.279704,0.275663,0.952821,0.016978,0.379203,0.183837,0.567282,0.099898,0.142322,0.093064,0.292149,0.136372,0.046467,0.491540,0.453398,0.555615,0.242961,0.541281,0.805857,0.988554,0.740510,0.416081,0.203349,0.080511,0.252392,0.159246,0.488255,0.706185,0.110118,0.920786,0.436157],
[0.389821,0.196448,0.388977,0.406799,0.575652,0.572815,0.974082,0.675549,0.715137,0.067145,0.967699,0.851509,0.113612,0.459239,0.304907,0.669227,0.702200,0.846188,0.475084,0.690754,0.586698,0.891164,0.894104,0.667209,0.143557,0.053349,0.155465,0.849742,0.163467,0.076251,0.285899,0.553288,0.272699,0.674876,0.960087,0.848351,0.247691,0.934169,0.523900,0.962828],
[0.001314,0.491599,0.814337,0.114926,0.950838,0.119244,0.784153,0.653038,0.965432,0.259237,0.343792,0.552130,0.150402,0.237896,0.219339,0.293958,0.291245,0.374804,0.143701,0.454712,0.451055,0.429600,0.008000,0.723754,0.104476,0.968087,0.572105,0.352167,0.902256,0.096005,0.314995,0.903570,0.587604,0.129332,0.018497,0.538442,0.248576,0.802650,0.191479,0.214007],
[0.061887,0.535271,0.766138,0.212289,0.773167,0.985477,0.506247,0.064412,0.360281,0.649948,0.519123,0.811336,0.079548,0.527123,0.535090,0.184024,0.495210,0.107195,0.536191,0.397466,0.203200,0.851185,0.301037,0.790804,0.980517,0.319533,0.329246,0.229093,0.122184,0.520725,0.443100,0.184071,0.055996,0.209238,0.396360,0.829163,0.194715,0.902607,0.893575,0.554996],
[0.552555,0.412698,0.366332,0.632103,0.939821,0.901423,0.816127,0.435031,0.008618,0.352317,0.832497,0.211818,0.203503,0.133534,0.002622,0.184020,0.453067,0.331867,0.413113,0.575251,0.852593,0.856213,0.759322,0.908589,0.065451,0.155682,0.737752,0.260166,0.058289,0.631327,0.815162,0.610845,0.044025,0.181494,0.242948,0.983845,0.082917,0.059074,0.418876,0.091535],
[0.411392,0.251373,0.303352,0.614894,0.384907,0.305974,0.798914,0.837975,0.637842,0.212027,0.413225,0.490434,0.068240,0.172547,0.399023,0.133691,0.328229,0.136775,0.393857,0.386518,0.768102,0.209019,0.997363,0.812126,0.390513,0.240310,0.795972,0.473430,0.299385,0.214848,0.564965,0.710777,0.466221,0.868317,0.325671,0.851128,0.174291,0.124585,0.689103,0.812133],
[0.336613,0.102328,0.302567,0.404853,0.274875,0.701590,0.538544,0.603105,0.838365,0.932401,0.989623,0.606467,0.141420,0.986986,0.418593,0.531933,0.227296,0.214565,0.005363,0.526681,0.429412,0.570328,0.237458,0.895633,0.438645,0.563129,0.746761,0.612937,0.687714,0.435864,0.425069,0.024327,0.538192,0.727636,0.429180,0.813067,0.429226,0.967724,0.416172,0.267591],
[0.900125,0.405795,0.874058,0.041545,0.392781,0.292651,0.573478,0.620077,0.507216,0.578841,0.146757,0.936628,0.149170,0.384215,0.832261,0.587815,0.947344,0.579022,0.200751,0.635058,0.014886,0.625821,0.659384,0.553078,0.353457,0.088564,0.366146,0.782684,0.056288,0.782318,0.050275,0.956412,0.188113,0.924333,0.997957,0.580893,0.216984,0.571435,0.200970,0.724200],
[0.150277,0.347727,0.660828,0.299446,0.731942,0.493089,0.887261,0.679286,0.072112,0.088012,0.314343,0.086998,0.713833,0.973728,0.640076,0.067290,0.062292,0.006222,0.849974,0.118579,0.788539,0.900249,0.074992,0.976652,0.824582,0.072949,0.557545,0.041567,0.644384,0.758515,0.765767,0.794661,0.106242,0.426595,0.094107,0.838184,0.919684,0.981368,0.517470,0.991796],
[0.069380,0.831814,0.078794,0.783214,0.805542,0.718870,0.850504,0.867833,0.725092,0.700477,0.986413,0.513631,0.600726,0.061404,0.490283,0.425308,0.134353,0.047829,0.466875,0.778738,0.806344,0.232641,0.573398,0.912586,0.659236,0.667505,0.750770,0.578921,0.648874,0.268240,0.570717,0.718254,0.100054,0.649511,0.501467,0.905596,0.368381,0.351971,0.773429,0.093473],
[0.052449,0.759841,0.607105,0.653175,0.821246,0.097388,0.078483,0.955599,0.145217,0.545358,0.734337,0.951560,0.777999,0.307735,0.864146,0.437236,0.975240,0.614916,0.016156,0.624114,0.883157,0.586874,0.342368,0.983211,0.236385,0.843835,0.888806,0.604766,0.195806,0.662235,0.698239,0.248255,0.422077,0.305344,0.901430,0.243322,0.402732,0.979913,0.198921,0.547949],
[0.525270,0.933258,0.499509,0.303269,0.240993,0.363655,0.740505,0.216233,0.978571,0.756661,0.840347,0.861728,0.343535,0.182715,0.844938,0.579919,0.026550,0.733745,0.184685,0.222357,0.395980,0.882925,0.470612,0.818057,0.188269,0.372041,0.061379,0.591001,0.351954,0.260300,0.138949,0.877224,0.193558,0.638458,0.180494,0.434551,0.002113,0.920998,0.650784,0.980684],
[0.677659,0.491131,0.842412,0.021194,0.673846,0.687350,0.601114,0.700396,0.421095,0.785799,0.922753,0.817075,0.668724,0.393364,0.635132,0.856993,0.765406,0.696511,0.447993,0.117360,0.956811,0.586943,0.994584,0.150370,0.225401,0.175077,0.584921,0.227514,0.096076,0.235705,0.208199,0.773735,0.726836,0.050610,0.794929,0.400682,0.737961,0.396043,0.101078,0.159056],
[0.181842,0.023830,0.976131,0.850566,0.417194,0.611262,0.707558,0.182600,0.307773,0.155552,0.299960,0.264584,0.742494,0.294543,0.414954,0.967896,0.469621,0.999874,0.195410,0.565697,0.235579,0.403609,0.339432,0.962415,0.454219,0.134361,0.363097,0.192180,0.530404,0.464175,0.351235,0.712246,0.488005,0.327366,0.562812,0.905200,0.938628,0.270370,0.087800,0.246401],
[0.425921,0.387759,0.510985,0.168416,0.682303,0.925939,0.136311,0.151924,0.925813,0.331721,0.717620,0.161392,0.735330,0.057052,0.123808,0.189549,0.191413,0.486905,0.381728,0.721817,0.951080,0.732964,0.434063,0.439085,0.060329,0.996874,0.344285,0.998958,0.267244,0.432084,0.245359,0.693165,0.819844,0.756344,0.861581,0.502146,0.682283,0.997892,0.654070,0.608096],
[0.329613,0.371690,0.769488,0.064943,0.428742,0.893296,0.254492,0.620155,0.380201,0.636220,0.341971,0.331280,0.369183,0.776034,0.770365,0.429513,0.772908,0.114650,0.428471,0.040152,0.546734,0.673829,0.733318,0.366578,0.430173,0.594899,0.868724,0.112456,0.592791,0.522794,0.720551,0.922404,0.894484,0.490040,0.987347,0.323225,0.383336,0.241839,0.943380,0.763536],
[0.878059,0.285351,0.094816,0.247242,0.061386,0.865181,0.676755,0.834294,0.979831,0.105226,0.874446,0.526565,0.779055,0.607764,0.893142,0.209228,0.202663,0.761866,0.321684,0.795454,0.284660,0.042235,0.717859,0.179143,0.532275,0.705206,0.502369,0.915610,0.947045,0.445749,0.679146,0.825104,0.731100,0.773962,0.072346,0.792486,0.639143,0.749102,0.626780,0.618974],
[0.854327,0.501226,0.145538,0.633382,0.108990,0.038681,0.842610,0.311653,0.800547,0.164294,0.107107,0.085206,0.206529,0.824966,0.264349,0.738803,0.530172,0.766718,0.654413,0.477217,0.212467,0.333560,0.302321,0.943567,0.107522,0.374667,0.736052,0.746665,0.123769,0.362832,0.365639,0.978096,0.864058,0.511178,0.611478,0.973049,0.549858,0.454089,0.284702,0.350405],
[0.618382,0.391810,0.435611,0.824911,0.216776,0.699960,0.563714,0.746948,0.466678,0.218128,0.224165,0.679145,0.551687,0.526486,0.622712,0.659209,0.901153,0.358765,0.405874,0.024922,0.721597,0.771513,0.003018,0.585655,0.282691,0.614496,0.558704,0.832549,0.068584,0.843406,0.182954,0.686967,0.235215,0.618565,0.511878,0.451991,0.318525,0.075592,0.198938,0.785204],
[0.293720,0.423103,0.464349,0.845407,0.949589,0.087061,0.504617,0.850742,0.445825,0.910491,0.875663,0.167422,0.682005,0.878681,0.753077,0.964696,0.493177,0.311781,0.797245,0.561761,0.155186,0.980199,0.248728,0.390402,0.598764,0.760605,0.842392,0.917289,0.836198,0.041331,0.702492,0.129918,0.464434,0.166841,0.975325,0.414023,0.253902,0.479942,0.264764,0.699728],
[0.390433,0.140428,0.867150,0.072437,0.019108,0.620227,0.037133,0.512285,0.932008,0.834378,0.074046,0.087194,0.814577,0.322773,0.477596,0.413340,0.083379,0.319988,0.330629,0.919576,0.361319,0.033121,0.049494,0.825753,0.199963,0.024819,0.239775,0.453865,0.504761,0.504540,0.153592,0.895194,0.644967,0.020742,0.967631,0.664076,0.640969,0.004764,0.176360,0.572976],
[0.839142,0.250406,0.660170,0.653719,0.573179,0.137766,0.067059,0.656558,0.457754,0.397688,0.576134,0.819073,0.430809,0.625628,0.644826,0.630772,0.650447,0.884601,0.084637,0.155208,0.389141,0.238229,0.050402,0.034108,0.258971,0.018033,0.698184,0.899940,0.022797,0.874544,0.472916,0.861939,0.124950,0.133087,0.515658,0.698130,0.270853,0.582717,0.354688,0.728607],
[0.980405,0.930822,0.547680,0.411214,0.556450,0.192505,0.041986,0.206898,0.077106,0.126623,0.362106,0.466247,0.364852,0.412508,0.500356,0.623823,0.430541,0.198540,0.523763,0.453339,0.073084,0.996679,0.315278,0.198034,0.129766,0.830936,0.896164,0.400619,0.413654,0.250851,0.129226,0.394059,0.181673,0.676905,0.805273,0.738124,0.869411,0.847259,0.945022,0.946517],
[0.973882,0.307128,0.412765,0.338734,0.719636,0.913120,0.962556,0.150177,0.111660,0.486319,0.603516,0.184744,0.482998,0.918794,0.382778,0.612764,0.749730,0.278942,0.013383,0.163384,0.529793,0.142608,0.557443,0.711466,0.819514,0.362716,0.449590,0.688925,0.209975,0.394612,0.635442,0.183857,0.701739,0.048206,0.522591,0.421375,0.961327,0.485148,0.571552,0.072987],
[0.971467,0.175068,0.257731,0.454465,0.093862,0.640509,0.067229,0.843592,0.919451,0.080611,0.006976,0.449244,0.223219,0.564418,0.160711,0.042733,0.927134,0.610301,0.731658,0.137109,0.004913,0.367099,0.320967,0.706652,0.415306,0.843558,0.128027,0.376633,0.328706,0.699580,0.449619,0.300172,0.874648,0.707350,0.754637,0.968510,0.347859,0.821866,0.812101,0.267311],
[0.902477,0.819077,0.716555,0.125696,0.383495,0.877266,0.168429,0.310629,0.487566,0.900087,0.447739,0.492479,0.267186,0.768706,0.199131,0.682492,0.612264,0.327159,0.059125,0.940969,0.026739,0.508744,0.241142,0.901386,0.216095,0.995779,0.869896,0.563954,0.817645,0.681998,0.831265,0.720121,0.501075,0.547819,0.845818,0.884570,0.425085,0.014247,0.195200,0.912652],
[0.914334,0.642938,0.405131,0.181521,0.411644,0.604262,0.864013,0.023907,0.931421,0.923138,0.964877,0.958159,0.431882,0.206018,0.859546,0.647977,0.201797,0.729442,0.211931,0.019442,0.411440,0.043196,0.739563,0.912514,0.591015,0.585381,0.797084,0.016100,0.599628,0.992284,0.928752,0.513962,0.635222,0.333883,0.695483,0.046866,0.938145,0.559496,0.070774,0.869565],
[0.482634,0.035650,0.827725,0.914516,0.241668,0.687271,0.562493,0.443466,0.416713,0.774425,0.462907,0.828153,0.817620,0.202470,0.740667,0.408636,0.787851,0.537751,0.424736,0.387479,0.530035,0.353488,0.901442,0.165257,0.687371,0.596925,0.212123,0.625515,0.156421,0.282897,0.495081,0.639055,0.318547,0.322806,0.553572,0.560216,0.010077,0.116065,0.003681,0.426790],
[0.890490,0.466588,0.254942,0.708110,0.669058,0.995609,0.116746,0.456909,0.533360,0.541482,0.844388,0.063396,0.894970,0.745830,0.228653,0.582341,0.342755,0.440776,0.207856,0.499176,0.723673,0.702937,0.138231,0.042220,0.025743,0.691803,0.602436,0.035819,0.807868,0.606117,0.462609,0.698358,0.072705,0.717551,0.406468,0.741763,0.713161,0.523214,0.198672,0.246521],
[0.064695,0.043061,0.309917,0.959666,0.788891,0.538569,0.542006,0.131645,0.979346,0.749862,0.630821,0.703019,0.452799,0.769052,0.745239,0.478541,0.460855,0.347675,0.514361,0.268723,0.953791,0.976970,0.967081,0.026496,0.694521,0.373548,0.768259,0.407682,0.896762,0.966932,0.654203,0.961457,0.009993,0.964119,0.921123,0.798883,0.502688,0.463129,0.930529,0.482034],
[0.212991,0.561350,0.185053,0.665790,0.330402,0.930291,0.144332,0.791257,0.277966,0.658692,0.059980,0.231757,0.635662,0.027061,0.258253,0.330183,0.400610,0.026513,0.737865,0.297371,0.993445,0.392068,0.258829,0.003438,0.356187,0.179952,0.802321,0.858875,0.643081,0.732850,0.340909,0.856072,0.294200,0.525962,0.521863,0.624602,0.456253,0.666194,0.415859,0.734219],
[0.324887,0.475839,0.965976,0.960549,0.502901,0.224230,0.290733,0.903510,0.250743,0.028597,0.200882,0.244187,0.420665,0.459710,0.247625,0.776852,0.639662,0.049946,0.635727,0.282744,0.782796,0.976636,0.138816,0.076995,0.502598,0.660679,0.701597,0.958852,0.326873,0.117456,0.693071,0.651760,0.593296,0.659047,0.612309,0.096196,0.883277,0.903042,0.999706,0.134019],
[0.931639,0.200588,0.378207,0.352304,0.660298,0.625832,0.129156,0.299961,0.675778,0.764884,0.582704,0.458573,0.741520,0.721520,0.535568,0.244118,0.382199,0.237166,0.202970,0.709072,0.354622,0.896041,0.360832,0.947918,0.555088,0.973142,0.044114,0.438365,0.876183,0.043820,0.572384,0.807823,0.244408,0.950591,0.160127,0.904706,0.576422,0.289283,0.204667,0.252200]],
[[0.054167,0.787371,0.710773,0.795687,0.508892,0.246341,0.039805,0.891091,0.483507,0.242775,0.600163,0.838129,0.138816,0.960995,0.786046,0.693904,0.934137,0.830160,0.132268,0.810320,0.873980,0.704652,0.618143,0.118388,0.655243,0.778270,0.023095,0.231665,0.067554,0.227762,0.483865,0.121721,0.015133,0.194638,0.917408,0.524025,0.440979,0.957213,0.415116,0.924486],
[0.199988,0.015279,0.762615,0.338805,0.976274,0.548662,0.032709,0.910411,0.378822,0.164977,0.720731,0.252802,0.869629,0.338874,0.371191,0.524872,0.117144,0.394286,0.756537,0.184697,0.622048,0.240402,0.306418,0.637181,0.435040,0.223826,0.161206,0.876019,0.181039,0.576322,0.800505,0.381027,0.591601,0.563120,0.719832,0.567875,0.111782,0.752540,0.478285,0.490604],
[0.917517,0.199016,0.743406,0.787147,0.537890,0.114597,0.312019,0.655034,0.508883,0.068556,0.839731,0.130930,0.308958,0.146149,0.768111,0.743997,0.369975,0.929317,0.620016,0.551013,0.505639,0.420521,0.932041,0.097240,0.983641,0.651872,0.665114,0.095422,0.404413,0.143400,0.586026,0.321930,0.342416,0.329432,0.109077,0.880305,0.444029,0.421095,0.535339,0.952912],
[0.489651,0.375070,0.083842,0.798609,0.521219,0.851953,0.542606,0.891194,0.781270,0.162621,0.442207,0.286910,0.583142,0.374248,0.384150,0.566783,0.026120,0.049264,0.662205,0.430533,0.192663,0.248231,0.752463,0.535079,0.577663,0.861540,0.415385,0.021692,0.282635,0.950724,0.974604,0.772286,0.325794,0.058446,0.570895,0.847013,0.910399,0.113500,0.738207,0.691669],
[0.276122,0.180415,0.978579,0.859264,0.554663,0.362728,0.426047,0.580783,0.411992,0.088252,0.011316,0.604656,0.336483,0.763779,0.139735,0.914146,0.625318,0.555119,0.935838,0.907953,0.505843,0.910442,0.680239,0.831637,0.968888,0.251134,0.678650,0.879286,0.364635,0.416857,0.570955,0.640757,0.597272,0.549534,0.500021,0.151935,0.912262,0.926067,0.732717,0.324255],
[0.014319,0.744033,0.928910,0.350802,0.507812,0.068645,0.264949,0.133130,0.623764,0.200787,0.041083,0.129607,0.111229,0.721323,0.961244,0.080116,0.972457,0.639894,0.959403,0.337092,0.056751,0.530358,0.977848,0.654024,0.079892,0.477869,0.805958,0.992155,0.403936,0.538676,0.316409,0.418256,0.282709,0.245320,0.769058,0.790520,0.313965,0.034006,0.923651,0.937729],
[0.234793,0.964734,0.067336,0.346022,0.686057,0.028580,0.426139,0.658514,0.668474,0.385541,0.995606,0.725226,0.915899,0.973454,0.379249,0.995792,0.451323,0.185207,0.987946,0.855259,0.723883,0.304356,0.273515,0.006592,0.549675,0.042572,0.797112,0.863640,0.076579,0.720763,0.801369,0.311372,0.685496,0.868705,0.657394,0.371553,0.897285,0.083533,0.030067,0.565759],
[0.469074,0.025672,0.290985,0.384974,0.999126,0.670234,0.380766,0.450449,0.855441,0.368712,0.305708,0.579324,0.673068,0.579223,0.585916,0.222743,0.621795,0.383028,0.086383,0.698374,0.103791,0.887752,0.009746,0.789287,0.756458,0.667141,0.160840,0.653743,0.750673,0.190907,0.219502,0.219748,0.216580,0.510487,0.604722,0.215706,0.180722,0.985487,0.666155,0.036163],
[0.354199,0.971863,0.615487,0.027267,0.551086,0.201403,0.250010,0.172881,0.584431,0.336394,0.871255,0.688222,0.224146,0.881001,0.477509,0.980604,0.548142,0.638349,0.634347,0.298815,0.829256,0.853849,0.518563,0.045836,0.364337,0.123285,0.261542,0.545058,0.108772,0.927697,0.581221,0.462971,0.899560,0.196709,0.490238,0.450646,0.398112,0.740248,0.623527,0.982544],
[0.076642,0.494782,0.670766,0.300788,0.375783,0.148275,0.281392,0.923925,0.786624,0.915738,0.222740,0.615880,0.769587,0.741304,0.661715,0.133924,0.864588,0.923257,0.678982,0.973360,0.850954,0.260204,0.436332,0.750513,0.456913,0.926570,0.201159,0.855025,0.666818,0.824686,0.837569,0.743460,0.319468,0.508335,0.044248,0.695251,0.656609,0.325640,0.619176,0.443233],
[0.241378,0.841916,0.059112,0.010966,0.583220,0.720828,0.144890,0.447808,0.644085,0.823872,0.421168,0.495038,0.084076,0.857500,0.245552,0.540989,0.784070,0.446711,0.396014,0.450888,0.271397,0.233583,0.194349,0.590864,0.741918,0.238597,0.286115,0.398527,0.564237,0.905290,0.841760,0.805615,0.747206,0.900872,0.816580,0.330426,0.621700,0.961470,0.778234,0.265784],
[0.785342,0.199402,0.760823,0.869418,0.056902,0.006374,0.410408,0.840972,0.453085,0.806422,0.291861,0.724482,0.040005,0.486210,0.315346,0.781923,0.724806,0.601460,0.180450,0.289043,0.506751,0.022210,0.094658,0.253957,0.923082,0.911238,0.584383,0.544782,0.872708,0.362617,0.810566,0.658051,0.562019,0.571389,0.527469,0.618921,0.577763,0.937877,0.459894,0.030849],
[0.744298,0.751754,0.755330,0.784304,0.237964,0.070676,0.566226,0.962770,0.672136,0.746676,0.251814,0.178887,0.768886,0.346471,0.432845,0.691968,0.257710,0.017228,0.236750,0.130418,0.379845,0.047316,0.788469,0.941864,0.618705,0.315938,0.560785,0.196468,0.253815,0.020679,0.227316,0.998113,0.772433,0.982647,0.782417,0.010397,0.053323,0.348643,0.973167,0.725459],
[0.095319,0.224981,0.904346,0.864206,0.571452,0.337191,0.556174,0.829162,0.354419,0.792923,0.959580,0.734263,0.840239,0.748049,0.676127,0.458944,0.063987,0.236912,0.655411,0.317801,0.257591,0.882728,0.315914,0.030024,0.865375,0.098331,0.040421,0.918697,0.446974,0.013588,0.644156,0.542293,0.238569,0.548503,0.406499,0.810021,0.885694,0.962672,0.639183,0.240113],
[0.755595,0.598763,0.974376,0.595834,0.346812,0.650503,0.054778,0.410799,0.887415,0.710189,0.728600,0.145006,0.592917,0.044514,0.175030,0.458292,0.142844,0.215451,0.376989,0.589818,0.229039,0.021146,0.132111,0.467608,0.569648,0.538610,0.277629,0.455342,0.501282,0.916812,0.695455,0.256877,0.515575,0.669831,0.852711,0.862387,0.320334,0.907489,0.273186,0.207750],
[0.617678,0.001785,0.352756,0.210596,0.046299,0.527786,0.668887,0.189144,0.743237,0.045877,0.778962,0.972276,0.067022,0.911073,0.439883,0.636671,0.449682,0.717512,0.092013,0.950964,0.634324,0.787468,0.207841,0.149899,0.457299,0.060552,0.012287,0.777633,0.968041,0.285472,0.985383,0.585720,0.287258,0.338138,0.796315,0.333557,0.865924,0.465203,0.522700,0.609161],
[0.511079,0.301662,0.581436,0.578102,0.212734,0.021320,0.214772,0.662416,0.738832,0.306785,0.613380,0.373156,0.094253,0.821221,0.523056,0.551552,0.881774,0.535342,0.329185,0.849815,0.820814,0.314568,0.435535,0.108072,0.652706,0.231850,0.441629,0.518630,0.697053,0.964329,0.127791,0.208132,0.265991,0.709227,0.786234,0.478725,0.730546,0.001006,0.141141,0.469378],
[0.307791,0.754522,0.842534,0.402045,0.575743,0.365590,0.953597,0.457517,0.900932,0.282782,0.307332,0.721746,0.597350,0.742866,0.829818,0.250055,0.974717,0.271447,0.768685,0.671769,0.235776,0.896476,0.879902,0.501766,0.605703,0.666136,0.980491,0.336249,0.667142,0.121632,0.805627,0.974933,0.876154,0.648161,0.376978,0.451897,0.013751,0.330575,0.909414,0.914682],
[0.613357,0.216745,0.636428,0.210706,0.959612,0.466247,0.460762,0.934329,0.737693,0.229447,0.606098,0.973469,0.125923,0.486000,0.475235,0.731625,0.152135,0.455726,0.067874,0.819277,0.577359,0.873501,0.794211,0.453513,0.521662,0.171189,0.905410,0.535413,0.501763,0.814824,0.450095,0.115120,0.031569,0.086523,0.325827,0.991181,0.552770,0.786588,0.925510,0.290463],
[0.016036,0.531608,0.263932,0.141958,0.017607,0.739167,0.873584,0.169743,0.194893,0.941458,0.989020,0.772252,0.814959,0.783231,0.225765,0.336621,0.954419,0.131175,0.872033,0.456183,0.945999,0.322128,0.571303,0.977568,0.408652,0.897130,0.968749,0.961422,0.683718,0.894258,0.251885,0.699754,0.425866,0.515817,0.841712,0.443473,0.254984,0.715296,0.613216,0.449878],
[0.656754,0.602236,0.222130,0.471713,0.385466,0.447895,0.808334,0.339885,0.579070,0.680367,0.796068,0.525069,0.002496,0.367371,0.502636,0.411147,0.264501,0.471385,0.372569,0.948219,0.365643,0.624454,0.647972,0.791509,0.140271,0.489684,0.234982,0.395255,0.204980,0.848198,0.845133,0.861734,0.450434,0.067262,0.333447,0.835900,0.515157,0.141781,0.175786,0.094227],
[0.822148,0.971854,0.619295,0.824644,0.339225,0.121932,0.235792,0.603725,0.593317,0.608361,0.551944,0.958960,0.232815,0.199916,0.750470,0.373086,0.689600,0.985452,0.768341,0.894581,0.833650,0.613473,0.756315,0.284084,0.680735,0.089762,0.119985,0.195892,0.231543,0.295771,0.290119,0.053691,0.267625,0.909415,0.878336,0.606849,0.031347,0.114127,0.210575,0.624664],
[0.722488,0.762519,0.583624,0.955303,0.962435,0.334094,0.328388,0.652035,0.319546,0.096729,0.546616,0.153196,0.710202,0.302930,0.437281,0.390937,0.392692,0.557266,0.586830,0.624235,0.853036,0.876949,0.677927,0.120661,0.786364,0.556262,0.727510,0.817710,0.670390,0.938085,0.442374,0.392878,0.700604,0.025998,0.348181,0.663039,0.360092,0.676569,0.315074,0.679638],
[0.773298,0.861689,0.832834,0.483500,0.164620,0.270115,0.874437,0.557312,0.827380,0.461267,0.181547,0.680417,0.338216,0.859474,0.801078,0.124580,0.415737,0.528588,0.942290,0.086127,0.466673,0.384664,0.479004,0.167277,0.410662,0.827185,0.830315,0.770754,0.503754,0.145389,0.450391,0.277052,0.007078,0.283225,0.760552,0.171698,0.553340,0.634989,0.729010,0.380720],
[0.096256,0.910558,0.061137,0.434471,0.770032,0.862214,0.559051,0.185769,0.390802,0.501341,0.271895,0.857475,0.886005,0.750900,0.024752,0.296667,0.578085,0.855068,0.067421,0.081839,0.000457,0.517812,0.358891,0.007535,0.801037,0.119442,0.179233,0.354376,0.754431,0.908244,0.735096,0.850686,0.818801,0.796233,0.285158,0.588833,0.658447,0.844209,0.774602,0.049249],
[0.345550,0.046498,0.906725,0.231555,0.797397,0.931477,0.528222,0.375482,0.786545,0.595643,0.457321,0.787002,0.113455,0.816212,0.794537,0.914491,0.935654,0.973770,0.268868,0.690085,0.882014,0.003964,0.540771,0.700815,0.800197,0.825929,0.289648,0.458644,0.670137,0.064250,0.507893,0.015688,0.110748,0.414618,0.247243,0.908145,0.346095,0.775465,0.283628,0.132640],
[0.371108,0.740949,0.919641,0.484563,0.557161,0.714178,0.399054,0.492814,0.687948,0.667922,0.182899,0.569961,0.671885,0.723670,0.270776,0.472082,0.549598,0.560424,0.930726,0.219736,0.624674,0.438619,0.235424,0.735422,0.853236,0.482666,0.643567,0.199331,0.258132,0.927195,0.331971,0.629240,0.668144,0.251612,0.113803,0.225304,0.965789,0.512857,0.718119,0.653737],
[0.180779,0.901018,0.223698,0.852664,0.624688,0.494474,0.324746,0.174286,0.054899,0.255472,0.394022,0.679573,0.694090,0.629446,0.414995,0.547327,0.112112,0.058562,0.746658,0.370244,0.985757,0.078629,0.999484,0.653901,0.330240,0.113287,0.879205,0.296030,0.626144,0.597324,0.949767,0.806923,0.498342,0.173465,0.659587,0.123030,0.667940,0.984333,0.297316,0.722838],
[0.239805,0.691338,0.402411,0.933896,0.320783,0.817406,0.481222,0.432895,0.875969,0.227880,0.803139,0.861726,0.306509,0.802623,0.515627,0.636749,0.915910,0.394833,0.932779,0.542053,0.992157,0.882546,0.348976,0.490499,0.056011,0.008563,0.613528,0.723951,0.992896,0.910844,0.446790,0.232701,0.602181,0.849201,0.166597,0.922965,0.666607,0.647819,0.355860,0.542576],
[0.875699,0.158999,0.404302,0.182208,0.961622,0.919929,0.818957,0.877532,0.314762,0.751736,0.419585,0.306918,0.634282,0.768561,0.797417,0.690294,0.777124,0.410945,0.414245,0.770020,0.321789,0.861034,0.002721,0.923970,0.710235,0.169318,0.846935,0.376843,0.817137,0.202796,0.919419,0.692836,0.361795,0.323721,0.875044,0.323418,0.243650,0.694002,0.200949,0.558412],
[0.445738,0.620535,0.865331,0.080021,0.389096,0.662748,0.770314,0.166220,0.073693,0.184559,0.936240,0.395482,0.045593,0.938961,0.319452,0.755829,0.108279,0.166388,0.132672,0.925416,0.369183,0.052091,0.618252,0.730979,0.375812,0.493296,0.054396,0.619462,0.187298,0.255345,0.177875,0.633037,0.875880,0.043205,0.713057,0.264976,0.705953,0.483371,0.431195,0.779646],
[0.667930,0.367435,0.175128,0.713524,0.306396,0.494581,0.469352,0.414674,0.660968,0.602024,0.340090,0.030152,0.654115,0.958342,0.761130,0.029927,0.451638,0.815526,0.649389,0.638936,0.070872,0.827263,0.271973,0.946752,0.870469,0.985030,0.211728,0.576422,0.468401,0.642923,0.356068,0.136331,0.010358,0.531196,0.849855,0.316753,0.025776,0.319207,0.731427,0.686745],
[0.921232,0.071517,0.716896,0.575346,0.029859,0.478027,0.605273,0.481497,0.293553,0.254662,0.120433,0.364425,0.081925,0.392406,0.311177,0.952394,0.377435,0.522904,0.528816,0.845837,0.165827,0.884883,0.982168,0.176185,0.416079,0.832023,0.492938,0.441856,0.151231,0.224365,0.128601,0.072462,0.295882,0.845497,0.647808,0.325741,0.323524,0.253081,0.807238,0.617077],
[0.507743,0.927671,0.981502,0.589668,0.320076,0.292678,0.542062,0.697512,0.815583,0.070878,0.543348,0.981409,0.955761,0.525517,0.157594,0.371840,0.357540,0.650532,0.813696,0.508770,0.874897,0.942297,0.581232,0.170779,0.787794,0.229041,0.496520,0.111317,0.482122,0.303758,0.728394,0.989865,0.231428,0.709896,0.579533,0.551504,0.002574,0.121595,0.249016,0.818157],
[0.192473,0.792365,0.799566,0.148234,0.317881,0.957160,0.520074,0.675421,0.607692,0.333770,0.184191,0.482589,0.276067,0.765424,0.653368,0.063860,0.994464,0.149888,0.175178,0.476587,0.453645,0.903572,0.466452,0.685074,0.613468,0.045985,0.236578,0.616042,0.167580,0.485594,0.434199,0.360053,0.277959,0.233765,0.508287,0.595840,0.190925,0.028361,0.271261,0.798617],
[0.362131,0.455452,0.281206,0.638197,0.220875,0.934574,0.702058,0.215340,0.084461,0.877235,0.691926,0.538107,0.780807,0.158378,0.223180,0.394275,0.204363,0.459758,0.010317,0.371944,0.945352,0.444516,0.731997,0.223311,0.678281,0.240283,0.819151,0.869207,0.268644,0.090412,0.667824,0.630775,0.545863,0.949030,0.268972,0.766738,0.883604,0.971030,0.982078,0.968065],
[0.848265,0.674004,0.506172,0.629073,0.832382,0.729352,0.023348,0.036746,0.189110,0.033666,0.408689,0.134463,0.478182,0.140686,0.357774,0.156463,0.380969,0.176925,0.025670,0.649613,0.267336,0.693494,0.280388,0.813200,0.642524,0.549361,0.579938,0.526127,0.520391,0.562016,0.494193,0.368656,0.236020,0.000364,0.997729,0.068402,0.729717,0.021077,0.105148,0.918827],
[0.054743,0.513837,0.053290,0.532924,0.654523,0.411064,0.689387,0.035492,0.587989,0.715057,0.685105,0.855325,0.408551,0.965494,0.668524,0.051074,0.514855,0.248462,0.577201,0.035245,0.810478,0.071394,0.403901,0.046498,0.071758,0.401630,0.114901,0.801475,0.422707,0.220049,0.720302,0.477450,0.733886,0.773592,0.010375,0.388409,0.184656,0.699762,0.423901,0.772644],
[0.414819,0.109006,0.627969,0.823370,0.074500,0.296494,0.874444,0.589355,0.544956,0.451645,0.624600,0.355434,0.523039,0.028501,0.401933,0.594798,0.430131,0.516834,0.396273,0.852839,0.736883,0.116575,0.330289,0.470769,0.890167,0.340664,0.859178,0.074822,0.040426,0.283078,0.847467,0.455245,0.392085,0.475436,0.278614,0.466585,0.771929,0.153058,0.055939,0.316885],
[0.604704,0.680539,0.672319,0.127743,0.709040,0.074252,0.722541,0.139172,0.591086,0.118814,0.992010,0.327969,0.235389,0.322299,0.798737,0.125556,0.662963,0.657915,0.200378,0.703388,0.940993,0.047845,0.158633,0.333078,0.523280,0.437247,0.799663,0.295209,0.590306,0.855602,0.612094,0.195009,0.536141,0.284413,0.322752,0.245181,0.358665,0.045293,0.384353,0.949751]],
[[0.164106,0.376363,0.277720,0.399495,0.698663,0.076457,0.525051,0.361626,0.734372,0.725429,0.065014,0.675365,0.773273,0.223647,0.008443,0.296553,0.660895,0.808106,0.591762,0.251200,0.663708,0.203857,0.446210,0.199850,0.488270,0.768962,0.445031,0.846936,0.814254,0.829384,0.796687,0.978361,0.205747,0.074407,0.377856,0.904410,0.150864,0.902906,0.266036,0.885236],
[0.628335,0.331050,0.560601,0.401608,0.554697,0.569044,0.698161,0.215592,0.377151,0.289924,0.466792,0.040859,0.493780,0.913002,0.240709,0.982050,0.681963,0.685740,0.828986,0.496218,0.515123,0.625673,0.474578,0.720871,0.700079,0.852434,0.625281,0.850943,0.755340,0.891317,0.736179,0.383675,0.222367,0.296780,0.785283,0.777064,0.865824,0.483445,0.992656,0.242975],
[0.773368,0.459448,0.283834,0.267149,0.372450,0.524542,0.249199,0.054414,0.210282,0.078185,0.550631,0.725405,0.703858,0.025210,0.446276,0.403937,0.877644,0.071557,0.254881,0.632984,0.962874,0.991059,0.016659,0.185241,0.287839,0.801943,0.962305,0.153664,0.285387,0.954961,0.396639,0.058755,0.414409,0.680473,0.325904,0.786859,0.205015,0.575103,0.841273,0.415297],
[0.653288,0.391904,0.140703,0.357146,0.417114,0.586979,0.761084,0.294758,0.658536,0.015964,0.927742,0.621410,0.007024,0.944401,0.806651,0.294863,0.746344,0.768956,0.448527,0.031731,0.723917,0.845165,0.090487,0.138326,0.525638,0.416391,0.925185,0.730653,0.991494,0.766458,0.145950,0.644782,0.158362,0.286653,0.001928,0.575476,0.873631,0.763012,0.870233,0.532168],
[0.778977,0.797975,0.153578,0.786001,0.742377,0.960229,0.080864,0.488721,0.729184,0.529391,0.520452,0.453101,0.374556,0.610939,0.591427,0.900194,0.027329,0.516611,0.630847,0.018823,0.283069,0.776797,0.663606,0.441431,0.063450,0.665534,0.016906,0.937081,0.428546,0.887140,0.469249,0.207523,0.685115,0.622827,0.993524,0.427492,0.583055,0.074387,0.916212,0.312240],
[0.603778,0.436664,0.765341,0.978334,0.047603,0.356767,0.878529,0.074933,0.873379,0.509376,0.093756,0.156448,0.286173,0.757362,0.597878,0.349623,0.422896,0.614785,0.286704,0.851442,0.501924,0.755953,0.058965,0.187039,0.378779,0.052488,0.614531,0.961835,0.126876,0.530743,0.274074,0.730654,0.967407,0.039415,0.708988,0.015011,0.396182,0.587517,0.089943,0.269561],
[0.096893,0.183700,0.426009,0.383066,0.941061,0.023887,0.732688,0.363957,0.638672,0.019393,0.215399,0.140596,0.775345,0.274364,0.327635,0.154125,0.326852,0.942165,0.115960,0.453728,0.472908,0.390034,0.184382,0.440316,0.429449,0.893370,0.455326,0.825631,0.480887,0.545270,0.095192,0.577780,0.728969,0.521201,0.960846,0.670031,0.545088,0.693534,0.033988,0.183760],
[0.712927,0.249386,0.324355,0.488272,0.523750,0.651990,0.642397,0.850602,0.594155,0.758357,0.304330,0.067063,0.148390,0.488712,0.507379,0.577839,0.382083,0.962706,0.403471,0.862970,0.507976,0.498663,0.440750,0.236945,0.019864,0.401596,0.906976,0.564952,0.095130,0.940963,0.748711,0.808057,0.190349,0.073067,0.296329,0.714099,0.725057,0.938726,0.564702,0.319212],
[0.697083,0.869032,0.386275,0.845473,0.357744,0.893654,0.423312,0.739827,0.856360,0.826783,0.602797,0.364335,0.325446,0.043547,0.601280,0.345310,0.445143,0.508256,0.910262,0.540273,0.449219,0.658973,0.348330,0.639569,0.732040,0.644659,0.353668,0.457097,0.583385,0.918370,0.776308,0.280468,0.787402,0.162584,0.125941,0.145146,0.056238,0.549253,0.884972,0.912598],
[0.376036,0.487769,0.276933,0.701482,0.531317,0.878214,0.046792,0.976460,0.386470,0.957054,0.516733,0.835689,0.616027,0.865063,0.475258,0.348067,0.509722,0.828927,0.805164,0.093107,0.747296,0.581472,0.373574,0.534698,0.744056,0.499515,0.679844,0.800293,0.048768,0.564816,0.712891,0.424804,0.052586,0.989824,0.126286,0.583902,0.868038,0.173078,0.560362,0.254508],
[0.130132,0.077095,0.090197,0.746159,0.942157,0.565455,0.094226,0.451879,0.394382,0.899389,0.544986,0.141678,0.480861,0.918560,0.676377,0.224917,0.418075,0.356220,0.025210,0.466843,0.921037,0.738101,0.891647,0.973622,0.727926,0.017933,0.557524,0.595964,0.191011,0.117886,0.850472,0.321142,0.194981,0.940669,0.067301,0.137138,0.506125,0.161527,0.589017,0.900507],
[0.060916,0.134003,0.042185,0.541777,0.052564,0.718562,0.766694,0.470639,0.074782,0.791904,0.937482,0.995818,0.530005,0.829129,0.969441,0.257931,0.847062,0.526965,0.853895,0.038073,0.644851,0.704367,0.359215,0.839832,0.645036,0.426516,0.976970,0.151160,0.588043,0.565987,0.051667,0.648959,0.699990,0.093852,0.190736,0.752554,0.812414,0.957430,0.223193,0.887196],
[0.749334,0.160675,0.883014,0.279339,0.989804,0.852455,0.537270,0.836866,0.379420,0.391166,0.874939,0.024270,0.095533,0.234154,0.864102,0.740569,0.660670,0.841072,0.891729,0.248713,0.407059,0.943396,0.897672,0.107049,0.037248,0.088408,0.859603,0.849662,0.045837,0.082796,0.736857,0.795171,0.243471,0.619871,0.074510,0.233275,0.472326,0.611781,0.070141,0.851745],
[0.002946,0.945080,0.876016,0.098479,0.179234,0.740118,0.839047,0.839904,0.581189,0.730776,0.088618,0.988248,0.674172,0.986290,0.095297,0.711420,0.074697,0.954901,0.561082,0.120535,0.037697,0.297939,0.915706,0.281168,0.917810,0.990216,0.514443,0.390136,0.601996,0.584584,0.241882,0.604943,0.529664,0.117898,0.703421,0.708898,0.858015,0.542469,0.548802,0.439205],
[0.273245,0.637420,0.427453,0.947417,0.623710,0.522750,0.658837,0.698407,0.477651,0.219919,0.818942,0.515347,0.517858,0.734647,0.796516,0.435669,0.724863,0.310959,0.825805,0.326860,0.895543,0.067687,0.931802,0.425208,0.185585,0.635224,0.134106,0.043600,0.177692,0.682908,0.482805,0.450937,0.320328,0.910258,0.398354,0.944038,0.433008,0.057192,0.642445,0.910658],
[0.277111,0.461386,0.426006,0.794970,0.196034,0.222521,0.230639,0.920897,0.533480,0.056444,0.247756,0.429024,0.124131,0.179559,0.854231,0.309715,0.814782,0.988337,0.353315,0.992475,0.671245,0.836120,0.443412,0.991574,0.746378,0.841767,0.935612,0.179386,0.898958,0.578056,0.090044,0.176070,0.039443,0.516050,0.971039,0.235476,0.738571,0.201678,0.156373,0.272052],
[0.258122,0.404130,0.701075,0.382252,0.583688,0.555306,0.691968,0.398471,0.543644,0.045283,0.390946,0.214889,0.881403,0.834358,0.206463,0.627781,0.676124,0.142074,0.807166,0.575083,0.720131,0.897210,0.751153,0.759573,0.413260,0.722192,0.995050,0.151832,0.923870,0.151423,0.423883,0.181991,0.555553,0.124959,0.564244,0.139241,0.680265,0.256211,0.537712,0.223909],
[0.301494,0.928658,0.438798,0.182897,0.763016,0.645260,0.810678,0.439140,0.787334,0.617844,0.014223,0.507465,0.515055,0.765376,0.267038,0.928315,0.487567,0.262088,0.080147,0.411437,0.413511,0.504030,0.593429,0.969063,0.628989,0.157672,0.108304,0.309254,0.413884,0.646016,0.533163,0.715378,0.574674,0.971961,0.898275,0.337690,0.617221,0.708954,0.776830,0.404555],
[0.326798,0.791053,0.912020,0.841853,0.556428,0.179059,0.770168,0.043995,0.441147,0.850315,0.455433,0.854657,0.354346,0.048861,0.823721,0.983335,0.206533,0.932025,0.292589,0.620417,0.578041,0.825752,0.335795,0.152715,0.797713,0.234071,0.490405,0.414934,0.943024,0.267235,0.819489,0.269822,0.058287,0.731509,0.111675,0.614715,0.910568,0.881843,0.658711,0.351714],
[0.732158,0.114143,0.206372,0.086504,0.163005,0.030093,0.069838,0.369538,0.962118,0.362427,0.989955,0.540159,0.188179,0.325750,0.692875,0.985892,0.559821,0.183280,0.400826,0.502845,0.450514,0.220314,0.772667,0.508801,0.951824,0.884342,0.123517,0.862391,0.766186,0.782228,0.214106,0.498344,0.896371,0.420477,0.584848,0.059376,0.450570,0.654686,0.428914,0.412688],
[0.017114,0.418869,0.952847,0.205293,0.744619,0.645722,0.191185,0.304440,0.829001,0.592010,0.807285,0.279515,0.812325,0.579952,0.788317,0.764148,0.464295,0.911834,0.626540,0.230481,0.694061,0.840646,0.728824,0.590432,0.261123,0.313672,0.649808,0.711693,0.968358,0.078721,0.124381,0.985472,0.497590,0.077228,0.190765,0.242209,0.722949,0.381949,0.546649,0.551951],
[0.973960,0.353934,0.831466,0.786284,0.933886,0.619783,0.550433,0.398181,0.531617,0.176973,0.628662,0.225678,0.017618,0.357486,0.816110,0.278741,0.671158,0.465918,0.990434,0.639517,0.544639,0.114815,0.624988,0.042229,0.192043,0.815753,0.284438,0.914992,0.197703,0.831087,0.466943,0.171662,0.185021,0.298409,0.957947,0.118907,0.918192,0.508380,0.517088,0.449809],
[0.685352,0.145750,0.675486,0.702970,0.503236,0.491596,0.981712,0.174394,0.957514,0.972146,0.813911,0.502153,0.086961,0.438899,0.544382,0.279004,0.254653,0.828820,0.193996,0.452355,0.659906,0.660939,0.624018,0.844927,0.959348,0.581965,0.963834,0.877540,0.090344,0.480922,0.327349,0.775697,0.626672,0.002835,0.478667,0.129908,0.494431,0.460379,0.304302,0.451945],
[0.432525,0.118213,0.954098,0.519485,0.557113,0.498480,0.798489,0.811765,0.327300,0.992486,0.264120,0.987207,0.653425,0.888138,0.832134,0.612773,0.470103,0.795968,0.490313,0.560447,0.276890,0.817662,0.336143,0.903562,0.820497,0.814810,0.033470,0.314928,0.275189,0.337772,0.766874,0.707714,0.455985,0.720972,0.227199,0.013098,0.219452,0.025688,0.824863,0.546753],
[0.018174,0.088984,0.533959,0.671599,0.977122,0.366093,0.284371,0.447224,0.162060,0.774684,0.007671,0.438950,0.592346,0.343815,0.342511,0.412843,0.158625,0.375981,0.727771,0.433814,0.713753,0.494645,0.141528,0.169738,0.215617,0.368727,0.182836,0.435069,0.394415,0.007699,0.981822,0.412589,0.096682,0.515781,0.084187,0.073804,0.881874,0.368559,0.521028,0.043934],
[0.143243,0.528699,0.482884,0.735589,0.872514,0.825396,0.148432,0.031139,0.201377,0.876203,0.464953,0.915129,0.370848,0.606480,0.084867,0.586465,0.975207,0.267703,0.021534,0.369622,0.275402,0.003356,0.782211,0.372084,0.519137,0.866398,0.445888,0.401011,0.234957,0.966916,0.444945,0.378200,0.495615,0.927829,0.113789,0.368129,0.753225,0.262221,0.399268,0.954601],
[0.138425,0.864220,0.869731,0.509273,0.470701,0.954598,0.095738,0.445908,0.222301,0.117273,0.815529,0.497703,0.120629,0.597740,0.869786,0.639766,0.464138,0.315674,0.040778,0.699095,0.282590,0.485723,0.077295,0.778205,0.413552,0.191084,0.146334,0.166777,0.453305,0.545602,0.121378,0.591730,0.409822,0.991109,0.101003,0.880523,0.945707,0.196742,0.326431,0.168008],
[0.314014,0.141960,0.665711,0.434643,0.739700,0.535497,0.074410,0.203838,0.851171,0.115188,0.902932,0.133761,0.600910,0.980227,0.911966,0.014463,0.171311,0.058301,0.181240,0.624616,0.603902,0.302618,0.216346,0.013725,0.293727,0.317350,0.894248,0.239435,0.514091,0.220678,0.407443,0.828106,0.362638,0.073153,0.262749,0.102338,0.608650,0.337159,0.306176,0.459821],
[0.452347,0.209108,0.593582,0.053257,0.189335,0.505549,0.067720,0.360646,0.563849,0.248960,0.985262,0.167752,0.551578,0.201608,0.181477,0.845305,0.518958,0.075724,0.084740,0.033049,0.296403,0.492183,0.861155,0.659041,0.565336,0.123904,0.761379,0.173986,0.461063,0.067555,0.633807,0.913410,0.276663,0.227389,0.966667,0.465999,0.732938,0.034387,0.826645,0.296787],
[0.283346,0.811907,0.464539,0.834924,0.013515,0.646015,0.680230,0.532473,0.721740,0.764969,0.565522,0.018142,0.257152,0.426677,0.677183,0.822488,0.550581,0.438563,0.996473,0.011645,0.506118,0.630280,0.925054,0.782781,0.857669,0.891721,0.248780,0.590607,0.926108,0.075424,0.887394,0.209454,0.887331,0.351933,0.044378,0.900846,0.997948,0.724608,0.433320,0.719688],
[0.489577,0.998842,0.737831,0.746729,0.425519,0.415014,0.569217,0.976101,0.853577,0.565690,0.987745,0.359694,0.195970,0.912800,0.142475,0.053639,0.804521,0.391255,0.644246,0.730629,0.466679,0.531640,0.940083,0.354010,0.883574,0.984461,0.254857,0.881522,0.709069,0.688176,0.601210,0.198646,0.687018,0.339041,0.945376,0.112538,0.754055,0.514592,0.088638,0.607632],
[0.080282,0.076384,0.967326,0.276253,0.989183,0.109802,0.329892,0.793704,0.501057,0.974138,0.524333,0.967736,0.505779,0.464416,0.321746,0.389352,0.448877,0.576603,0.270874,0.157946,0.264779,0.872084,0.356593,0.951798,0.211125,0.301968,0.064335,0.965181,0.816561,0.152974,0.572813,0.896843,0.229357,0.540139,0.173096,0.218541,0.649941,0.502987,0.012245,0.150998],
[0.477126,0.536578,0.118734,0.982904,0.000994,0.440480,0.372256,0.449871,0.017083,0.643130,0.607817,0.281863,0.515215,0.964410,0.233660,0.726340,0.266378,0.297996,0.691521,0.082939,0.450969,0.264333,0.979782,0.680327,0.804472,0.152878,0.898867,0.454413,0.655865,0.911112,0.605411,0.132991,0.447690,0.724144,0.115895,0.448683,0.164624,0.488151,0.898554,0.181708],
[0.131281,0.506371,0.463570,0.646496,0.470781,0.697231,0.372836,0.737159,0.995226,0.064357,0.820098,0.446196,0.328690,0.799880,0.126522,0.133163,0.952758,0.025390,0.587576,0.608623,0.936502,0.192986,0.741614,0.384191,0.917131,0.857508,0.832874,0.081755,0.345659,0.731429,0.263462,0.476940,0.237800,0.727033,0.123436,0.708581,0.424263,0.496272,0.445740,0.419489],
[0.560630,0.265838,0.865685,0.889320,0.065719,0.992208,0.022483,0.018477,0.017597,0.610058,0.627099,0.954099,0.803045,0.368713,0.338290,0.720175,0.226221,0.171164,0.801930,0.571880,0.902593,0.065393,0.048821,0.140393,0.792425,0.172257,0.848974,0.216688,0.668529,0.294714,0.636178,0.229159,0.560552,0.501863,0.118479,0.626271,0.494071,0.140961,0.644747,0.511668],
[0.751020,0.271847,0.465767,0.554064,0.640560,0.804057,0.274240,0.866781,0.975221,0.076170,0.438661,0.877814,0.141562,0.487482,0.018207,0.933987,0.659739,0.867180,0.150676,0.328268,0.161894,0.786854,0.557427,0.722446,0.288717,0.675905,0.348717,0.782787,0.816867,0.993465,0.294455,0.567886,0.265312,0.760222,0.121951,0.905872,0.564278,0.396190,0.772653,0.539500],
[0.472360,0.211314,0.417314,0.613922,0.698796,0.435520,0.547910,0.358535,0.302701,0.698586,0.686803,0.464595,0.485439,0.244229,0.187042,0.774156,0.920135,0.535759,0.556943,0.737002,0.529224,0.851399,0.304888,0.794536,0.611620,0.426839,0.700407,0.175899,0.823029,0.473060,0.715399,0.295389,0.684374,0.132712,0.909311,0.383170,0.568233,0.457221,0.741705,0.870934],
[0.155806,0.428507,0.335529,0.641245,0.672736,0.522570,0.415402,0.592871,0.058329,0.972345,0.329873,0.587553,0.823744,0.634761,0.382089,0.435364,0.061599,0.082496,0.611263,0.884628,0.555556,0.326662,0.180017,0.239930,0.459374,0.089328,0.623100,0.027607,0.546548,0.364805,0.898540,0.702355,0.793312,0.234069,0.343600,0.466048,0.756639,0.759001,0.058920,0.814968],
[0.731346,0.388792,0.402521,0.555090,0.023553,0.784610,0.990454,0.085152,0.867106,0.601717,0.969780,0.422662,0.928379,0.149797,0.662592,0.387753,0.239125,0.285692,0.415360,0.785673,0.650497,0.313900,0.488028,0.443809,0.547968,0.831628,0.909857,0.304607,0.590629,0.968777,0.119576,0.321976,0.357569,0.522097,0.877066,0.381122,0.306707,0.867520,0.466274,0.173813],
[0.469238,0.436054,0.596475,0.397617,0.585851,0.259068,0.785370,0.824976,0.544760,0.200729,0.610649,0.195257,0.514629,0.098676,0.639066,0.062597,0.930304,0.548923,0.367204,0.520933,0.517699,0.486780,0.842909,0.875268,0.008877,0.719975,0.256390,0.315585,0.587495,0.722664,0.489398,0.056732,0.158717,0.085873,0.454349,0.744568,0.344941,0.239719,0.569544,0.889701]],
[[0.440448,0.180192,0.084957,0.955077,0.278869,0.724023,0.017674,0.209173,0.272946,0.384878,0.730106,0.790645,0.871658,0.573015,0.665914,0.880536,0.292990,0.922304,0.196120,0.880484,0.644967,0.685518,0.937217,0.803685,0.771391,0.391566,0.548253,0.116332,0.631284,0.117797,0.006033,0.071732,0.297989,0.090990,0.026809,0.576858,0.815013,0.044482,0.786031,0.087959],
[0.429360,0.516137,0.878605,0.301019,0.089152,0.544518,0.181554,0.382141,0.466822,0.377674,0.262626,0.111789,0.063192,0.199842,0.915474,0.834584,0.591408,0.463727,0.950916,0.222692,0.581524,0.956949,0.294424,0.879513,0.047939,0.321233,0.456371,0.862953,0.365715,0.242402,0.950912,0.795075,0.758538,0.829517,0.096094,0.847690,0.374035,0.277649,0.229832,0.840857],
[0.655323,0.492457,0.952646,0.718516,0.692299,0.868120,0.553099,0.283707,0.331847,0.504015,0.506399,0.913371,0.460964,0.800823,0.792884,0.508904,0.122056,0.249255,0.371857,0.487771,0.491657,0.322769,0.282846,0.250195,0.152286,0.378940,0.097885,0.526321,0.656589,0.327717,0.367177,0.311912,0.820174,0.319824,0.030428,0.512473,0.187944,0.583527,0.796180,0.519792],
[0.087542,0.302579,0.433163,0.548507,0.103402,0.226047,0.057411,0.225458,0.475302,0.429267,0.713229,0.966959,0.752036,0.996075,0.217154,0.904322,0.375015,0.315039,0.430642,0.031604,0.642756,0.797820,0.343517,0.462930,0.117644,0.373944,0.975403,0.305588,0.957472,0.771583,0.825379,0.045014,0.074163,0.258542,0.593521,0.177565,0.484589,0.650932,0.403023,0.959891],
[0.080199,0.116252,0.926850,0.832235,0.112327,0.144004,0.736557,0.487342,0.459043,0.167199,0.518946,0.101798,0.965019,0.862463,0.564728,0.082662,0.236407,0.540132,0.388250,0.193879,0.311715,0.213629,0.238893,0.385878,0.472171,0.832414,0.563443,0.956761,0.483345,0.966466,0.916652,0.563544,0.082717,0.843502,0.395779,0.195044,0.987505,0.132336,0.682386,0.446548],
[0.299535,0.201332,0.548346,0.264554,0.063795,0.113075,0.347216,0.300202,0.653206,0.735467,0.494081,0.964921,0.949096,0.732974,0.350799,0.421267,0.565388,0.914242,0.378028,0.048733,0.880708,0.294680,0.612277,0.963425,0.138181,0.008056,0.158469,0.125687,0.140392,0.840855,0.572234,0.439928,0.042187,0.120580,0.704482,0.105982,0.233655,0.051698,0.406185,0.886861],
[0.787165,0.900266,0.851783,0.736260,0.633240,0.202582,0.157528,0.198628,0.116824,0.535556,0.247361,0.997532,0.830236,0.859638,0.960957,0.968417,0.867695,0.119426,0.094104,0.008087,0.960282,0.666338,0.448015,0.002469,0.786918,0.152496,0.108451,0.020573,0.204194,0.514636,0.907435,0.991359,0.414902,0.759217,0.727619,0.048142,0.961799,0.885147,0.246769,0.078623],
[0.420703,0.494130,0.076155,0.250939,0.353768,0.037112,0.219356,0.221463,0.156538,0.313459,0.229550,0.116820,0.979797,0.677564,0.119289,0.766715,0.830060,0.227740,0.787288,0.034255,0.742376,0.694723,0.025614,0.157277,0.453940,0.753233,0.205419,0.415739,0.638380,0.452188,0.494362,0.059083,0.946319,0.570517,0.310022,0.300087,0.607629,0.529377,0.521550,0.764167],
[0.842836,0.751100,0.880987,0.822633,0.428664,0.000276,0.589348,0.258724,0.228016,0.376637,0.292979,0.970392,0.071360,0.318593,0.127669,0.525300,0.071826,0.333088,0.941039,0.710206,0.785276,0.435401,0.769289,0.731595,0.005918,0.079311,0.031682,0.613547,0.608688,0.553232,0.377714,0.451524,0.304332,0.258701,0.274158,0.732995,0.258977,0.863506,0.991720,0.486993],
[0.240143,0.284699,0.457385,0.311503,0.603292,0.585054,0.836803,0.675117,0.918142,0.777842,0.385323,0.703418,0.213243,0.154612,0.435013,0.219161,0.233923,0.466695,0.832708,0.842611,0.019927,0.210423,0.294135,0.324258,0.469124,0.568293,0.057254,0.728101,0.431799,0.048974,0.215094,0.671941,0.333673,0.672478,0.983444,0.936964,0.257532,0.820246,0.612082,0.175673],
[0.598088,0.997405,0.879091,0.811331,0.152017,0.314104,0.030493,0.385940,0.780799,0.863201,0.228551,0.800726,0.073624,0.522686,0.124985,0.542747,0.090978,0.182239,0.270848,0.522777,0.231213,0.485942,0.194718,0.564885,0.158420,0.178162,0.501850,0.415951,0.998409,0.113931,0.591625,0.596497,0.111336,0.470716,0.407828,0.263353,0.784820,0.438321,0.649293,0.565620],
[0.301522,0.877843,0.366346,0.375146,0.400529,0.491331,0.917893,0.491507,0.673570,0.188741,0.014284,0.904783,0.674682,0.209003,0.469668,0.833102,0.387165,0.971518,0.249053,0.385574,0.085449,0.840678,0.982071,0.196785,0.311394,0.389899,0.460139,0.096214,0.828220,0.109431,0.661834,0.129742,0.987275,0.028180,0.504887,0.387804,0.519511,0.422780,0.879311,0.193081],
[0.611521,0.893595,0.097864,0.286204,0.102598,0.567532,0.119306,0.489763,0.539049,0.368359,0.875337,0.624499,0.209037,0.857408,0.821284,0.520431,0.247307,0.281423,0.616645,0.075526,0.390854,0.278479,0.205268,0.378129,0.306659,0.710155,0.765933,0.826170,0.132936,0.645244,0.019251,0.744457,0.538840,0.117115,0.030660,0.641438,0.684647,0.149966,0.131201,0.223696],
[0.518325,0.006538,0.848195,0.727362,0.863945,0.669479,0.247793,0.111252,0.950902,0.864438,0.186778,0.341756,0.142917,0.392046,0.719885,0.449576,0.102202,0.485818,0.275747,0.235137,0.131062,0.294998,0.979594,0.669901,0.412113,0.010254,0.311339,0.096760,0.160220,0.442540,0.320456,0.678544,0.449078,0.168651,0.405906,0.313023,0.838130,0.653699,0.424275,0.789032],
[0.518137,0.611053,0.130788,0.661054,0.003099,0.850673,0.110631,0.105301,0.336491,0.386377,0.340438,0.467552,0.681376,0.320031,0.137454,0.093489,0.330285,0.448793,0.190249,0.490505,0.891333,0.510705,0.169049,0.340410,0.679357,0.574956,0.653433,0.517487,0.228655,0.077708,0.306519,0.746792,0.688761,0.437307,0.407846,0.691860,0.287979,0.518477,0.797160,0.624470],
[0.904855,0.137598,0.092022,0.586230,0.457630,0.229476,0.679719,0.787915,0.678269,0.869968,0.278420,0.569602,0.380673,0.447469,0.910012,0.060030,0.022425,0.563445,0.577517,0.251079,0.641153,0.884035,0.997871,0.329913,0.321342,0.405718,0.021773,0.609322,0.924195,0.818933,0.233792,0.829050,0.956532,0.325814,0.415280,0.414161,0.555290,0.094999,0.202076,0.233559],
[0.964967,0.480496,0.803161,0.345640,0.927965,0.713172,0.405670,0.950390,0.276617,0.983187,0.201469,0.917770,0.867222,0.199341,0.247683,0.188564,0.605059,0.269456,0.797886,0.529254,0.088389,0.031677,0.358303,0.044921,0.357491,0.773583,0.459082,0.912781,0.868582,0.661158,0.146340,0.833549,0.141654,0.949501,0.179189,0.069619,0.662673,0.584860,0.020009,0.939290],
[0.568046,0.221478,0.857061,0.435268,0.420819,0.104744,0.623833,0.025877,0.374200,0.421718,0.555131,0.462589,0.453396,0.913435,0.507510,0.810887,0.687018,0.966593,0.723668,0.555600,0.627751,0.870008,0.389149,0.769405,0.819509,0.568339,0.839025,0.482182,0.153198,0.859034,0.421472,0.721244,0.080512,0.278533,0.156513,0.501331,0.383277,0.780346,0.527208,0.757477],
[0.202064,0.082339,0.220066,0.655460,0.995774,0.727577,0.466346,0.682792,0.694169,0.190014,0.238392,0.321920,0.060023,0.627541,0.091325,0.879531,0.195880,0.930350,0.361713,0.349078,0.789384,0.783186,0.070323,0.869896,0.061719,0.226835,0.371227,0.444996,0.007181,0.898436,0.202472,0.209245,0.980775,0.422538,0.864705,0.976549,0.150115,0.331051,0.659341,0.844284],
[0.521065,0.897733,0.166204,0.581088,0.525274,0.257530,0.460619,0.721154,0.187880,0.822333,0.070232,0.977264,0.605519,0.140555,0.847160,0.667238,0.367390,0.218387,0.112233,0.374571,0.116823,0.314705,0.583816,0.097598,0.737244,0.448521,0.074147,0.887359,0.779572,0.733488,0.731643,0.300637,0.631221,0.897847,0.881725,0.156495,0.155377,0.342344,0.877648,0.343256],
[0.164677,0.947880,0.320520,0.770196,0.088435,0.167680,0.437433,0.455825,0.386067,0.549667,0.830396,0.502890,0.864372,0.414212,0.600489,0.601616,0.862733,0.674636,0.488975,0.642305,0.408124,0.220618,0.942942,0.039344,0.118465,0.824667,0.195839,0.273841,0.167011,0.073487,0.617097,0.331689,0.021368,0.937617,0.101884,0.109803,0.105298,0.539318,0.565628,0.491365],
[0.088984,0.396024,0.994256,0.953356,0.810237,0.594744,0.554972,0.672970,0.269380,0.043947,0.315275,0.677503,0.264565,0.258216,0.716848,0.383029,0.082883,0.912686,0.656870,0.249895,0.986173,0.273968,0.581583,0.007541,0.211585,0.683468,0.117344,0.316883,0.222785,0.682971,0.808248,0.311770,0.078996,0.802504,0.265126,0.889232,0.397248,0.820098,0.562202,0.666628],
[0.864045,0.877477,0.344131,0.128610,0.135693,0.060978,0.511639,0.218577,0.973665,0.168509,0.468471,0.959838,0.442477,0.050055,0.967379,0.654063,0.733522,0.084723,0.970946,0.956308,0.767694,0.779194,0.268077,0.846690,0.581697,0.533203,0.735922,0.978945,0.353302,0.298124,0.645573,0.217347,0.175601,0.989704,0.345956,0.311294,0.050682,0.857595,0.529870,0.024347],
[0.026105,0.998342,0.984185,0.468582,0.048396,0.951564,0.122645,0.781919,0.036286,0.093591,0.738226,0.803980,0.872785,0.006304,0.650670,0.454482,0.539507,0.386592,0.433427,0.892809,0.684716,0.079000,0.110155,0.860316,0.068703,0.456112,0.171610,0.119385,0.313707,0.701481,0.143732,0.339812,0.699823,0.127916,0.808395,0.748219,0.079480,0.931040,0.530138,0.115766],
[0.024630,0.268364,0.919746,0.897415,0.274668,0.570416,0.351897,0.814175,0.957008,0.785324,0.706984,0.641723,0.864324,0.817139,0.502040,0.933028,0.273251,0.673650,0.052413,0.586958,0.375131,0.196145,0.926771,0.074954,0.324061,0.735165,0.823173,0.403541,0.666205,0.353310,0.519307,0.690835,0.621674,0.439053,0.588250,0.896342,0.009469,0.940148,0.710517,0.966477],
[0.725472,0.417501,0.608200,0.589796,0.234640,0.110240,0.522823,0.507891,0.783891,0.575236,0.094849,0.159022,0.771381,0.021620,0.233975,0.095442,0.756785,0.057148,0.498983,0.422990,0.410458,0.018289,0.113825,0.032133,0.457342,0.702076,0.928475,0.466812,0.642223,0.638992,0.433288,0.367695,0.056493,0.041489,0.957491,0.291133,0.151729,0.480314,0.799023,0.935619],
[0.055550,0.893872,0.094641,0.826931,0.915492,0.328617,0.922373,0.672277,0.385765,0.421355,0.095267,0.796223,0.439645,0.209092,0.828356,0.896987,0.911167,0.756831,0.363799,0.553391,0.395823,0.797087,0.921085,0.452316,0.838576,0.878576,0.743449,0.990305,0.358890,0.542472,0.925924,0.414440,0.436344,0.020565,0.241372,0.351836,0.349182,0.163744,0.024113,0.734947],
[0.585100,0.119380,0.531170,0.024744,0.328471,0.359526,0.921731,0.239639,0.116357,0.285530,0.793029,0.512180,0.082617,0.714115,0.964496,0.921193,0.592691,0.707945,0.911498,0.951581,0.250416,0.837422,0.366021,0.686761,0.857987,0.607393,0.038597,0.207169,0.771137,0.062710,0.942116,0.356237,0.182089,0.473286,0.380981,0.510561,0.832811,0.302712,0.750199,0.949168],
[0.588243,0.543229,0.461348,0.670860,0.257343,0.425844,0.592053,0.850034,0.133789,0.503551,0.801615,0.384205,0.340973,0.167637,0.070966,0.198960,0.775030,0.109563,0.406129,0.546167,0.172272,0.348245,0.902404,0.354361,0.821531,0.283385,0.864922,0.654342,0.586097,0.615121,0.603510,0.174340,0.158350,0.064859,0.845200,0.415694,0.490703,0.437253,0.265728,0.624492],
[0.940803,0.067343,0.008698,0.281776,0.234980,0.079664,0.480736,0.010009,0.189226,0.886865,0.556176,0.361498,0.235110,0.458580,0.715860,0.056640,0.741965,0.580782,0.710982,0.328063,0.195903,0.314493,0.502403,0.354253,0.379352,0.347603,0.769947,0.870055,0.784855,0.035675,0.494547,0.725659,0.103018,0.503245,0.007435,0.337997,0.582909,0.488171,0.348007,0.772135],
[0.375035,0.904183,0.133633,0.610145,0.362764,0.849493,0.666786,0.104729,0.430275,0.377768,0.432792,0.626178,0.692261,0.935194,0.980431,0.071612,0.282797,0.750378,0.941667,0.067652,0.786053,0.436215,0.793311,0.889071,0.939460,0.800746,0.227068,0.522368,0.288916,0.575075,0.294503,0.663951,0.479258,0.428136,0.274097,0.842022,0.277629,0.940882,0.946751,0.707904],
[0.318650,0.379542,0.334081,0.010911,0.314736,0.314512,0.082524,0.597533,0.064891,0.024191,0.665185,0.850943,0.460406,0.458496,0.740014,0.399866,0.259242,0.967082,0.922234,0.548158,0.542157,0.216737,0.212109,0.021415,0.644874,0.486206,0.863437,0.922503,0.427088,0.810188,0.630406,0.745738,0.189730,0.964487,0.756649,0.504467,0.279000,0.839173,0.102000,0.343890],
[0.863364,0.767185,0.194834,0.323770,0.225681,0.934848,0.723636,0.484923,0.901930,0.645870,0.033080,0.444087,0.862607,0.245189,0.465502,0.507481,0.731395,0.328939,0.429983,0.158483,0.139127,0.060389,0.904222,0.328858,0.024877,0.660871,0.833325,0.303876,0.500044,0.935325,0.647767,0.363408,0.702510,0.842601,0.687178,0.928191,0.777448,0.410814,0.413114,0.679378],
[0.056683,0.446194,0.123465,0.919290,0.691384,0.588967,0.426771,0.422779,0.917907,0.856754,0.581262,0.057034,0.917143,0.485484,0.385892,0.942020,0.146354,0.219216,0.245896,0.646398,0.154541,0.893663,0.009806,0.857051,0.736264,0.696984,0.785242,0.513712,0.107798,0.198356,0.193091,0.164481,0.644551,0.316556,0.083772,0.335934,0.905523,0.510543,0.758713,0.823430],
[0.367297,0.339975,0.880464,0.284440,0.825459,0.266355,0.226460,0.971813,0.485572,0.472356,0.618212,0.640113,0.366019,0.628018,0.497164,0.102283,0.325002,0.282406,0.615995,0.432800,0.480763,0.809086,0.597282,0.125313,0.125642,0.681053,0.461248,0.031165,0.191596,0.219961,0.854594,0.558893,0.559936,0.735058,0.843332,0.385394,0.001413,0.069792,0.357208,0.486985],
[0.542148,0.975419,0.127098,0.908168,0.603437,0.624262,0.010451,0.928440,0.906668,0.626446,0.361240,0.387431,0.435532,0.958521,0.512744,0.561174,0.639575,0.973991,0.592338,0.831170,0.193952,0.446933,0.390063,0.753888,0.181990,0.233395,0.139282,0.183404,0.303188,0.496490,0.670389,0.845336,0.471909,0.797486,0.753504,0.075346,0.421748,0.763954,0.003786,0.328416],
[0.390400,0.365026,0.715847,0.825932,0.323547,0.228590,0.387106,0.963122,0.202582,0.979444,0.794292,0.396534,0.426377,0.184355,0.150421,0.608368,0.417751,0.289704,0.791771,0.720938,0.786194,0.462160,0.566274,0.258103,0.259646,0.319778,0.333449,0.681394,0.083732,0.337235,0.009810,0.474132,0.702261,0.725657,0.300065,0.025808,0.954247,0.687171,0.988930,0.156829],
[0.666615,0.783223,0.553362,0.092992,0.967578,0.703783,0.701360,0.385328,0.993487,0.493131,0.106267,0.779681,0.955291,0.672541,0.037783,0.214937,0.992319,0.371233,0.896331,0.076051,0.708468,0.906141,0.550184,0.410729,0.631798,0.850249,0.436537,0.586045,0.537419,0.425467,0.742873,0.204035,0.208690,0.296235,0.297027,0.176268,0.000019,0.998387,0.561596,0.993506],
[0.491518,0.667863,0.773186,0.446809,0.340404,0.810970,0.661746,0.332723,0.182202,0.558077,0.408775,0.890670,0.464218,0.958958,0.301399,0.096016,0.809207,0.737936,0.682060,0.346626,0.163403,0.424933,0.550661,0.372093,0.721168,0.847688,0.548360,0.721187,0.846075,0.109956,0.714693,0.337593,0.777819,0.487879,0.784402,0.118223,0.298849,0.446148,0.450946,0.481051],
[0.004225,0.859721,0.371721,0.468443,0.818679,0.673120,0.564458,0.627886,0.411055,0.246519,0.974513,0.574458,0.671452,0.525174,0.946551,0.392620,0.372862,0.494911,0.113807,0.218937,0.604868,0.828500,0.556530,0.382687,0.316379,0.340932,0.500910,0.615228,0.787080,0.951856,0.096279,0.791304,0.811577,0.468000,0.259747,0.630257,0.141120,0.824205,0.258143,0.552175]]];

c=[[6,6,1,2,7,8,10,1,10,3,2,5,6,8,9,3,8,2,3,3,9,3,9,10,6,9,8,8,4,1,4,9,6,4,2,5,1,1,5,2],
[5,9,7,1,8,5,3,5,6,5,7,4,7,8,5,5,6,4,2,1,5,7,2,2,10,3,8,3,6,5,4,10,3,10,2,10,6,4,5,1],
[1,3,6,7,10,2,3,5,6,6,6,2,2,9,5,4,1,3,6,8,7,9,10,1,9,1,10,4,7,6,7,7,9,4,5,10,6,8,7,3],
[3,2,4,5,10,8,8,2,2,5,2,8,3,3,10,1,3,10,7,9,7,5,7,7,8,2,7,5,1,3,7,3,6,2,9,7,10,8,10,1],
[2,3,1,5,5,2,7,10,1,5,10,10,9,7,6,7,10,4,3,10,8,10,2,5,3,3,1,2,10,3,5,4,5,7,10,2,8,6,1,1],
[3,10,2,1,8,9,9,7,3,2,6,2,3,10,7,5,2,9,9,3,1,5,6,8,3,7,9,2,3,1,4,5,10,5,7,8,4,6,4,8],
[9,2,1,3,1,7,9,4,8,9,6,10,3,4,7,7,10,7,1,4,7,4,10,9,1,7,8,4,4,3,3,4,4,3,6,6,2,4,9,9],
[3,7,8,7,10,7,6,1,3,6,5,2,9,6,10,9,2,9,4,7,1,8,10,5,3,7,10,4,1,1,4,5,7,3,3,8,9,10,8,4],
[5,4,5,6,10,6,6,3,6,2,10,6,9,1,10,1,8,2,6,10,2,1,6,8,4,8,5,2,8,4,5,4,8,1,1,9,8,7,1,3],
[8,2,1,8,5,10,1,4,3,8,3,6,9,10,3,2,9,9,3,8,5,10,2,2,2,2,2,2,10,4,6,7,6,6,7,2,6,9,5,10],
[6,9,6,4,8,10,5,6,1,10,4,5,1,7,8,2,8,9,3,8,2,9,6,9,4,4,10,1,2,6,3,8,4,8,3,3,7,10,9,9],
[9,4,3,9,10,10,2,9,10,7,8,2,5,6,2,10,9,4,3,3,9,5,10,5,4,4,7,2,3,7,1,1,10,3,1,9,5,3,8,4],
[9,7,7,5,2,9,6,1,4,8,5,4,4,4,8,7,7,7,1,2,3,1,2,3,3,5,1,9,7,10,3,7,9,9,3,10,9,8,2,4],
[8,6,8,3,1,7,10,10,3,10,1,6,2,4,8,4,8,10,3,6,2,7,4,10,7,6,9,8,4,3,1,3,8,10,5,1,7,6,10,9],
[7,10,4,8,3,3,4,3,3,8,8,4,4,2,5,10,9,5,9,4,7,10,6,7,9,3,7,7,8,6,6,5,7,9,2,1,4,5,3,6],
[2,3,1,7,6,7,9,4,1,7,8,10,8,5,6,9,7,4,5,5,1,10,9,7,1,2,7,4,9,2,1,2,4,3,9,9,9,7,4,9],
[5,1,10,3,6,5,1,4,10,5,8,10,7,8,6,9,2,5,4,10,6,4,1,9,8,1,9,6,9,2,6,4,5,6,6,2,2,6,5,2],
[2,3,1,10,2,9,8,3,3,3,4,8,8,7,8,5,9,8,10,8,9,8,1,5,3,6,6,6,3,1,7,6,5,10,6,8,8,5,3,10],
[8,6,9,5,4,8,10,3,7,1,10,7,8,2,2,2,9,7,8,1,9,6,8,3,5,5,1,4,10,5,3,7,10,3,3,4,2,4,8,8],
[7,7,5,4,8,6,8,8,4,7,10,3,2,7,7,9,2,9,2,1,3,7,9,5,9,3,10,3,7,7,10,3,3,6,8,2,3,7,1,7],
[3,10,1,5,6,7,3,9,8,6,1,10,2,9,4,1,4,3,5,2,1,4,6,5,2,3,6,4,2,6,2,4,5,2,10,3,1,4,1,8],
[10,2,7,1,2,3,3,5,7,7,8,8,3,3,2,4,8,10,7,9,7,9,4,4,2,4,6,2,9,8,9,8,9,8,9,3,10,1,9,6],
[10,7,5,2,1,7,5,8,6,1,8,2,1,2,5,3,7,2,6,5,10,5,3,10,2,3,2,3,5,1,10,4,9,5,5,9,1,9,7,8],
[2,6,1,4,7,8,8,5,9,4,2,10,10,4,10,3,8,3,5,2,3,4,8,1,8,4,10,10,5,8,9,8,3,10,1,2,7,1,8,5],
[6,9,7,5,4,6,7,1,8,3,5,3,6,4,5,6,7,6,7,1,3,6,8,8,5,1,1,1,1,8,7,6,7,3,2,2,10,8,3,10],
[2,9,2,7,2,6,4,8,4,1,1,6,8,8,5,2,8,5,4,10,5,2,5,3,5,8,4,6,7,6,5,8,6,8,7,7,4,10,7,7],
[2,7,4,9,6,9,2,4,5,7,5,9,9,2,3,5,9,7,10,6,4,7,3,10,4,1,8,7,1,6,5,4,2,1,5,8,1,8,3,7],
[5,7,8,5,10,10,9,9,6,10,6,10,6,10,1,10,1,8,8,3,4,5,6,7,5,10,6,7,8,10,3,4,9,10,8,8,10,8,6,5],
[7,1,6,3,3,8,4,3,8,1,5,3,5,10,9,1,2,7,7,1,6,10,6,4,9,3,2,10,10,9,7,8,2,4,2,4,2,5,6,9],
[6,2,3,10,3,3,1,4,9,9,6,7,8,1,2,9,5,5,8,6,4,6,4,7,10,5,10,1,10,7,1,7,8,5,8,2,7,10,8,6],
[9,3,4,6,6,5,6,10,10,6,6,3,1,9,1,2,5,10,4,6,8,6,2,7,10,10,8,7,9,5,4,7,10,7,5,5,1,2,4,2],
[7,1,6,10,9,6,1,6,5,7,1,4,2,5,10,2,4,8,10,2,4,3,1,3,1,7,7,3,8,3,5,7,3,10,6,4,6,8,9,2],
[4,1,6,8,5,5,9,8,4,10,2,8,2,4,10,4,10,9,6,9,1,10,5,3,10,10,6,7,10,6,8,5,7,3,2,1,10,2,1,3],
[1,4,2,4,9,2,7,10,10,3,8,10,4,3,4,3,4,2,9,5,7,9,10,3,3,3,6,2,5,8,7,7,3,8,3,1,1,9,10,2],
[3,9,3,7,1,7,1,7,8,10,1,4,10,10,9,2,3,6,6,9,5,2,5,9,1,7,9,2,8,10,5,10,8,8,8,1,4,9,7,3],
[10,9,8,9,1,8,2,5,5,7,3,9,8,9,7,1,8,7,4,7,8,8,8,8,5,6,10,10,6,8,2,5,6,2,5,6,9,6,10,4],
[3,4,4,2,5,3,4,2,1,7,10,9,5,7,8,9,2,7,1,7,4,2,3,9,5,7,7,4,5,8,9,7,4,4,10,8,6,4,1,9],
[2,10,7,6,6,6,7,10,2,7,8,5,8,3,5,5,9,1,8,3,9,8,1,4,3,3,1,1,8,1,9,9,2,7,5,9,2,1,10,3],
[9,8,9,8,10,3,2,10,4,1,5,4,8,7,7,3,9,9,3,8,1,1,7,2,7,3,10,10,5,10,2,3,9,2,10,10,4,2,1,9],
[4,5,2,4,2,10,6,2,10,8,2,10,8,10,1,6,2,3,7,8,4,8,2,2,1,3,3,4,6,3,3,10,10,6,3,3,8,8,4,7],
];
