m=40;
n=40;
p=3;
q=3;

alpha=[0.994613,0.595086,0.605866,0.808004,0.835841,0.512318];

proba=[[[0.962071,0.560317,0.631674,0.669292,0.035307,0.124644,0.177643,0.242692,0.560779,0.166430,0.810816,0.896794,0.057351,0.608952,0.354694,0.659227,0.054630,0.661683,0.783637,0.159585,0.995745,0.913051,0.511703,0.544839,0.404517,0.500929,0.735012,0.616248,0.116937,0.406694,0.640884,0.079008,0.967011,0.272558,0.748300,0.002318,0.397202,0.925944,0.245010,0.957981],
[0.092374,0.055826,0.854775,0.149725,0.664778,0.209469,0.808953,0.719407,0.871152,0.592589,0.878992,0.866898,0.505640,0.390695,0.411737,0.910157,0.891624,0.146749,0.526405,0.008562,0.553443,0.167289,0.087570,0.520454,0.439846,0.835870,0.522772,0.837048,0.761814,0.767782,0.795029,0.854188,0.823608,0.649804,0.003913,0.488386,0.859273,0.812866,0.207794,0.730425],
[0.405456,0.086786,0.597323,0.911096,0.477481,0.009061,0.821252,0.369106,0.155810,0.347657,0.377667,0.709253,0.514946,0.465237,0.229707,0.954792,0.301107,0.752480,0.791840,0.062921,0.520262,0.586869,0.917109,0.343870,0.236673,0.921022,0.832257,0.095946,0.733888,0.040050,0.826371,0.139344,0.126836,0.423695,0.050440,0.604317,0.432755,0.871692,0.973423,0.588565],
[0.219349,0.351090,0.297818,0.734295,0.816327,0.527525,0.689087,0.117434,0.280005,0.480928,0.180354,0.800267,0.067797,0.097463,0.144137,0.304470,0.018485,0.976394,0.400416,0.752374,0.016444,0.226788,0.891718,0.143280,0.650482,0.942157,0.747598,0.083238,0.813850,0.721021,0.671803,0.033199,0.072111,0.969620,0.767494,0.888437,0.497145,0.456582,0.005871,0.777150],
[0.937509,0.186225,0.577417,0.005307,0.283688,0.721554,0.309777,0.302174,0.697948,0.710193,0.054547,0.714392,0.936981,0.946265,0.857673,0.587464,0.888422,0.605270,0.670701,0.702272,0.326291,0.342504,0.735471,0.398402,0.312124,0.502965,0.286839,0.809269,0.959546,0.292710,0.586420,0.897056,0.478935,0.163837,0.902362,0.762624,0.885391,0.212139,0.064797,0.583339],
[0.922333,0.119344,0.297731,0.859314,0.065609,0.155403,0.446777,0.954032,0.760674,0.117478,0.656304,0.086965,0.459982,0.391775,0.485366,0.772106,0.894740,0.772205,0.581376,0.854286,0.064915,0.167795,0.751342,0.543851,0.331632,0.653704,0.306474,0.217023,0.865843,0.371271,0.800361,0.788176,0.490616,0.098092,0.647489,0.556225,0.253495,0.094266,0.510257,0.014169],
[0.211745,0.166561,0.101133,0.671727,0.558336,0.586500,0.443833,0.453075,0.358705,0.025208,0.307361,0.423621,0.193004,0.058703,0.967471,0.524636,0.712407,0.273945,0.741658,0.578250,0.645216,0.542019,0.366426,0.135832,0.640111,0.013916,0.692057,0.893606,0.108182,0.202314,0.907774,0.319927,0.368875,0.008908,0.991654,0.927211,0.595407,0.435486,0.380286,0.954113],
[0.460695,0.687647,0.377733,0.653699,0.746350,0.345204,0.178334,0.458757,0.619149,0.919992,0.037008,0.264366,0.462011,0.403434,0.400198,0.102122,0.417349,0.092255,0.995728,0.525531,0.294569,0.903502,0.845458,0.663444,0.912410,0.837112,0.590654,0.507818,0.272598,0.970940,0.461930,0.733293,0.658588,0.839663,0.386992,0.404938,0.184868,0.565326,0.863695,0.804017],
[0.485318,0.900703,0.068383,0.947330,0.304136,0.468581,0.049452,0.721485,0.560835,0.045180,0.247017,0.855404,0.948682,0.092475,0.518847,0.861093,0.929587,0.109502,0.368910,0.202185,0.080442,0.830840,0.935478,0.739030,0.670504,0.322470,0.143967,0.855371,0.887796,0.007662,0.659388,0.373114,0.908365,0.727771,0.320444,0.212501,0.196352,0.369896,0.933987,0.757187],
[0.415076,0.181003,0.612591,0.363758,0.273478,0.131438,0.224851,0.203065,0.240940,0.593761,0.405250,0.321382,0.424601,0.340728,0.060412,0.095105,0.663198,0.204379,0.950477,0.550994,0.212042,0.609865,0.924109,0.120406,0.337636,0.244553,0.332908,0.533988,0.614448,0.266894,0.291175,0.029524,0.447898,0.903766,0.393283,0.721376,0.035204,0.618134,0.924441,0.276144],
[0.211895,0.329691,0.597526,0.636496,0.670419,0.657938,0.731601,0.333618,0.862317,0.682078,0.884612,0.074359,0.291943,0.808720,0.194765,0.629579,0.053273,0.527673,0.163568,0.667721,0.794567,0.454743,0.697246,0.242465,0.358509,0.090529,0.963841,0.393713,0.708662,0.888282,0.669857,0.920557,0.217973,0.267383,0.557053,0.888392,0.925321,0.288654,0.222010,0.787639],
[0.970732,0.106621,0.861997,0.262675,0.915342,0.056762,0.892255,0.968614,0.584435,0.055822,0.636336,0.379002,0.510565,0.333581,0.621466,0.869074,0.424110,0.585307,0.262787,0.132772,0.473589,0.932644,0.053329,0.691561,0.200028,0.610382,0.579953,0.125349,0.899037,0.801963,0.912988,0.869769,0.908584,0.774985,0.132444,0.823926,0.831747,0.024699,0.792540,0.416182],
[0.080522,0.428876,0.795184,0.591087,0.762457,0.416650,0.460161,0.186567,0.001957,0.722947,0.319339,0.475546,0.655591,0.372668,0.167107,0.855619,0.983051,0.747060,0.980968,0.882087,0.549023,0.893955,0.751856,0.457607,0.668940,0.884301,0.281533,0.500687,0.909000,0.074073,0.916869,0.989521,0.502949,0.712053,0.580608,0.265406,0.128703,0.040769,0.451973,0.130660],
[0.763716,0.771312,0.606206,0.419308,0.143981,0.773313,0.274926,0.127031,0.520373,0.255894,0.009119,0.069396,0.149850,0.760975,0.527003,0.818790,0.645276,0.808536,0.319477,0.554276,0.882609,0.236346,0.543797,0.385558,0.948399,0.124405,0.650964,0.077102,0.165174,0.102937,0.207763,0.928890,0.874249,0.813969,0.348198,0.018230,0.587282,0.623124,0.145261,0.107655],
[0.879018,0.154379,0.177051,0.028868,0.915354,0.704055,0.847658,0.560630,0.512591,0.167135,0.114906,0.395200,0.403482,0.658703,0.780758,0.351881,0.783108,0.431722,0.428983,0.948282,0.534658,0.636746,0.877172,0.408907,0.450714,0.225369,0.427137,0.037996,0.848493,0.572398,0.145651,0.727512,0.726777,0.322702,0.756380,0.642131,0.026756,0.604038,0.202761,0.539347],
[0.771173,0.317666,0.934547,0.174654,0.976369,0.715305,0.526535,0.759477,0.147027,0.955518,0.707759,0.681685,0.592264,0.584930,0.090593,0.042978,0.810300,0.517729,0.080974,0.658793,0.090127,0.226624,0.386305,0.816904,0.549326,0.142684,0.459035,0.576082,0.746722,0.661796,0.115430,0.517895,0.979462,0.049977,0.692549,0.955831,0.765282,0.219085,0.715308,0.912310],
[0.174603,0.423067,0.593995,0.766867,0.007997,0.684588,0.809845,0.818297,0.202317,0.890818,0.477090,0.292444,0.117442,0.863395,0.109348,0.666768,0.006079,0.568383,0.242851,0.752801,0.230179,0.358280,0.270696,0.209641,0.408257,0.963245,0.165473,0.173540,0.182330,0.880781,0.085849,0.356933,0.303848,0.679844,0.123800,0.311845,0.364432,0.933644,0.130143,0.566749],
[0.824462,0.607233,0.859193,0.941905,0.470628,0.968541,0.608673,0.476707,0.536924,0.851524,0.229507,0.767103,0.209804,0.500203,0.976744,0.618062,0.463449,0.142216,0.791602,0.645779,0.022997,0.877451,0.002712,0.326845,0.557295,0.126511,0.638691,0.921727,0.060155,0.768834,0.488476,0.884618,0.376066,0.347670,0.826523,0.846694,0.316211,0.435196,0.323400,0.853135],
[0.286720,0.552908,0.620238,0.496524,0.053111,0.596981,0.114586,0.516560,0.739198,0.906188,0.162339,0.762195,0.783638,0.165050,0.089041,0.340934,0.291562,0.727732,0.262661,0.351717,0.496565,0.751137,0.236335,0.872632,0.098807,0.062857,0.719326,0.415018,0.498053,0.042726,0.268152,0.784773,0.595634,0.888390,0.281298,0.648745,0.485371,0.395884,0.165306,0.224569],
[0.302071,0.327644,0.986764,0.085710,0.492695,0.075805,0.426644,0.784256,0.803537,0.689305,0.135973,0.300102,0.440442,0.372308,0.172734,0.539249,0.435165,0.892059,0.954266,0.933219,0.934785,0.222418,0.717992,0.530420,0.110808,0.999290,0.179165,0.596179,0.395174,0.344470,0.820748,0.697245,0.672115,0.807513,0.782955,0.164810,0.883318,0.209599,0.949066,0.686855],
[0.898903,0.085039,0.986957,0.339345,0.457347,0.159691,0.878594,0.892513,0.051750,0.832860,0.825731,0.986535,0.055278,0.543724,0.516955,0.166086,0.543013,0.696120,0.762266,0.938187,0.040590,0.583014,0.635432,0.712705,0.390527,0.418388,0.877515,0.273845,0.627986,0.826581,0.960700,0.526890,0.911620,0.947657,0.866235,0.368968,0.107347,0.744828,0.261480,0.159097],
[0.577688,0.087212,0.145633,0.632966,0.630935,0.662588,0.799052,0.173949,0.358707,0.561318,0.112136,0.399298,0.144332,0.747568,0.112003,0.534859,0.165956,0.989518,0.808704,0.793942,0.816099,0.769404,0.320832,0.727719,0.717060,0.187067,0.096686,0.824407,0.931895,0.358167,0.983504,0.509583,0.445378,0.129137,0.142549,0.076314,0.791725,0.941601,0.250262,0.150432],
[0.502919,0.362398,0.549730,0.647251,0.109966,0.661733,0.182110,0.275922,0.651251,0.990814,0.069864,0.467349,0.760217,0.390696,0.195068,0.477278,0.577763,0.291755,0.301685,0.509658,0.649921,0.285189,0.019241,0.095300,0.414326,0.161790,0.171613,0.206051,0.103391,0.421875,0.356483,0.606310,0.784273,0.906213,0.253561,0.894239,0.567946,0.435671,0.170161,0.219196],
[0.426485,0.240025,0.686545,0.186703,0.630721,0.881613,0.663980,0.208484,0.173368,0.965665,0.718142,0.823289,0.250855,0.737383,0.918589,0.665181,0.899173,0.090202,0.871232,0.002564,0.512077,0.227715,0.608874,0.296350,0.133928,0.862436,0.190590,0.701873,0.298107,0.360751,0.921070,0.724592,0.600776,0.607615,0.911295,0.231498,0.489228,0.575275,0.439982,0.662596],
[0.540940,0.158123,0.485886,0.791795,0.895506,0.404474,0.456976,0.794679,0.494676,0.328208,0.797243,0.006754,0.555923,0.406117,0.303104,0.689851,0.268553,0.493694,0.391725,0.566660,0.854445,0.312794,0.291252,0.455221,0.920409,0.202546,0.686719,0.409638,0.777821,0.126700,0.072234,0.318761,0.284824,0.558120,0.110556,0.180330,0.962594,0.567532,0.975009,0.457271],
[0.895740,0.772252,0.464024,0.451664,0.178369,0.767128,0.141515,0.446921,0.260822,0.533240,0.013581,0.115267,0.846034,0.304832,0.570489,0.766443,0.507379,0.257208,0.176081,0.285200,0.383908,0.248315,0.603961,0.668732,0.806434,0.714518,0.849062,0.769028,0.282050,0.824070,0.226299,0.177790,0.596322,0.690323,0.629454,0.774691,0.457451,0.770969,0.221612,0.718274],
[0.304209,0.235193,0.833541,0.150243,0.540025,0.404029,0.916686,0.047404,0.661237,0.092766,0.332604,0.045145,0.341081,0.936565,0.713877,0.147515,0.651083,0.562938,0.916543,0.933133,0.387009,0.142842,0.110923,0.983330,0.833165,0.740377,0.758021,0.290616,0.511346,0.979633,0.008890,0.815555,0.214826,0.842431,0.965798,0.754851,0.246460,0.882484,0.802255,0.907697],
[0.975250,0.134858,0.952842,0.316331,0.071423,0.666719,0.463846,0.722506,0.229657,0.380390,0.655638,0.616666,0.523232,0.766561,0.599996,0.356397,0.506938,0.358017,0.647013,0.018285,0.337650,0.655903,0.833840,0.552475,0.498334,0.799638,0.307326,0.744795,0.682122,0.109580,0.652492,0.657372,0.244439,0.605334,0.973703,0.315862,0.272053,0.437550,0.038367,0.501710],
[0.817939,0.694006,0.118376,0.341171,0.460567,0.718371,0.697568,0.967506,0.076388,0.344581,0.985791,0.414038,0.000484,0.819631,0.966513,0.498819,0.619269,0.273839,0.243613,0.301391,0.383419,0.896105,0.958763,0.627858,0.501439,0.932466,0.943719,0.773492,0.370016,0.982087,0.275202,0.187955,0.676093,0.393578,0.529126,0.136660,0.111949,0.226694,0.104166,0.188338],
[0.571275,0.089956,0.602375,0.571759,0.909587,0.568889,0.070578,0.528856,0.842727,0.314191,0.830246,0.226147,0.210296,0.789010,0.854004,0.711736,0.721476,0.797724,0.485228,0.091492,0.779811,0.760430,0.279447,0.455903,0.154008,0.808573,0.592563,0.265957,0.035267,0.696729,0.454295,0.606541,0.786685,0.056670,0.178300,0.696272,0.625559,0.248878,0.225127,0.468286],
[0.563069,0.055374,0.694433,0.773366,0.844384,0.548437,0.485102,0.565860,0.346161,0.970329,0.657352,0.125971,0.730760,0.936799,0.581875,0.884768,0.745372,0.174438,0.150725,0.780638,0.871167,0.605019,0.387179,0.657852,0.661690,0.565480,0.354124,0.287248,0.814358,0.579252,0.755534,0.377427,0.634626,0.449967,0.150793,0.479009,0.998404,0.635895,0.044869,0.344565],
[0.606224,0.702221,0.470536,0.336984,0.639019,0.052411,0.221751,0.384391,0.226849,0.372476,0.165029,0.098017,0.977495,0.552209,0.755869,0.639185,0.117688,0.109994,0.926433,0.932046,0.689245,0.681967,0.309474,0.323871,0.131934,0.460267,0.802880,0.130338,0.096161,0.847749,0.474903,0.702385,0.549970,0.945439,0.039369,0.188989,0.997850,0.261120,0.573380,0.224699],
[0.633596,0.738410,0.322716,0.611091,0.290618,0.078585,0.250276,0.408307,0.188579,0.176709,0.340353,0.877824,0.858676,0.649827,0.201695,0.990610,0.110093,0.004576,0.120948,0.206254,0.852325,0.595851,0.908640,0.402295,0.541290,0.948008,0.591284,0.539140,0.209129,0.164665,0.763839,0.842725,0.903074,0.086555,0.453816,0.193693,0.165140,0.704092,0.602000,0.353719],
[0.880802,0.942353,0.231543,0.739478,0.592179,0.433239,0.730089,0.702272,0.437814,0.851037,0.908527,0.290139,0.446888,0.817166,0.692434,0.988178,0.765175,0.283719,0.527317,0.974303,0.448383,0.291156,0.817028,0.351458,0.377711,0.270844,0.545150,0.542852,0.974936,0.147150,0.896571,0.855738,0.089502,0.128114,0.595216,0.681682,0.561353,0.325305,0.383954,0.999167],
[0.176342,0.292481,0.289306,0.623230,0.109647,0.981740,0.611407,0.874821,0.265459,0.138725,0.849124,0.713842,0.429881,0.666152,0.065300,0.807592,0.936996,0.610450,0.350444,0.911932,0.757600,0.247015,0.767670,0.847103,0.375129,0.362886,0.528784,0.936482,0.688191,0.912738,0.935649,0.864532,0.205219,0.224955,0.487762,0.314865,0.206696,0.099169,0.189687,0.472155],
[0.237894,0.038811,0.185997,0.667775,0.704963,0.251297,0.475368,0.641959,0.861748,0.825812,0.553891,0.619348,0.072827,0.321562,0.466451,0.447956,0.684448,0.995235,0.384438,0.372638,0.907973,0.320087,0.237171,0.113192,0.545042,0.724933,0.428058,0.751738,0.824102,0.617744,0.223893,0.061996,0.656555,0.409890,0.729772,0.361518,0.661187,0.205139,0.003478,0.522935],
[0.030951,0.557369,0.142283,0.103778,0.878930,0.608733,0.551734,0.563378,0.603968,0.936172,0.936017,0.511941,0.256260,0.173187,0.625133,0.801302,0.898120,0.053191,0.553040,0.722222,0.670935,0.776933,0.784219,0.327490,0.186823,0.513990,0.689009,0.848011,0.719130,0.692486,0.370946,0.750081,0.249855,0.513228,0.853859,0.128786,0.121961,0.405593,0.692164,0.725930],
[0.341766,0.628181,0.237871,0.598025,0.801368,0.863004,0.399327,0.699488,0.916195,0.952368,0.421711,0.587130,0.729301,0.205929,0.914621,0.916124,0.719920,0.603630,0.764135,0.439049,0.296116,0.135080,0.189130,0.545972,0.648308,0.042989,0.674758,0.770270,0.448583,0.366922,0.496199,0.790349,0.995102,0.734070,0.388374,0.796470,0.597074,0.787701,0.495959,0.513270],
[0.740069,0.917669,0.100400,0.469369,0.123598,0.015021,0.385493,0.843518,0.618651,0.149628,0.282567,0.914767,0.284708,0.471698,0.460739,0.933017,0.514687,0.135497,0.703287,0.963270,0.502418,0.199486,0.753618,0.497521,0.933556,0.141992,0.293991,0.530630,0.929694,0.789950,0.043900,0.669762,0.707619,0.144300,0.139132,0.831217,0.159321,0.524625,0.674735,0.777972],
[0.674253,0.957303,0.692739,0.958962,0.429000,0.153478,0.891979,0.943687,0.288975,0.595265,0.906957,0.791393,0.794751,0.660575,0.288914,0.728307,0.802568,0.582906,0.258937,0.732261,0.372855,0.302837,0.402023,0.080475,0.447137,0.541155,0.911692,0.606458,0.065780,0.586427,0.384430,0.740034,0.543730,0.077170,0.698996,0.972730,0.230648,0.590974,0.916418,0.519623]],
[[0.186239,0.823375,0.311017,0.980990,0.483950,0.599931,0.709297,0.286517,0.182836,0.968234,0.018779,0.555692,0.271071,0.420802,0.636166,0.718209,0.961957,0.547858,0.324667,0.027738,0.134286,0.709097,0.767772,0.678016,0.786267,0.466767,0.650747,0.016915,0.057742,0.567164,0.536538,0.243981,0.390539,0.847555,0.224972,0.874489,0.447485,0.934269,0.161006,0.630322],
[0.902503,0.179785,0.186014,0.173575,0.600587,0.822180,0.891783,0.562544,0.370039,0.216450,0.590282,0.504325,0.925548,0.358053,0.182341,0.711814,0.824821,0.833087,0.728730,0.882562,0.400251,0.265268,0.126543,0.790790,0.112822,0.351515,0.665279,0.560308,0.285784,0.826285,0.190630,0.188287,0.006070,0.376643,0.361861,0.606657,0.198824,0.253645,0.169201,0.568862],
[0.470095,0.759483,0.073187,0.395642,0.117536,0.255528,0.107457,0.942356,0.088615,0.836186,0.824919,0.488866,0.101454,0.951462,0.279657,0.214276,0.302977,0.944936,0.774584,0.588761,0.771221,0.965214,0.777047,0.777291,0.341857,0.138909,0.383948,0.540681,0.392554,0.553149,0.109543,0.862649,0.312631,0.182730,0.258291,0.430167,0.438258,0.365748,0.372524,0.526873],
[0.201935,0.197442,0.015739,0.303389,0.148904,0.295396,0.517665,0.451881,0.240332,0.292249,0.040642,0.011553,0.257463,0.817689,0.788844,0.599321,0.956598,0.172791,0.140001,0.349152,0.725940,0.249545,0.211801,0.038572,0.432275,0.470092,0.468739,0.870532,0.835840,0.841262,0.397405,0.037774,0.038705,0.413144,0.341163,0.187609,0.708540,0.858828,0.639490,0.948871],
[0.151078,0.680131,0.960424,0.408541,0.497821,0.749268,0.007862,0.454419,0.922059,0.147863,0.803571,0.647999,0.397408,0.015371,0.686571,0.829682,0.485463,0.155310,0.700214,0.321303,0.996572,0.097619,0.359077,0.035277,0.510763,0.700241,0.222885,0.219303,0.559069,0.862375,0.168175,0.710147,0.542506,0.128599,0.118688,0.040327,0.877866,0.126549,0.494746,0.799925],
[0.274412,0.298316,0.447924,0.671820,0.313688,0.134495,0.501502,0.799151,0.289805,0.201716,0.120454,0.286377,0.299336,0.479531,0.321654,0.810099,0.179772,0.544539,0.029402,0.738841,0.406914,0.197577,0.448987,0.949420,0.326176,0.567675,0.989747,0.204042,0.694224,0.484493,0.003967,0.968637,0.782809,0.451891,0.640456,0.096497,0.586387,0.141958,0.895648,0.876192],
[0.343674,0.016102,0.162569,0.643010,0.495633,0.484222,0.453109,0.675405,0.028761,0.482512,0.414245,0.435675,0.680089,0.863233,0.385095,0.006264,0.430908,0.374842,0.210306,0.125132,0.859335,0.214273,0.093769,0.642145,0.666164,0.734225,0.738642,0.252551,0.876184,0.634290,0.128742,0.219858,0.650392,0.291311,0.862868,0.146025,0.775533,0.315978,0.821429,0.804294],
[0.798489,0.235675,0.239969,0.478578,0.098907,0.625064,0.484842,0.529815,0.999907,0.695148,0.654948,0.859242,0.909421,0.748717,0.501387,0.575586,0.482942,0.240029,0.828136,0.359126,0.874319,0.956879,0.578984,0.524710,0.248190,0.441852,0.670735,0.023723,0.757830,0.492164,0.828018,0.556319,0.727839,0.067987,0.034897,0.826746,0.693052,0.519739,0.356561,0.692958],
[0.214887,0.011509,0.552200,0.124309,0.760226,0.053587,0.699894,0.243169,0.293616,0.528031,0.602295,0.167935,0.484909,0.181279,0.692645,0.733099,0.623131,0.363380,0.756823,0.380961,0.855545,0.584841,0.937280,0.583383,0.652828,0.972177,0.410130,0.345879,0.491916,0.766691,0.038838,0.706804,0.778200,0.591038,0.831113,0.538427,0.644626,0.531007,0.781595,0.938242],
[0.059037,0.383890,0.106176,0.543947,0.565168,0.798821,0.277046,0.188300,0.162202,0.033869,0.569261,0.017746,0.618709,0.506541,0.601130,0.271537,0.478718,0.011259,0.617417,0.970635,0.777951,0.656255,0.677439,0.556151,0.247293,0.508551,0.094578,0.891919,0.039558,0.876173,0.830160,0.098596,0.260062,0.936336,0.642542,0.825231,0.735158,0.919588,0.013531,0.897359],
[0.953457,0.582791,0.915106,0.572167,0.089332,0.516235,0.843704,0.568051,0.527495,0.461121,0.538685,0.305445,0.117375,0.216124,0.861596,0.364668,0.724676,0.956174,0.256587,0.764234,0.832346,0.086747,0.862829,0.092409,0.023084,0.505371,0.917640,0.758242,0.424960,0.931170,0.655601,0.378417,0.513961,0.570707,0.950584,0.603294,0.086942,0.794288,0.171344,0.614437],
[0.255408,0.710030,0.919882,0.372783,0.926154,0.781478,0.737452,0.650830,0.737651,0.994039,0.415063,0.569998,0.080786,0.277893,0.662406,0.103870,0.783264,0.580046,0.862112,0.208224,0.511216,0.517713,0.586641,0.025177,0.088419,0.537225,0.628471,0.175361,0.331513,0.799816,0.789798,0.586921,0.509846,0.709680,0.959704,0.436000,0.491158,0.697156,0.086829,0.228809],
[0.691195,0.501893,0.798807,0.771981,0.779785,0.461213,0.875851,0.563049,0.041259,0.737963,0.771273,0.552475,0.255675,0.357914,0.577652,0.344095,0.895139,0.206124,0.519456,0.226652,0.005939,0.309254,0.813572,0.515785,0.018934,0.773277,0.951785,0.510091,0.470433,0.038614,0.738900,0.161628,0.540507,0.537707,0.933609,0.320292,0.998920,0.809460,0.883341,0.040179],
[0.547422,0.654615,0.592654,0.803098,0.012529,0.170306,0.147193,0.907668,0.376430,0.666649,0.134320,0.382369,0.975903,0.947892,0.898155,0.994837,0.721169,0.849939,0.504928,0.191602,0.888554,0.243829,0.353229,0.429061,0.781536,0.286838,0.749353,0.780456,0.096298,0.632694,0.820634,0.643720,0.287309,0.413288,0.446818,0.299838,0.583594,0.594010,0.207506,0.960024],
[0.260659,0.341825,0.342394,0.236562,0.289718,0.240548,0.231399,0.010886,0.090488,0.736328,0.202488,0.979041,0.980156,0.555717,0.408102,0.761692,0.842555,0.157455,0.542148,0.938853,0.790149,0.362782,0.582573,0.077458,0.776070,0.029391,0.377295,0.359665,0.623401,0.584801,0.319689,0.884060,0.926627,0.662083,0.120623,0.216344,0.902631,0.352022,0.227231,0.993119],
[0.088349,0.429719,0.972161,0.068506,0.985436,0.380263,0.830198,0.827991,0.537717,0.372345,0.766844,0.327866,0.735127,0.349417,0.405324,0.511197,0.378808,0.782619,0.870862,0.002209,0.367420,0.190551,0.886269,0.294047,0.852634,0.006892,0.510391,0.755265,0.358914,0.737622,0.748384,0.447263,0.167340,0.720545,0.515768,0.152776,0.100808,0.345966,0.980767,0.638525],
[0.718311,0.747611,0.966391,0.453438,0.097029,0.371715,0.964635,0.475836,0.154334,0.835497,0.478045,0.521755,0.026048,0.364315,0.815802,0.878681,0.371207,0.326193,0.633946,0.730120,0.063814,0.382331,0.177383,0.231155,0.102876,0.693151,0.383931,0.203684,0.039117,0.364698,0.842209,0.757428,0.112309,0.808600,0.210866,0.209338,0.180315,0.175501,0.685174,0.334649],
[0.010998,0.163220,0.856403,0.037046,0.527534,0.672205,0.915727,0.898741,0.998398,0.549674,0.628861,0.062212,0.932004,0.806244,0.293367,0.034880,0.499395,0.677297,0.238564,0.538512,0.041995,0.080773,0.295940,0.154305,0.889372,0.506807,0.363643,0.069687,0.682308,0.048817,0.404336,0.693306,0.212036,0.260740,0.730352,0.739571,0.932945,0.646079,0.638312,0.931342],
[0.195753,0.267173,0.993554,0.127757,0.073417,0.286921,0.162637,0.572812,0.964218,0.401201,0.111324,0.006214,0.481974,0.407264,0.160519,0.371346,0.914071,0.524161,0.441033,0.596379,0.572978,0.845369,0.289685,0.785014,0.106109,0.020037,0.524585,0.039053,0.666116,0.162897,0.970396,0.861869,0.430070,0.963950,0.989626,0.503486,0.250871,0.152263,0.076298,0.215090],
[0.553464,0.187622,0.221303,0.035438,0.594887,0.381822,0.406784,0.508958,0.905983,0.847817,0.105337,0.478961,0.693187,0.395021,0.263975,0.799296,0.415058,0.788561,0.838349,0.081174,0.951458,0.808745,0.943043,0.381527,0.772695,0.932669,0.885014,0.023566,0.084932,0.961312,0.238656,0.638396,0.148934,0.459959,0.673834,0.743821,0.841781,0.080618,0.252779,0.747764],
[0.928436,0.358115,0.226725,0.621622,0.753137,0.490701,0.420918,0.168195,0.279261,0.259267,0.249369,0.230719,0.068012,0.192412,0.612247,0.840707,0.125081,0.497260,0.864273,0.210013,0.458572,0.102929,0.848409,0.607506,0.562889,0.522244,0.351327,0.404670,0.602862,0.604106,0.152434,0.531298,0.962221,0.379159,0.152920,0.715358,0.869860,0.573838,0.883553,0.149121],
[0.833105,0.132922,0.379840,0.901117,0.325334,0.992087,0.741825,0.450415,0.489347,0.606098,0.660429,0.947920,0.709027,0.508838,0.555426,0.271916,0.031081,0.906753,0.676586,0.633943,0.510859,0.829019,0.165241,0.473080,0.208178,0.318161,0.188438,0.078038,0.891999,0.071990,0.227159,0.725104,0.204912,0.606999,0.626222,0.530246,0.599086,0.368046,0.980662,0.088433],
[0.974144,0.641090,0.036353,0.683171,0.149928,0.591779,0.955087,0.181010,0.498532,0.631673,0.814953,0.009392,0.460692,0.980194,0.482472,0.668870,0.298355,0.670910,0.746908,0.190353,0.742900,0.974067,0.915458,0.947812,0.581066,0.541679,0.478059,0.180151,0.909725,0.458721,0.268585,0.883869,0.099811,0.304937,0.567041,0.249740,0.896716,0.522128,0.430749,0.395248],
[0.153801,0.245702,0.404640,0.614493,0.225896,0.887112,0.283363,0.524251,0.558021,0.030271,0.714604,0.300921,0.004338,0.630062,0.248734,0.585403,0.171741,0.726792,0.765555,0.081466,0.185513,0.034139,0.965336,0.285324,0.339077,0.532376,0.535064,0.235793,0.054504,0.965813,0.631041,0.208305,0.211516,0.035681,0.822797,0.437412,0.922793,0.106160,0.961663,0.480814],
[0.136431,0.676267,0.781736,0.140769,0.306329,0.030470,0.726172,0.478071,0.757262,0.491727,0.559537,0.942775,0.525866,0.524873,0.228100,0.864943,0.057249,0.763163,0.100735,0.111753,0.728977,0.731777,0.320058,0.940492,0.767458,0.142855,0.377904,0.690251,0.249015,0.339567,0.171065,0.385447,0.015834,0.952801,0.526215,0.322164,0.983271,0.252388,0.800234,0.740533],
[0.744115,0.359771,0.683308,0.269981,0.884644,0.911407,0.134924,0.941893,0.674571,0.235659,0.053646,0.403547,0.967436,0.373703,0.344040,0.734893,0.516559,0.721944,0.425144,0.765574,0.061511,0.596209,0.151021,0.077345,0.549010,0.677236,0.399509,0.532281,0.929624,0.199743,0.272814,0.673738,0.559514,0.956121,0.943719,0.444158,0.867529,0.078643,0.386051,0.542100],
[0.314302,0.439696,0.945647,0.281738,0.813399,0.289686,0.016631,0.329958,0.011630,0.441775,0.095532,0.073141,0.037985,0.246552,0.150486,0.586995,0.923789,0.549995,0.119276,0.853412,0.749739,0.392090,0.527151,0.309253,0.348211,0.470870,0.753411,0.215740,0.549513,0.139462,0.757839,0.863815,0.579158,0.703486,0.145552,0.392557,0.993173,0.162183,0.722515,0.004803],
[0.603958,0.818047,0.077944,0.641943,0.064599,0.228430,0.228938,0.988388,0.778426,0.348214,0.841800,0.528165,0.740303,0.368951,0.837418,0.088514,0.839820,0.590829,0.304254,0.389333,0.730290,0.062093,0.253148,0.309448,0.765579,0.398700,0.702005,0.758752,0.560883,0.424519,0.763555,0.164841,0.242566,0.841499,0.806784,0.307165,0.069929,0.035722,0.295552,0.848355],
[0.383936,0.137352,0.376519,0.124239,0.506303,0.213937,0.212753,0.346123,0.804766,0.517007,0.735456,0.535056,0.579101,0.988604,0.844503,0.344680,0.387304,0.546508,0.103432,0.948187,0.971027,0.866986,0.113028,0.213593,0.708485,0.919813,0.520758,0.778414,0.955535,0.816310,0.626769,0.339471,0.953663,0.003288,0.463710,0.459966,0.217225,0.676464,0.806089,0.021991],
[0.193471,0.541545,0.557047,0.772572,0.530149,0.401550,0.117252,0.917453,0.948058,0.220683,0.865640,0.919085,0.087670,0.978668,0.132678,0.796155,0.898481,0.653435,0.574569,0.854016,0.469746,0.201338,0.193487,0.423408,0.204626,0.657197,0.883374,0.421851,0.333661,0.689463,0.443842,0.527132,0.231008,0.000889,0.299704,0.761157,0.402439,0.416956,0.678610,0.350496],
[0.637639,0.544249,0.269581,0.725309,0.522917,0.402258,0.521463,0.421398,0.055694,0.096032,0.275414,0.525439,0.297369,0.468901,0.948848,0.501995,0.126098,0.832222,0.923847,0.459758,0.521685,0.367689,0.986890,0.752692,0.368578,0.286594,0.513849,0.771017,0.703550,0.192459,0.121513,0.341189,0.736708,0.391094,0.066498,0.259625,0.793352,0.587961,0.681023,0.849046],
[0.683993,0.956437,0.374485,0.981362,0.425337,0.323333,0.483358,0.551435,0.155555,0.407205,0.011193,0.677240,0.774894,0.998084,0.429932,0.143472,0.284678,0.943781,0.914489,0.988228,0.136240,0.036002,0.329417,0.872948,0.427096,0.395915,0.132573,0.220448,0.983875,0.813596,0.069494,0.667868,0.770033,0.443979,0.649230,0.195370,0.767312,0.132588,0.746806,0.922867],
[0.539793,0.757999,0.600107,0.314686,0.756083,0.030039,0.458158,0.040761,0.973820,0.372647,0.028989,0.110059,0.408649,0.358406,0.983007,0.835745,0.754321,0.115580,0.056193,0.738196,0.929176,0.125686,0.406065,0.699209,0.569665,0.055295,0.894579,0.336978,0.187883,0.641385,0.259845,0.727676,0.399384,0.859952,0.042362,0.155467,0.889991,0.500521,0.196228,0.863811],
[0.873168,0.225217,0.973870,0.281817,0.583623,0.956877,0.117562,0.337944,0.072457,0.173755,0.076141,0.001633,0.299441,0.482205,0.700841,0.869106,0.537500,0.595421,0.206084,0.725383,0.236805,0.465929,0.453059,0.636189,0.325881,0.495421,0.791656,0.215872,0.995941,0.987884,0.079683,0.869109,0.213101,0.053553,0.150926,0.796724,0.010430,0.268488,0.134669,0.082887],
[0.442243,0.210809,0.084520,0.741684,0.693015,0.785362,0.610790,0.230515,0.380782,0.816874,0.955898,0.617588,0.282803,0.408957,0.253777,0.608684,0.904378,0.045433,0.824556,0.900319,0.033316,0.904239,0.769428,0.246417,0.957792,0.920354,0.043141,0.968222,0.188842,0.177810,0.051110,0.631085,0.388620,0.135630,0.372769,0.081634,0.920991,0.983559,0.312149,0.301773],
[0.800434,0.268047,0.919361,0.083237,0.677004,0.173138,0.691921,0.581382,0.218570,0.516477,0.481701,0.251887,0.420716,0.251129,0.498304,0.378508,0.171483,0.541445,0.346730,0.360325,0.719256,0.397840,0.991411,0.107875,0.533469,0.364180,0.189509,0.454460,0.347739,0.501659,0.756234,0.148173,0.769706,0.675594,0.231410,0.446710,0.848732,0.923331,0.028092,0.067303],
[0.439808,0.509793,0.319189,0.860524,0.760921,0.817493,0.239032,0.932404,0.358939,0.585762,0.292730,0.078194,0.983602,0.284140,0.186069,0.517071,0.648320,0.375579,0.971531,0.996059,0.877237,0.727765,0.144232,0.646943,0.403359,0.375642,0.093654,0.252091,0.298973,0.121746,0.319394,0.738781,0.631538,0.638583,0.599305,0.392460,0.456077,0.838337,0.324864,0.815015],
[0.424099,0.617593,0.893209,0.407701,0.901734,0.079279,0.924772,0.550054,0.454857,0.896303,0.546113,0.332095,0.624068,0.690345,0.979038,0.027427,0.065988,0.072692,0.279518,0.364961,0.194437,0.598912,0.103742,0.825976,0.237495,0.703047,0.218435,0.693572,0.541384,0.543299,0.508587,0.965484,0.160893,0.401797,0.373185,0.062626,0.481075,0.297957,0.612680,0.935933],
[0.194260,0.158793,0.268027,0.818328,0.849138,0.247065,0.845755,0.915126,0.319757,0.125273,0.280087,0.514194,0.724186,0.383829,0.340170,0.961681,0.086876,0.558606,0.655253,0.628260,0.101905,0.163840,0.593744,0.262798,0.565637,0.966929,0.325424,0.046712,0.264886,0.938104,0.982645,0.459146,0.096897,0.250672,0.277474,0.946035,0.497737,0.123229,0.861161,0.817494],
[0.248502,0.141248,0.331689,0.972688,0.525076,0.671859,0.934369,0.611952,0.230465,0.589622,0.240213,0.332370,0.753463,0.833957,0.595167,0.319100,0.800886,0.920591,0.365812,0.065771,0.858695,0.348457,0.524917,0.955592,0.599129,0.802391,0.901626,0.096867,0.925619,0.762787,0.914361,0.174122,0.904035,0.246050,0.146810,0.429111,0.917909,0.081179,0.041063,0.148374]],
[[0.670801,0.281276,0.480744,0.424264,0.115233,0.075911,0.743364,0.916118,0.996502,0.109176,0.981890,0.855197,0.457633,0.506807,0.810788,0.056763,0.309198,0.712415,0.153629,0.234817,0.475202,0.067991,0.408939,0.379237,0.314041,0.555748,0.808348,0.231950,0.636927,0.849412,0.380324,0.307728,0.130688,0.861068,0.731992,0.245920,0.936979,0.475356,0.162039,0.933481],
[0.584533,0.143928,0.788678,0.042166,0.650735,0.599466,0.098929,0.959932,0.311881,0.252558,0.194749,0.787083,0.320549,0.603688,0.166321,0.634590,0.159436,0.974669,0.866540,0.796363,0.824081,0.246864,0.104092,0.954769,0.107932,0.836084,0.200689,0.044911,0.311441,0.362728,0.978391,0.895973,0.506656,0.767069,0.938140,0.157391,0.366535,0.037068,0.117323,0.678416],
[0.289627,0.312073,0.465500,0.610175,0.915761,0.631820,0.244765,0.075197,0.606490,0.111305,0.871561,0.430571,0.358170,0.975653,0.385339,0.466101,0.811737,0.586029,0.511012,0.123178,0.948756,0.489403,0.019151,0.455412,0.256472,0.957291,0.612803,0.623008,0.994359,0.730127,0.301424,0.283985,0.042199,0.766924,0.894161,0.957960,0.398744,0.138926,0.033158,0.005233],
[0.250232,0.904718,0.435804,0.608401,0.880371,0.821143,0.074503,0.692108,0.407172,0.585515,0.815285,0.355928,0.074918,0.834436,0.811340,0.331390,0.791727,0.424144,0.954398,0.786086,0.154270,0.255822,0.070071,0.196470,0.022745,0.964232,0.154430,0.421489,0.103158,0.187587,0.426723,0.353390,0.092306,0.862527,0.961791,0.972677,0.683670,0.036293,0.664784,0.090842],
[0.621808,0.480070,0.446770,0.696726,0.314506,0.258111,0.028116,0.106233,0.682254,0.982514,0.892318,0.836524,0.238336,0.962389,0.032994,0.261081,0.926621,0.187424,0.682571,0.029780,0.375011,0.109293,0.383169,0.467317,0.971820,0.344960,0.439993,0.655490,0.381254,0.104777,0.746332,0.003062,0.584847,0.193102,0.699788,0.899353,0.451212,0.727904,0.005586,0.133467],
[0.710419,0.897904,0.969991,0.948755,0.860293,0.002985,0.209836,0.786915,0.190409,0.892407,0.816695,0.565420,0.001700,0.199864,0.032736,0.973520,0.544824,0.472730,0.629010,0.926078,0.577507,0.375342,0.929140,0.162354,0.568444,0.628928,0.061707,0.019656,0.356832,0.067292,0.153123,0.067250,0.965196,0.123114,0.016005,0.825490,0.126099,0.225841,0.612405,0.316507],
[0.118248,0.429099,0.881927,0.119948,0.628963,0.914664,0.093468,0.173788,0.387393,0.722478,0.099866,0.964900,0.097820,0.029006,0.127254,0.666264,0.657933,0.188961,0.685920,0.014765,0.256254,0.839043,0.082016,0.221450,0.962157,0.098021,0.046940,0.088256,0.323862,0.659345,0.404764,0.442110,0.088444,0.286691,0.562058,0.717408,0.201354,0.655526,0.891195,0.588747],
[0.378004,0.991061,0.553648,0.475824,0.020067,0.680902,0.142088,0.678000,0.869863,0.828009,0.692766,0.126117,0.667052,0.774781,0.347567,0.629210,0.872802,0.394507,0.717466,0.196663,0.053852,0.122229,0.638773,0.142296,0.408920,0.200830,0.859704,0.610275,0.856356,0.750900,0.199022,0.234360,0.741961,0.752670,0.710184,0.762028,0.433572,0.852273,0.440028,0.303435],
[0.680282,0.132794,0.429552,0.347334,0.907575,0.777119,0.976544,0.780376,0.171626,0.694010,0.977039,0.225479,0.816239,0.615812,0.367775,0.225159,0.816642,0.227479,0.835434,0.672998,0.978379,0.034456,0.907359,0.720339,0.787126,0.617543,0.482367,0.220697,0.469816,0.922395,0.524132,0.150098,0.055189,0.953685,0.497432,0.962763,0.730804,0.473976,0.743140,0.902430],
[0.167986,0.720179,0.127909,0.984225,0.335991,0.495684,0.209384,0.152634,0.723163,0.044818,0.825632,0.701542,0.079274,0.732991,0.421881,0.866400,0.350534,0.904248,0.087097,0.820349,0.826644,0.611230,0.970447,0.881832,0.564914,0.467879,0.844596,0.295718,0.941855,0.587736,0.198148,0.109841,0.307915,0.326057,0.094066,0.643906,0.821741,0.303450,0.796540,0.544904],
[0.348269,0.622172,0.246445,0.427543,0.355163,0.668327,0.293943,0.705696,0.572575,0.381040,0.526046,0.399219,0.992270,0.496493,0.281051,0.557185,0.964372,0.125647,0.852903,0.906227,0.713382,0.051051,0.016068,0.021297,0.377108,0.110134,0.665203,0.198849,0.413584,0.461743,0.743752,0.761853,0.083915,0.990198,0.189396,0.439077,0.658525,0.483339,0.144773,0.231100],
[0.864380,0.670819,0.630318,0.856650,0.167312,0.911369,0.413835,0.131684,0.037016,0.266738,0.037911,0.750398,0.317788,0.053979,0.771695,0.694896,0.164113,0.436898,0.893745,0.577697,0.898641,0.637498,0.339550,0.982555,0.627696,0.528946,0.421632,0.286220,0.012285,0.566405,0.517320,0.876665,0.237224,0.147638,0.733315,0.404536,0.059007,0.147150,0.536220,0.096023],
[0.413887,0.574131,0.846421,0.731676,0.628109,0.618116,0.426572,0.792222,0.055014,0.320318,0.369919,0.953655,0.957815,0.709469,0.936210,0.585511,0.238415,0.357842,0.871731,0.250701,0.924247,0.389050,0.127366,0.161472,0.536688,0.860681,0.566008,0.595695,0.007831,0.102228,0.691717,0.421718,0.676358,0.538138,0.153394,0.304468,0.156254,0.579967,0.096690,0.211268],
[0.900284,0.466609,0.164922,0.858099,0.176078,0.101132,0.443610,0.414493,0.458974,0.315341,0.665193,0.383221,0.704391,0.792559,0.544693,0.241079,0.653240,0.110701,0.836774,0.661071,0.212929,0.528491,0.082789,0.889287,0.066629,0.236183,0.193754,0.222884,0.816150,0.290444,0.434151,0.716434,0.757053,0.599074,0.574534,0.933130,0.700206,0.018144,0.347623,0.159180],
[0.333484,0.012816,0.542401,0.037875,0.805375,0.087095,0.278954,0.458615,0.197796,0.115728,0.119686,0.410724,0.644219,0.202475,0.300011,0.710848,0.438659,0.493766,0.933732,0.254809,0.784210,0.367883,0.971243,0.541262,0.966957,0.545777,0.474392,0.667163,0.563920,0.822015,0.826343,0.897404,0.834831,0.368745,0.935280,0.640206,0.455839,0.214233,0.098821,0.653635],
[0.329961,0.218507,0.064359,0.974180,0.420982,0.364371,0.685029,0.859641,0.858137,0.618760,0.114450,0.642347,0.986644,0.085693,0.183609,0.953601,0.631469,0.658001,0.620764,0.195390,0.480017,0.447107,0.092794,0.314848,0.815852,0.028074,0.955054,0.271691,0.242307,0.053876,0.925326,0.572268,0.272383,0.989686,0.546448,0.693365,0.354057,0.231477,0.553006,0.212193],
[0.850237,0.667456,0.854540,0.836881,0.753149,0.038149,0.790482,0.384618,0.696150,0.411247,0.580008,0.176167,0.858354,0.672802,0.491015,0.674206,0.700875,0.446069,0.945898,0.943183,0.499944,0.871224,0.515451,0.772327,0.860910,0.061899,0.465693,0.214966,0.293376,0.018699,0.427159,0.143614,0.686155,0.281699,0.980495,0.439303,0.319848,0.770978,0.823921,0.015998],
[0.182224,0.403929,0.192165,0.040578,0.076731,0.683179,0.714784,0.777606,0.129248,0.660682,0.720789,0.629193,0.531906,0.236240,0.401520,0.392816,0.298139,0.867212,0.607782,0.591516,0.885911,0.034941,0.735130,0.572066,0.316640,0.715625,0.011369,0.636488,0.486602,0.835290,0.652487,0.668827,0.239219,0.844651,0.709405,0.315950,0.527831,0.424189,0.093556,0.657079],
[0.084872,0.814345,0.286271,0.616777,0.050585,0.687791,0.009593,0.348724,0.555004,0.617375,0.940240,0.440915,0.652316,0.675369,0.012981,0.968957,0.390994,0.024350,0.605445,0.877597,0.859640,0.257931,0.546423,0.098859,0.102583,0.255828,0.414809,0.630414,0.680018,0.508366,0.287492,0.764890,0.322711,0.573764,0.381667,0.373296,0.261555,0.391260,0.722020,0.816559],
[0.008635,0.662260,0.257474,0.660951,0.337630,0.270455,0.629907,0.728624,0.294804,0.235352,0.606221,0.154444,0.493284,0.152644,0.253304,0.595867,0.408473,0.668113,0.226280,0.088491,0.176479,0.513773,0.853380,0.499190,0.087537,0.235047,0.872486,0.349092,0.626307,0.594506,0.165651,0.634942,0.256766,0.423124,0.295893,0.594396,0.693579,0.925801,0.323020,0.988383],
[0.161153,0.929240,0.142828,0.654437,0.081885,0.396132,0.250304,0.490357,0.064245,0.476584,0.578848,0.240724,0.990357,0.432228,0.739914,0.077893,0.667275,0.612400,0.426985,0.293583,0.206906,0.592636,0.928525,0.463673,0.015760,0.224418,0.058069,0.709339,0.150219,0.381088,0.697722,0.311372,0.310329,0.840550,0.965809,0.392213,0.236682,0.216112,0.882571,0.300926],
[0.692697,0.461419,0.541650,0.683053,0.893647,0.281564,0.760946,0.560922,0.893964,0.187931,0.854505,0.100871,0.780567,0.783030,0.564543,0.796327,0.007448,0.622612,0.505666,0.157666,0.003700,0.203388,0.469038,0.314029,0.043938,0.434846,0.706243,0.280619,0.650959,0.588813,0.581546,0.343655,0.050232,0.123196,0.026709,0.943879,0.404760,0.787655,0.504801,0.298725],
[0.975586,0.359306,0.399595,0.756153,0.142336,0.964138,0.552480,0.149783,0.586750,0.058146,0.307449,0.590451,0.261533,0.776487,0.904480,0.305471,0.211334,0.610722,0.586091,0.862292,0.199536,0.167636,0.205948,0.249768,0.290832,0.232656,0.193647,0.695592,0.020312,0.698448,0.994317,0.995898,0.057755,0.393912,0.752051,0.200090,0.358051,0.304531,0.349874,0.944801],
[0.362677,0.657323,0.535252,0.624210,0.433810,0.439732,0.929681,0.645144,0.050454,0.515772,0.507436,0.249990,0.683408,0.713384,0.499758,0.974240,0.946041,0.693405,0.669833,0.966352,0.391853,0.664150,0.962250,0.449608,0.058062,0.714301,0.649698,0.416113,0.018832,0.999572,0.360914,0.381509,0.656895,0.896166,0.005719,0.090705,0.335897,0.935400,0.735849,0.386351],
[0.451172,0.243285,0.636341,0.134580,0.956669,0.136099,0.108820,0.902710,0.829504,0.778653,0.869062,0.221357,0.442803,0.831312,0.670965,0.500865,0.545613,0.320663,0.916977,0.564445,0.320235,0.277891,0.945954,0.977129,0.174057,0.951673,0.067834,0.509954,0.887073,0.803683,0.896305,0.338245,0.046968,0.532646,0.472825,0.003637,0.668745,0.581645,0.906347,0.498248],
[0.360297,0.775408,0.719605,0.803100,0.606720,0.390570,0.303965,0.152333,0.711233,0.220942,0.716779,0.031468,0.498833,0.662733,0.008597,0.672890,0.614405,0.076431,0.182844,0.501478,0.880114,0.079149,0.839723,0.927082,0.611795,0.312547,0.930719,0.280540,0.894192,0.837065,0.778788,0.254489,0.612473,0.498394,0.057589,0.219194,0.888964,0.361554,0.371527,0.600197],
[0.582496,0.088306,0.631665,0.081329,0.751038,0.640262,0.754219,0.365444,0.716693,0.937063,0.866922,0.596807,0.016212,0.706644,0.523889,0.628007,0.019192,0.454607,0.908547,0.913383,0.291672,0.687335,0.167873,0.904146,0.185728,0.225462,0.123340,0.074692,0.587016,0.494867,0.674889,0.169512,0.583173,0.306554,0.250841,0.334211,0.946816,0.005060,0.699655,0.663509],
[0.942123,0.566576,0.260316,0.958335,0.273221,0.784204,0.586342,0.292412,0.238811,0.494889,0.205796,0.530484,0.182224,0.373668,0.434629,0.367952,0.599131,0.557969,0.442644,0.186147,0.052836,0.117533,0.355659,0.636009,0.424087,0.606500,0.970220,0.370903,0.611560,0.669874,0.034411,0.553683,0.236451,0.294727,0.512018,0.509671,0.078931,0.098360,0.802083,0.317742],
[0.593249,0.007879,0.848226,0.775473,0.381547,0.282856,0.143425,0.980678,0.840825,0.586069,0.166825,0.893661,0.703602,0.522483,0.529669,0.127689,0.128983,0.499889,0.498592,0.740543,0.169763,0.533003,0.294226,0.406214,0.827730,0.806244,0.915885,0.906661,0.904604,0.717969,0.224403,0.497854,0.725848,0.072629,0.273327,0.107395,0.355485,0.416751,0.088073,0.196310],
[0.002820,0.254898,0.089970,0.706422,0.777381,0.619640,0.834111,0.906364,0.119529,0.332703,0.646907,0.289292,0.865706,0.941133,0.695506,0.693435,0.747377,0.611391,0.600096,0.651982,0.329360,0.824499,0.149835,0.055208,0.897128,0.423162,0.162603,0.252613,0.839913,0.250676,0.448923,0.842733,0.505574,0.538893,0.549156,0.282955,0.158533,0.383267,0.189320,0.278061],
[0.715970,0.836227,0.567353,0.581675,0.777360,0.262859,0.275110,0.524737,0.874250,0.875206,0.176719,0.203610,0.699705,0.326554,0.258817,0.596833,0.749716,0.421420,0.849447,0.589629,0.672096,0.298369,0.432363,0.177670,0.837263,0.981518,0.460625,0.995795,0.364785,0.649945,0.273857,0.080755,0.486172,0.841210,0.662430,0.263532,0.104069,0.937541,0.788269,0.978319],
[0.812747,0.964988,0.181929,0.512452,0.291542,0.440746,0.109286,0.041258,0.862167,0.958732,0.630887,0.534263,0.257102,0.063250,0.711933,0.094364,0.044768,0.172558,0.090160,0.409554,0.822503,0.364016,0.490308,0.308675,0.205226,0.152738,0.572207,0.309295,0.090279,0.360476,0.287614,0.903026,0.325463,0.469543,0.415478,0.617005,0.910289,0.524763,0.658263,0.772456],
[0.483496,0.289150,0.306719,0.740597,0.352400,0.018652,0.834962,0.397169,0.191210,0.925121,0.806722,0.013714,0.289138,0.297031,0.322389,0.494364,0.449769,0.894596,0.803659,0.540048,0.255072,0.091273,0.443074,0.580535,0.560816,0.858551,0.197540,0.471106,0.383315,0.855803,0.243562,0.866810,0.144953,0.550280,0.607408,0.497353,0.568932,0.442369,0.894522,0.760143],
[0.367490,0.701244,0.773856,0.656628,0.998275,0.096245,0.150992,0.448044,0.990841,0.954651,0.988092,0.245913,0.045924,0.431165,0.826448,0.606741,0.289717,0.023988,0.077846,0.673031,0.879791,0.321408,0.539842,0.024744,0.871688,0.147249,0.522097,0.440621,0.589619,0.416619,0.200763,0.957109,0.117864,0.974619,0.613737,0.116138,0.070865,0.764729,0.564182,0.061706],
[0.719380,0.552273,0.307619,0.765305,0.983439,0.134067,0.372045,0.273155,0.158055,0.449892,0.946187,0.037846,0.771300,0.486029,0.062590,0.642988,0.633278,0.584687,0.083609,0.222897,0.001307,0.284372,0.180006,0.119170,0.258992,0.793743,0.235309,0.329856,0.558472,0.799490,0.391563,0.277852,0.351764,0.699182,0.043157,0.335203,0.833248,0.415202,0.608358,0.991303],
[0.865094,0.554545,0.029149,0.636394,0.040573,0.091739,0.279382,0.673851,0.676426,0.362991,0.896748,0.677733,0.647363,0.076754,0.796903,0.906355,0.870496,0.032212,0.236212,0.428968,0.831702,0.627774,0.706820,0.183466,0.326956,0.749977,0.518669,0.160204,0.165179,0.127027,0.151507,0.030273,0.681571,0.180656,0.666667,0.722145,0.272395,0.946049,0.395996,0.948822],
[0.309041,0.292744,0.626555,0.956404,0.369498,0.423458,0.862759,0.239994,0.455670,0.098971,0.668962,0.287372,0.726745,0.375782,0.470838,0.053701,0.125759,0.989507,0.213905,0.290938,0.116533,0.365412,0.321211,0.798105,0.546068,0.987879,0.520249,0.818464,0.933928,0.916245,0.767286,0.242969,0.208989,0.393840,0.199373,0.578487,0.817298,0.062132,0.818481,0.272968],
[0.161103,0.487443,0.560340,0.887848,0.863225,0.031178,0.941548,0.988984,0.020684,0.155453,0.279922,0.137218,0.520865,0.601133,0.935322,0.066933,0.589011,0.455571,0.885397,0.522939,0.371816,0.652682,0.765908,0.580806,0.046523,0.965281,0.159293,0.863821,0.027413,0.977773,0.136789,0.188515,0.465216,0.697129,0.076363,0.328441,0.728306,0.017911,0.317425,0.748991],
[0.173364,0.597346,0.886208,0.694228,0.198479,0.821530,0.761161,0.787490,0.277101,0.646558,0.310430,0.648918,0.299240,0.076338,0.229723,0.345763,0.041618,0.389016,0.209584,0.069031,0.366790,0.346373,0.257546,0.832006,0.043502,0.333909,0.160447,0.771808,0.351820,0.477871,0.520798,0.525184,0.075217,0.407006,0.219412,0.273696,0.228537,0.980573,0.061187,0.505638],
[0.627131,0.371617,0.154556,0.926371,0.447954,0.384279,0.272135,0.489573,0.773295,0.481719,0.558604,0.140085,0.828092,0.816150,0.972091,0.871593,0.150059,0.132537,0.643401,0.501879,0.610409,0.164200,0.027062,0.685626,0.571206,0.246474,0.959323,0.799743,0.227047,0.020510,0.305381,0.854178,0.392126,0.459937,0.780549,0.840081,0.844216,0.052684,0.329653,0.617511]],
[[0.534402,0.888257,0.757596,0.362494,0.704407,0.729687,0.234088,0.854465,0.862224,0.877489,0.356344,0.472633,0.041688,0.383406,0.158259,0.612894,0.629880,0.117582,0.412637,0.856927,0.138091,0.718018,0.711105,0.530218,0.177955,0.491654,0.370298,0.022171,0.544338,0.699951,0.639682,0.078740,0.588208,0.397278,0.441234,0.292615,0.126965,0.675322,0.147080,0.989189],
[0.552811,0.503424,0.461822,0.594499,0.886830,0.620082,0.207394,0.516710,0.737663,0.620031,0.373637,0.875755,0.338049,0.084742,0.405972,0.516003,0.576396,0.776270,0.538174,0.120734,0.476222,0.177856,0.199474,0.064430,0.575134,0.640709,0.357045,0.702099,0.316031,0.504125,0.691289,0.868841,0.007549,0.153111,0.463340,0.894380,0.773193,0.670734,0.411090,0.510856],
[0.290765,0.784727,0.386611,0.628814,0.869469,0.792583,0.144817,0.445866,0.568853,0.682991,0.566600,0.045075,0.860847,0.766074,0.109505,0.435981,0.406783,0.466550,0.138080,0.722814,0.970675,0.829368,0.591656,0.978225,0.982479,0.054996,0.872604,0.755672,0.725730,0.283694,0.266528,0.016495,0.068421,0.653139,0.645308,0.937891,0.445721,0.790125,0.383756,0.014575],
[0.473116,0.950356,0.059650,0.333963,0.716431,0.169155,0.769943,0.123214,0.635705,0.908023,0.846028,0.606380,0.737392,0.437684,0.584604,0.719871,0.492680,0.457209,0.475543,0.218410,0.740902,0.742071,0.234905,0.809324,0.395209,0.880213,0.747214,0.840931,0.670338,0.130971,0.855506,0.143454,0.081327,0.915155,0.477417,0.797758,0.084310,0.247361,0.920972,0.720015],
[0.155384,0.767000,0.326394,0.892775,0.204683,0.910999,0.612646,0.697363,0.368207,0.088189,0.915773,0.109110,0.830260,0.150678,0.918433,0.225469,0.030891,0.665648,0.066400,0.701229,0.796618,0.921906,0.844683,0.877945,0.837061,0.322100,0.675703,0.921371,0.569461,0.596674,0.641386,0.724845,0.363674,0.967780,0.617620,0.568357,0.878779,0.230267,0.265721,0.246986],
[0.318456,0.181494,0.356096,0.148716,0.332171,0.274530,0.374185,0.363062,0.940177,0.440586,0.064290,0.736795,0.362492,0.908973,0.614740,0.199553,0.231074,0.290443,0.120924,0.800535,0.887117,0.762310,0.525379,0.250791,0.730090,0.142999,0.819149,0.608869,0.373266,0.084869,0.855855,0.691722,0.266363,0.211951,0.840438,0.598534,0.486481,0.214623,0.961596,0.426658],
[0.655209,0.025886,0.163453,0.017701,0.934859,0.778194,0.217254,0.165933,0.068637,0.338178,0.966468,0.955754,0.100488,0.491847,0.206546,0.830578,0.634846,0.025694,0.439447,0.008112,0.110564,0.295302,0.699834,0.376927,0.507253,0.540272,0.975461,0.993734,0.754895,0.937056,0.420392,0.410104,0.962942,0.583846,0.427804,0.897802,0.362039,0.645058,0.063735,0.430676],
[0.983236,0.030203,0.386431,0.083724,0.522050,0.592976,0.914302,0.156896,0.618671,0.353749,0.165008,0.729235,0.649051,0.864842,0.106161,0.156304,0.405113,0.081622,0.150038,0.160008,0.018678,0.570430,0.570111,0.981621,0.154276,0.997916,0.879423,0.516315,0.642974,0.943158,0.946992,0.626210,0.973360,0.333423,0.709935,0.495410,0.926399,0.624237,0.652305,0.545070],
[0.977986,0.817313,0.274305,0.627038,0.682155,0.380466,0.783342,0.087268,0.462088,0.933380,0.247276,0.480766,0.503811,0.817387,0.462387,0.658087,0.815303,0.341810,0.174402,0.458277,0.284967,0.121394,0.084487,0.258328,0.454817,0.794422,0.753737,0.381216,0.418659,0.406043,0.926286,0.396646,0.223356,0.200591,0.023683,0.905511,0.581056,0.807025,0.992779,0.043144],
[0.740405,0.240055,0.523911,0.244216,0.057442,0.986298,0.902303,0.872745,0.328108,0.076705,0.331022,0.613075,0.198099,0.415510,0.871402,0.652916,0.209932,0.625140,0.034132,0.628592,0.031183,0.960418,0.025237,0.254539,0.161009,0.048920,0.160050,0.742065,0.855946,0.152829,0.785210,0.596351,0.392884,0.309120,0.840567,0.450326,0.295418,0.742870,0.323071,0.623526],
[0.819575,0.654094,0.236601,0.017674,0.069604,0.108003,0.670591,0.279536,0.733143,0.704723,0.908127,0.764325,0.665141,0.933365,0.018864,0.826150,0.982285,0.178914,0.568215,0.838231,0.331743,0.353425,0.434582,0.724626,0.662545,0.275149,0.174952,0.957963,0.018019,0.498023,0.581489,0.837594,0.152117,0.818089,0.855268,0.221721,0.926092,0.525858,0.501257,0.659235],
[0.230581,0.409384,0.423561,0.895722,0.342749,0.442425,0.721872,0.325034,0.621339,0.290087,0.163265,0.953081,0.643511,0.597847,0.677707,0.306056,0.872995,0.852659,0.264019,0.891014,0.350683,0.845508,0.728607,0.502800,0.663597,0.583875,0.724521,0.589690,0.109734,0.225777,0.248925,0.340315,0.635162,0.672486,0.236037,0.977911,0.114910,0.957909,0.302945,0.736249],
[0.247996,0.466210,0.689330,0.891507,0.064056,0.367038,0.197563,0.937052,0.219697,0.461583,0.828065,0.570380,0.307090,0.556673,0.073180,0.970688,0.140548,0.797700,0.560377,0.250282,0.023478,0.809302,0.590597,0.658640,0.481788,0.826634,0.636550,0.596698,0.784543,0.939495,0.332947,0.032539,0.405705,0.022278,0.924046,0.469761,0.389315,0.121609,0.406813,0.609012],
[0.583192,0.234878,0.179392,0.890282,0.791551,0.252572,0.860970,0.932099,0.050272,0.421347,0.182381,0.073750,0.230649,0.772978,0.732390,0.712437,0.599611,0.368940,0.309135,0.384154,0.308435,0.642082,0.416693,0.714141,0.664360,0.340739,0.183902,0.053675,0.462348,0.590715,0.662687,0.045540,0.825594,0.842079,0.935822,0.617145,0.094651,0.796792,0.549244,0.144924],
[0.218139,0.731625,0.218674,0.448788,0.504603,0.951064,0.161225,0.104214,0.320004,0.470360,0.488368,0.628440,0.112443,0.905061,0.342580,0.776803,0.245800,0.526482,0.830478,0.708148,0.117197,0.493165,0.753687,0.942791,0.335245,0.689509,0.559936,0.429896,0.486301,0.109180,0.574820,0.704440,0.840805,0.793494,0.153228,0.345408,0.744558,0.314453,0.449622,0.064562],
[0.784814,0.937991,0.693001,0.897257,0.843052,0.035581,0.674059,0.088851,0.562064,0.504537,0.796999,0.679261,0.997702,0.550687,0.622052,0.332947,0.240196,0.181988,0.762843,0.726497,0.291168,0.337663,0.430937,0.131973,0.131156,0.584165,0.477381,0.875714,0.898619,0.927004,0.940276,0.683432,0.864994,0.633277,0.580689,0.708046,0.668858,0.254748,0.796897,0.230922],
[0.759285,0.593896,0.910183,0.756988,0.144583,0.532235,0.089935,0.384779,0.714223,0.852778,0.111276,0.005391,0.190441,0.542212,0.137364,0.321597,0.126377,0.614746,0.197311,0.024996,0.541749,0.137586,0.708428,0.406743,0.770863,0.289117,0.114789,0.439721,0.543865,0.911686,0.670643,0.303151,0.505582,0.580826,0.060138,0.650165,0.113061,0.150073,0.034944,0.827284],
[0.002851,0.146220,0.832674,0.193291,0.688432,0.970039,0.514888,0.814809,0.584784,0.712199,0.839805,0.126533,0.849786,0.548233,0.533276,0.620649,0.837351,0.648065,0.060370,0.381216,0.559751,0.731014,0.684367,0.065334,0.311839,0.744505,0.715499,0.424900,0.894578,0.750443,0.252184,0.897429,0.896663,0.084858,0.090720,0.585095,0.054897,0.605609,0.399904,0.639681],
[0.317808,0.239709,0.766214,0.167594,0.787943,0.299491,0.788243,0.625293,0.947556,0.848613,0.006509,0.507307,0.579627,0.690876,0.572641,0.891466,0.435381,0.288140,0.316366,0.329959,0.038583,0.568550,0.227388,0.935245,0.653408,0.318108,0.520340,0.708305,0.923717,0.920244,0.347986,0.241525,0.159953,0.114201,0.409119,0.947896,0.413691,0.197362,0.573189,0.361247],
[0.045975,0.579699,0.868554,0.625602,0.270575,0.441195,0.517068,0.705955,0.729335,0.833434,0.035914,0.767917,0.401985,0.263302,0.703163,0.055393,0.581410,0.223503,0.763698,0.505127,0.143747,0.111685,0.746652,0.303700,0.225885,0.155770,0.251597,0.639577,0.353132,0.824786,0.000824,0.399107,0.404485,0.869378,0.024709,0.675059,0.310573,0.541776,0.381015,0.039908],
[0.375211,0.416929,0.807825,0.777195,0.680231,0.510988,0.832588,0.261641,0.734490,0.596287,0.766768,0.878237,0.707971,0.513420,0.181938,0.933856,0.669190,0.433534,0.573433,0.022322,0.258320,0.574257,0.421429,0.662805,0.443635,0.446138,0.337864,0.754208,0.987914,0.718879,0.794115,0.363125,0.135808,0.601940,0.140321,0.816039,0.112928,0.972909,0.077680,0.847418],
[0.569196,0.844448,0.725656,0.277167,0.357868,0.907593,0.211023,0.027058,0.341128,0.784456,0.049380,0.599448,0.358713,0.470809,0.262253,0.802347,0.916947,0.600117,0.556555,0.904861,0.318996,0.350670,0.267986,0.454805,0.952611,0.408307,0.270844,0.065539,0.381216,0.348524,0.912957,0.950411,0.192972,0.638613,0.227578,0.550840,0.546206,0.438601,0.577897,0.887334],
[0.223057,0.627277,0.486782,0.581770,0.098087,0.749035,0.384117,0.015033,0.349152,0.940672,0.919895,0.668149,0.291342,0.187881,0.122953,0.243953,0.596188,0.393797,0.309492,0.977404,0.742321,0.222449,0.927815,0.935293,0.861062,0.155393,0.486132,0.407268,0.593994,0.064030,0.294602,0.817051,0.691307,0.781384,0.398821,0.789393,0.530419,0.782937,0.804427,0.879572],
[0.723609,0.724321,0.547720,0.014952,0.912202,0.670674,0.258905,0.508390,0.064470,0.568397,0.485794,0.806791,0.790846,0.413608,0.742084,0.651908,0.569001,0.228216,0.059176,0.162995,0.292246,0.353779,0.980046,0.983552,0.135163,0.378867,0.772946,0.665583,0.161804,0.577373,0.545154,0.885414,0.301694,0.092875,0.900365,0.213896,0.763548,0.159270,0.722286,0.828019],
[0.727667,0.208080,0.634810,0.518512,0.621688,0.376894,0.170420,0.190690,0.605110,0.229596,0.353685,0.897355,0.583375,0.333732,0.880908,0.718538,0.712599,0.653854,0.384120,0.874403,0.231226,0.929275,0.759816,0.532920,0.022149,0.660181,0.746817,0.785697,0.819451,0.469103,0.613716,0.547118,0.677183,0.248526,0.065630,0.298872,0.625420,0.236051,0.489562,0.230529],
[0.465647,0.843247,0.127885,0.049022,0.176978,0.008792,0.767560,0.889577,0.662646,0.151680,0.763980,0.893872,0.080955,0.523796,0.426793,0.103104,0.183978,0.173610,0.888802,0.003429,0.642713,0.502518,0.550547,0.319897,0.751044,0.616177,0.618768,0.376463,0.852228,0.108330,0.606993,0.317875,0.951577,0.734877,0.366897,0.128555,0.743670,0.134457,0.018132,0.406316],
[0.286137,0.782112,0.300188,0.367092,0.305908,0.726981,0.470196,0.489886,0.900591,0.358998,0.493315,0.543304,0.861516,0.043862,0.863201,0.612560,0.660039,0.481969,0.989024,0.512267,0.590299,0.596016,0.830142,0.541876,0.330894,0.197039,0.670431,0.074564,0.331495,0.688563,0.480880,0.617632,0.470675,0.781068,0.984725,0.776583,0.508049,0.454921,0.266468,0.408640],
[0.813919,0.759783,0.951944,0.675435,0.803645,0.815144,0.287995,0.463684,0.297113,0.277019,0.975951,0.887412,0.873035,0.806093,0.429288,0.203929,0.003132,0.099719,0.278493,0.334627,0.788281,0.759372,0.952260,0.258956,0.540440,0.936984,0.035539,0.048489,0.391905,0.302007,0.457128,0.205824,0.061790,0.409072,0.881260,0.865435,0.224217,0.169255,0.329119,0.521330],
[0.446274,0.305071,0.408742,0.319309,0.111164,0.838030,0.523238,0.114295,0.937749,0.801731,0.448923,0.726030,0.561103,0.401182,0.984986,0.101543,0.338166,0.020525,0.150032,0.730071,0.322532,0.607161,0.935896,0.384322,0.016233,0.817155,0.249758,0.240449,0.986410,0.578877,0.761779,0.432684,0.883948,0.170521,0.751994,0.995111,0.008551,0.275232,0.109407,0.946300],
[0.076963,0.558329,0.672330,0.638067,0.959511,0.657316,0.739610,0.297678,0.677841,0.889642,0.027749,0.000372,0.496803,0.963644,0.384695,0.513036,0.780800,0.634452,0.753485,0.767210,0.213329,0.515265,0.199894,0.097277,0.685786,0.951888,0.092388,0.694338,0.227120,0.201795,0.640638,0.304083,0.760124,0.312968,0.942149,0.719636,0.970284,0.681760,0.017313,0.648124],
[0.571402,0.045062,0.648497,0.068205,0.008707,0.033191,0.581241,0.789506,0.667643,0.334726,0.556716,0.880973,0.849991,0.756610,0.978250,0.535777,0.708498,0.070638,0.230115,0.935618,0.272433,0.870752,0.239700,0.032557,0.183720,0.181850,0.752192,0.154004,0.863609,0.769505,0.802128,0.435011,0.814568,0.450624,0.503216,0.823274,0.483815,0.084457,0.612780,0.151459],
[0.419184,0.169496,0.032431,0.269175,0.926107,0.010681,0.804952,0.634605,0.081319,0.035066,0.570222,0.353751,0.905819,0.809922,0.386308,0.089539,0.991772,0.138500,0.243542,0.855381,0.908005,0.045670,0.290392,0.722573,0.496294,0.793609,0.545847,0.980110,0.878066,0.158627,0.131569,0.297249,0.328124,0.164000,0.566424,0.254230,0.174681,0.371375,0.888835,0.255999],
[0.406442,0.459057,0.609750,0.312261,0.268979,0.996058,0.401799,0.260751,0.134558,0.645342,0.116133,0.042564,0.691012,0.406525,0.765137,0.187306,0.200134,0.310984,0.167416,0.078199,0.469611,0.298985,0.375448,0.797735,0.462985,0.941872,0.051965,0.637665,0.313248,0.940800,0.893664,0.719689,0.399857,0.503415,0.031950,0.668836,0.499473,0.433749,0.929587,0.634031],
[0.079091,0.045720,0.676595,0.770103,0.452245,0.441731,0.957409,0.652379,0.752715,0.124825,0.730578,0.222326,0.423810,0.106026,0.020060,0.886794,0.047898,0.072025,0.524460,0.361146,0.012825,0.418124,0.080835,0.412682,0.921539,0.112786,0.081518,0.421012,0.546535,0.011105,0.055043,0.625626,0.056825,0.731638,0.395728,0.509070,0.173369,0.353137,0.161449,0.926084],
[0.477962,0.892027,0.148410,0.901772,0.998053,0.168470,0.788566,0.045951,0.240496,0.313026,0.407097,0.253321,0.731150,0.487933,0.666003,0.652689,0.600718,0.747521,0.073700,0.147253,0.758626,0.128743,0.772879,0.815451,0.860381,0.168607,0.324521,0.033750,0.521744,0.485970,0.959833,0.999707,0.377997,0.108243,0.901479,0.376050,0.276713,0.690045,0.422001,0.517209],
[0.003071,0.829098,0.770530,0.734221,0.317031,0.436532,0.386910,0.917749,0.184053,0.460610,0.065002,0.942679,0.589353,0.837881,0.758130,0.449734,0.006488,0.082652,0.483484,0.528232,0.568622,0.443317,0.527939,0.946619,0.551560,0.429417,0.322669,0.828273,0.119462,0.744670,0.345482,0.122533,0.573768,0.116012,0.856754,0.890799,0.552544,0.243664,0.808549,0.736597],
[0.704274,0.873551,0.679276,0.293627,0.711432,0.437406,0.743361,0.717919,0.520058,0.226845,0.246151,0.088679,0.670162,0.774090,0.035299,0.221722,0.203507,0.357967,0.049996,0.322970,0.102638,0.395478,0.445503,0.676406,0.511490,0.302257,0.567205,0.064034,0.545920,0.375754,0.800631,0.250194,0.249305,0.479906,0.543821,0.960736,0.917312,0.287183,0.678656,0.437370],
[0.514028,0.924807,0.526049,0.184190,0.698897,0.561348,0.405912,0.902405,0.919315,0.455908,0.225374,0.021953,0.851386,0.670877,0.698359,0.362875,0.973134,0.265564,0.426909,0.519054,0.641318,0.227540,0.769248,0.890623,0.707446,0.313070,0.851359,0.624759,0.600252,0.530015,0.062129,0.114280,0.454822,0.588178,0.298470,0.153719,0.149526,0.704383,0.056124,0.068841],
[0.160291,0.281498,0.090794,0.011677,0.952375,0.789153,0.374552,0.925509,0.054717,0.801461,0.444563,0.696036,0.029001,0.213811,0.586659,0.736447,0.526881,0.438018,0.361206,0.127134,0.968033,0.423334,0.241414,0.422855,0.011512,0.539884,0.576574,0.161039,0.244267,0.632698,0.229880,0.404558,0.914196,0.320674,0.416235,0.866571,0.109828,0.790787,0.792080,0.164545],
[0.592249,0.236643,0.860581,0.621250,0.450455,0.447239,0.357697,0.977336,0.885257,0.718903,0.104469,0.853290,0.142237,0.345883,0.276144,0.153749,0.885767,0.852718,0.314788,0.130034,0.485416,0.544668,0.534592,0.399612,0.865342,0.950827,0.266183,0.975170,0.741614,0.058263,0.139715,0.333863,0.294906,0.000296,0.955113,0.745361,0.447535,0.312809,0.722697,0.332792]],
[[0.031712,0.827166,0.186082,0.173949,0.173049,0.462226,0.327698,0.058816,0.314944,0.642486,0.188851,0.800360,0.187155,0.723443,0.199972,0.052497,0.674270,0.466155,0.027667,0.415885,0.524419,0.167382,0.749748,0.819325,0.167678,0.704860,0.564686,0.615213,0.017670,0.287383,0.948005,0.049382,0.114548,0.134087,0.223331,0.287597,0.596314,0.551029,0.346414,0.911258],
[0.193516,0.535264,0.711619,0.380670,0.258707,0.911591,0.433167,0.932978,0.377746,0.460834,0.348863,0.902165,0.628216,0.098611,0.721490,0.795894,0.803471,0.286176,0.411107,0.821141,0.573558,0.359112,0.870523,0.688107,0.493199,0.093853,0.975704,0.089513,0.644883,0.322118,0.000771,0.838398,0.857382,0.712390,0.219069,0.116089,0.623981,0.652236,0.049067,0.001727],
[0.113070,0.397930,0.903891,0.741286,0.496540,0.625381,0.537179,0.300011,0.911557,0.948286,0.121152,0.485115,0.307398,0.991675,0.173222,0.800598,0.085529,0.148926,0.890111,0.730411,0.471044,0.890882,0.568810,0.328426,0.603272,0.787878,0.444515,0.227253,0.440114,0.493582,0.228980,0.553184,0.891512,0.132871,0.294469,0.388053,0.758252,0.831649,0.688064,0.669809],
[0.779935,0.809217,0.154924,0.087333,0.800892,0.328145,0.887931,0.886420,0.477071,0.778042,0.616831,0.948115,0.668925,0.185641,0.276541,0.272197,0.973519,0.721056,0.499450,0.413633,0.214638,0.728429,0.966817,0.106150,0.861301,0.261286,0.494203,0.619553,0.092935,0.182267,0.289362,0.872870,0.991484,0.444285,0.960204,0.792375,0.772431,0.848135,0.678796,0.249502],
[0.626177,0.295627,0.197617,0.295102,0.481268,0.474158,0.567298,0.454787,0.195213,0.066748,0.868420,0.409851,0.795177,0.835237,0.516002,0.656478,0.096524,0.010205,0.276031,0.189459,0.192472,0.565393,0.062329,0.183956,0.009678,0.022533,0.976332,0.782109,0.870668,0.655127,0.031611,0.496845,0.950754,0.229228,0.791946,0.432022,0.703386,0.359245,0.886809,0.898599],
[0.425993,0.755229,0.308450,0.221170,0.590466,0.824452,0.877648,0.686989,0.834657,0.153679,0.876448,0.027129,0.719072,0.938777,0.211085,0.728750,0.961310,0.187417,0.510859,0.831978,0.842544,0.542470,0.328822,0.793298,0.771698,0.120769,0.225320,0.475084,0.480013,0.112129,0.373683,0.906006,0.867357,0.682133,0.127176,0.457823,0.506585,0.004824,0.144813,0.341242],
[0.158503,0.021261,0.368371,0.877575,0.960038,0.579456,0.606325,0.921348,0.766873,0.117184,0.753326,0.609417,0.659653,0.082148,0.402715,0.431352,0.202917,0.628035,0.906435,0.682930,0.740164,0.280118,0.588936,0.607521,0.962251,0.716112,0.065344,0.468836,0.720936,0.210157,0.810077,0.879440,0.231418,0.178448,0.757015,0.191456,0.757904,0.363339,0.112804,0.524777],
[0.480523,0.866130,0.134195,0.140176,0.948278,0.536910,0.571528,0.151195,0.164945,0.477963,0.834125,0.905109,0.758081,0.423061,0.512630,0.720332,0.139173,0.577974,0.189167,0.860110,0.788131,0.999245,0.739549,0.019549,0.177693,0.496564,0.211005,0.935597,0.859904,0.323809,0.460374,0.340427,0.189938,0.594569,0.480603,0.138216,0.131479,0.052131,0.289411,0.296424],
[0.530094,0.123536,0.201533,0.288175,0.546598,0.714163,0.008507,0.685771,0.292138,0.197675,0.545880,0.080269,0.196919,0.285430,0.099818,0.374612,0.781994,0.310823,0.310209,0.641897,0.634631,0.770583,0.982324,0.824570,0.365152,0.462927,0.962786,0.496630,0.515058,0.252197,0.793054,0.045152,0.375733,0.994587,0.333328,0.922331,0.708751,0.341835,0.608102,0.000888],
[0.539510,0.153982,0.081158,0.736429,0.439412,0.180976,0.111041,0.221406,0.491798,0.421250,0.863303,0.126430,0.191833,0.845627,0.950999,0.556984,0.308554,0.913785,0.053615,0.823612,0.165982,0.846669,0.868764,0.541715,0.841257,0.202092,0.464046,0.550007,0.543927,0.072148,0.550896,0.083437,0.226130,0.632053,0.819866,0.665542,0.813029,0.930907,0.886948,0.304827],
[0.352156,0.750251,0.431257,0.543989,0.595878,0.382256,0.100973,0.904433,0.296041,0.154588,0.728045,0.462023,0.001258,0.596809,0.003738,0.842514,0.798902,0.467785,0.392522,0.342829,0.539933,0.943418,0.426266,0.766063,0.575471,0.246131,0.431605,0.388500,0.177038,0.318553,0.693327,0.529194,0.068805,0.124584,0.073183,0.664683,0.506840,0.174157,0.569116,0.802881],
[0.328745,0.297161,0.264904,0.330003,0.893970,0.268642,0.172517,0.692871,0.736427,0.565039,0.035700,0.276360,0.508456,0.461966,0.042423,0.083928,0.708097,0.474028,0.472428,0.885135,0.792581,0.165755,0.414329,0.861386,0.290339,0.487513,0.526069,0.797179,0.661670,0.095185,0.600060,0.990415,0.392346,0.864964,0.320417,0.286316,0.133607,0.492934,0.979187,0.870034],
[0.057973,0.014887,0.146394,0.566429,0.476853,0.188817,0.650357,0.184950,0.662845,0.122785,0.070086,0.455426,0.288540,0.484415,0.316812,0.578879,0.971928,0.842882,0.376058,0.633597,0.938067,0.976119,0.624012,0.330412,0.841083,0.944429,0.616728,0.974690,0.437363,0.595915,0.844724,0.495336,0.610803,0.991118,0.061765,0.087656,0.179935,0.712122,0.272606,0.842779],
[0.834906,0.342692,0.298206,0.123446,0.827107,0.615018,0.702325,0.799034,0.457899,0.078384,0.432632,0.395966,0.054502,0.056643,0.726378,0.895586,0.001072,0.343106,0.870276,0.438435,0.939021,0.715000,0.933771,0.549824,0.706118,0.995536,0.637480,0.886052,0.707658,0.910086,0.728832,0.542565,0.252778,0.027037,0.666011,0.079884,0.642055,0.368336,0.878919,0.099955],
[0.446719,0.311550,0.495921,0.501222,0.368193,0.222299,0.396807,0.369266,0.565405,0.267083,0.807701,0.504427,0.982082,0.741472,0.054251,0.688200,0.737009,0.691731,0.574252,0.444667,0.601817,0.303084,0.987232,0.854594,0.330121,0.653242,0.934479,0.972176,0.021578,0.813397,0.072131,0.468298,0.124947,0.568051,0.969520,0.493141,0.790350,0.366327,0.862407,0.355755],
[0.633410,0.670108,0.860182,0.615492,0.411580,0.914433,0.303692,0.148589,0.606163,0.877944,0.593256,0.207980,0.181028,0.580487,0.062574,0.511149,0.233730,0.997053,0.483325,0.255308,0.810450,0.555456,0.723606,0.935397,0.123507,0.693126,0.428538,0.913857,0.059452,0.290945,0.269612,0.692862,0.961053,0.129794,0.308354,0.372633,0.044227,0.612046,0.521222,0.650390],
[0.489991,0.114478,0.858370,0.671019,0.694965,0.920943,0.182168,0.928695,0.917996,0.665493,0.184003,0.728446,0.220949,0.907609,0.663843,0.344457,0.600735,0.092382,0.258314,0.660187,0.383327,0.527926,0.353049,0.344379,0.657720,0.661403,0.717012,0.701947,0.273449,0.238234,0.352337,0.763440,0.352712,0.210706,0.434458,0.047677,0.131650,0.616626,0.976371,0.049646],
[0.282120,0.160375,0.778092,0.503069,0.067984,0.441936,0.847526,0.668718,0.534317,0.105839,0.328905,0.917644,0.633765,0.681954,0.262024,0.291486,0.343357,0.979036,0.993433,0.616806,0.217270,0.345770,0.380246,0.569982,0.556476,0.814704,0.617658,0.688126,0.431330,0.594030,0.737772,0.713450,0.754404,0.515864,0.216519,0.822388,0.957799,0.064045,0.491106,0.492117],
[0.169884,0.820011,0.409761,0.803650,0.501966,0.671784,0.095135,0.845323,0.650820,0.088568,0.462129,0.868090,0.434338,0.842374,0.438072,0.990813,0.657078,0.055730,0.678939,0.088409,0.649759,0.416711,0.801859,0.404164,0.932575,0.018378,0.226551,0.890374,0.082423,0.717658,0.382490,0.252307,0.537669,0.792251,0.055957,0.039635,0.464035,0.151092,0.884957,0.114855],
[0.239660,0.347086,0.982945,0.673998,0.189460,0.421017,0.664811,0.846539,0.476746,0.343751,0.934947,0.126506,0.760462,0.736807,0.530669,0.693036,0.755185,0.757221,0.583410,0.837608,0.474879,0.965900,0.089916,0.012548,0.758151,0.145873,0.052182,0.222186,0.296965,0.937139,0.337042,0.536626,0.284225,0.319987,0.210624,0.473685,0.741003,0.875435,0.320224,0.217749],
[0.219186,0.255171,0.344255,0.979647,0.991978,0.874925,0.672684,0.747163,0.632145,0.256094,0.584771,0.107024,0.221994,0.674687,0.119571,0.980145,0.820559,0.171754,0.202332,0.117524,0.108893,0.539373,0.654150,0.393118,0.859360,0.864774,0.866804,0.600363,0.740209,0.187027,0.818113,0.959394,0.442199,0.162368,0.939042,0.434177,0.037292,0.611725,0.181339,0.669438],
[0.867819,0.766110,0.776461,0.089813,0.440797,0.896033,0.069958,0.261356,0.067787,0.272290,0.378880,0.176680,0.811664,0.033030,0.569798,0.671024,0.897804,0.436601,0.271387,0.638013,0.623629,0.089499,0.597407,0.065827,0.251867,0.536449,0.500004,0.289159,0.148174,0.681343,0.958597,0.015993,0.447454,0.735058,0.105806,0.888251,0.631091,0.175764,0.149607,0.698877],
[0.448054,0.528487,0.875557,0.259718,0.561517,0.445355,0.930741,0.459321,0.881956,0.202128,0.097334,0.505585,0.291627,0.694741,0.571412,0.543494,0.231190,0.071416,0.832653,0.379364,0.752760,0.791250,0.395357,0.200214,0.526308,0.501163,0.088464,0.157398,0.676927,0.238071,0.856276,0.124982,0.766558,0.731833,0.384699,0.328075,0.177188,0.315441,0.787396,0.059144],
[0.517568,0.884731,0.564729,0.809195,0.579472,0.136141,0.352689,0.810662,0.207558,0.185342,0.190026,0.960317,0.976592,0.585384,0.160531,0.502899,0.086547,0.248995,0.660298,0.763474,0.487065,0.516574,0.888456,0.253623,0.248407,0.273155,0.581698,0.425594,0.588595,0.369095,0.484738,0.106164,0.253825,0.049467,0.915359,0.833297,0.185609,0.268048,0.643959,0.393166],
[0.453391,0.833985,0.353483,0.429982,0.419369,0.514014,0.932881,0.505916,0.763009,0.593179,0.269390,0.250074,0.109753,0.157845,0.503698,0.358159,0.431000,0.085396,0.783754,0.019596,0.454490,0.268492,0.125759,0.708315,0.317959,0.041119,0.541612,0.503568,0.309167,0.185571,0.896734,0.762558,0.019556,0.250217,0.192540,0.438925,0.764232,0.125421,0.944840,0.527241],
[0.718601,0.214230,0.777315,0.828353,0.372075,0.281013,0.186512,0.803075,0.366408,0.970266,0.822671,0.820898,0.238758,0.948430,0.529214,0.556718,0.989549,0.070826,0.060285,0.298716,0.256397,0.957019,0.061274,0.275952,0.207237,0.253814,0.714877,0.971468,0.379235,0.659717,0.498709,0.097836,0.873947,0.276024,0.926189,0.246022,0.557037,0.112702,0.049097,0.923445],
[0.082968,0.871768,0.744343,0.321726,0.820198,0.273557,0.878443,0.809747,0.344382,0.938729,0.108463,0.600779,0.895748,0.169737,0.876731,0.102985,0.423551,0.591608,0.074453,0.802787,0.251326,0.573162,0.900623,0.125273,0.849186,0.826812,0.371294,0.406223,0.939514,0.420392,0.329668,0.022482,0.292159,0.074011,0.344208,0.112358,0.347568,0.222651,0.922105,0.691950],
[0.161380,0.030568,0.292729,0.057128,0.200305,0.169460,0.160113,0.623857,0.761069,0.234567,0.426643,0.012394,0.807729,0.327266,0.137667,0.656916,0.154078,0.508961,0.063138,0.093592,0.929353,0.392806,0.116074,0.221512,0.466817,0.460281,0.333870,0.814384,0.682932,0.255975,0.506334,0.844312,0.286543,0.799063,0.901440,0.486848,0.968523,0.061554,0.110705,0.729592],
[0.296121,0.537348,0.741986,0.103850,0.864614,0.879653,0.760766,0.018692,0.388614,0.823904,0.112284,0.317967,0.216710,0.228358,0.539479,0.683527,0.688639,0.873349,0.497911,0.371571,0.129324,0.004245,0.215883,0.415867,0.803308,0.117323,0.902715,0.771832,0.178877,0.013420,0.501424,0.474998,0.550768,0.243410,0.578848,0.415382,0.123062,0.339614,0.434074,0.511676],
[0.163518,0.546359,0.829643,0.380228,0.774716,0.369122,0.063755,0.463355,0.242472,0.561666,0.834926,0.371796,0.565911,0.050809,0.787662,0.369220,0.168133,0.690377,0.141051,0.347010,0.703797,0.642475,0.822008,0.254565,0.885885,0.400856,0.669947,0.008947,0.740470,0.104021,0.520623,0.903988,0.650380,0.350266,0.284215,0.425096,0.719389,0.347970,0.888451,0.961860],
[0.909636,0.723378,0.333656,0.475547,0.774187,0.121318,0.844767,0.942320,0.811696,0.985819,0.289330,0.515493,0.628294,0.111338,0.770058,0.514178,0.512194,0.440005,0.523125,0.252664,0.544026,0.043748,0.156652,0.194406,0.394015,0.440867,0.619502,0.113404,0.788837,0.507954,0.075264,0.698473,0.231332,0.408920,0.174021,0.005519,0.530238,0.018788,0.947839,0.341934],
[0.004607,0.237169,0.857427,0.632900,0.348507,0.627485,0.147078,0.860701,0.067490,0.670204,0.113365,0.611516,0.713952,0.270017,0.805922,0.107967,0.710883,0.425425,0.221370,0.499721,0.933378,0.296635,0.198194,0.164710,0.705555,0.372215,0.170229,0.235793,0.391003,0.118067,0.577727,0.395609,0.355236,0.435155,0.028509,0.703743,0.062640,0.175588,0.564444,0.130130],
[0.845791,0.677809,0.741646,0.559743,0.947826,0.547568,0.667710,0.658709,0.972993,0.889080,0.158430,0.906371,0.185715,0.356624,0.071081,0.891270,0.728838,0.241310,0.127063,0.119841,0.359377,0.704790,0.515450,0.714614,0.139945,0.543960,0.418357,0.202584,0.719547,0.982801,0.332714,0.565339,0.660610,0.074360,0.125082,0.608435,0.621928,0.792792,0.267145,0.594921],
[0.681873,0.425574,0.501292,0.867588,0.782198,0.572373,0.758857,0.511036,0.813683,0.885920,0.630877,0.173060,0.590710,0.146328,0.887674,0.730655,0.690287,0.306030,0.933239,0.409834,0.288831,0.265953,0.975173,0.949441,0.340313,0.100255,0.557876,0.962241,0.893048,0.825021,0.557162,0.574920,0.250595,0.058454,0.442508,0.032793,0.630827,0.201365,0.543830,0.444510],
[0.087285,0.174707,0.617570,0.677995,0.321035,0.505244,0.408650,0.011322,0.811274,0.341889,0.421157,0.100106,0.607842,0.396330,0.049547,0.948156,0.496585,0.607423,0.910397,0.389633,0.432444,0.467558,0.964553,0.683039,0.526012,0.407060,0.715833,0.156839,0.608425,0.259663,0.601348,0.695710,0.434370,0.218918,0.373705,0.755405,0.724162,0.782355,0.766727,0.535437],
[0.124244,0.187884,0.635542,0.732086,0.584213,0.685089,0.680242,0.080799,0.292512,0.590638,0.470431,0.724956,0.058197,0.434984,0.407995,0.584209,0.842045,0.123828,0.741047,0.450470,0.383491,0.342396,0.146180,0.817861,0.561314,0.519884,0.573266,0.285476,0.302239,0.339993,0.820913,0.426483,0.527877,0.456455,0.158569,0.112090,0.141544,0.838811,0.192889,0.434055],
[0.429449,0.663320,0.159011,0.487646,0.098304,0.567006,0.071855,0.940349,0.690834,0.812902,0.390818,0.074325,0.155298,0.536998,0.892185,0.716612,0.056882,0.465451,0.002088,0.359121,0.805444,0.823001,0.785604,0.333321,0.279456,0.944174,0.445411,0.421000,0.782985,0.638300,0.855055,0.212434,0.301620,0.014066,0.700080,0.399924,0.581072,0.771935,0.340273,0.271906],
[0.584837,0.731091,0.346231,0.740134,0.268089,0.238417,0.456746,0.324971,0.703868,0.458834,0.684092,0.509312,0.281835,0.469697,0.842633,0.561291,0.413870,0.288044,0.982291,0.196855,0.926344,0.837347,0.409289,0.227963,0.851413,0.109369,0.627887,0.432485,0.881304,0.968160,0.704392,0.466140,0.699251,0.050623,0.206275,0.967339,0.289040,0.663021,0.292311,0.992907],
[0.121855,0.976403,0.502220,0.403690,0.446100,0.344853,0.964982,0.859970,0.632897,0.947273,0.056825,0.559240,0.784620,0.466114,0.787204,0.636033,0.575483,0.415091,0.068518,0.456786,0.383251,0.772910,0.922927,0.082501,0.823533,0.129202,0.049841,0.112573,0.792223,0.342151,0.105480,0.914078,0.318554,0.607699,0.317768,0.764654,0.952552,0.282750,0.624624,0.585449],
[0.230023,0.681449,0.144689,0.014643,0.147563,0.931892,0.650676,0.723045,0.346983,0.719194,0.179831,0.730234,0.492104,0.102758,0.812735,0.315637,0.231960,0.862576,0.428209,0.024182,0.204727,0.533689,0.938260,0.523281,0.141389,0.256028,0.287935,0.093941,0.538778,0.912559,0.679389,0.768802,0.594008,0.824078,0.783444,0.741571,0.755970,0.434120,0.464616,0.102954]],
[[0.153314,0.644447,0.833187,0.645417,0.747205,0.645922,0.961054,0.979165,0.508498,0.389263,0.003348,0.713225,0.922952,0.941608,0.236506,0.064341,0.197636,0.524441,0.158281,0.736414,0.437000,0.837670,0.505216,0.031008,0.661748,0.288660,0.772579,0.417719,0.722780,0.237195,0.520672,0.876094,0.881642,0.353860,0.521511,0.628847,0.999782,0.482565,0.608013,0.508280],
[0.871828,0.611360,0.221504,0.794780,0.552968,0.458010,0.859120,0.750604,0.982451,0.017401,0.487018,0.419451,0.855072,0.992233,0.450459,0.516820,0.280893,0.223038,0.934539,0.003673,0.460232,0.455211,0.879767,0.341874,0.809071,0.401278,0.970722,0.808853,0.883842,0.578735,0.317132,0.755670,0.190095,0.538637,0.550450,0.743062,0.996647,0.409570,0.493666,0.979098],
[0.426971,0.980684,0.398549,0.282043,0.972917,0.849008,0.798863,0.253811,0.072046,0.733402,0.257484,0.532278,0.188613,0.137251,0.874152,0.997683,0.538529,0.844874,0.806536,0.422371,0.423609,0.123668,0.178041,0.613704,0.662305,0.728491,0.356766,0.658952,0.138061,0.850432,0.638049,0.565033,0.831116,0.036598,0.847076,0.804033,0.885606,0.645938,0.057843,0.957651],
[0.379340,0.315327,0.489929,0.567953,0.452578,0.364082,0.565636,0.991107,0.208956,0.372172,0.413478,0.632565,0.495840,0.591520,0.246268,0.158145,0.320011,0.603035,0.817097,0.458072,0.453467,0.455146,0.023105,0.284582,0.491744,0.870180,0.088615,0.377350,0.516119,0.146459,0.335001,0.895459,0.461786,0.824931,0.463412,0.914364,0.189012,0.029048,0.905471,0.397968],
[0.401220,0.318950,0.030533,0.897060,0.910469,0.276802,0.055206,0.230480,0.879836,0.872303,0.688552,0.333303,0.327449,0.711657,0.617885,0.819194,0.581838,0.706501,0.196544,0.097956,0.852959,0.531545,0.993415,0.314745,0.356476,0.456827,0.229109,0.545489,0.485875,0.134581,0.943457,0.887095,0.453530,0.973990,0.784155,0.364000,0.250792,0.839361,0.594480,0.130628],
[0.711664,0.283032,0.463931,0.039113,0.994690,0.081816,0.858306,0.576527,0.788317,0.054850,0.674483,0.641276,0.586396,0.667899,0.956021,0.942872,0.124725,0.185131,0.488360,0.610600,0.319712,0.431817,0.497695,0.773242,0.405808,0.281850,0.137242,0.656600,0.121211,0.731722,0.787228,0.832874,0.014754,0.251159,0.871987,0.009443,0.332976,0.730293,0.585970,0.121293],
[0.785144,0.260454,0.762569,0.371539,0.928352,0.718590,0.314411,0.053078,0.903721,0.802772,0.663678,0.223433,0.234589,0.161373,0.996675,0.640397,0.443223,0.133916,0.296996,0.564433,0.865638,0.084224,0.397308,0.880392,0.335383,0.269294,0.889835,0.668359,0.999588,0.475806,0.789651,0.784732,0.736260,0.552220,0.156271,0.664612,0.270810,0.470682,0.717690,0.174531],
[0.273454,0.381368,0.397964,0.508043,0.542741,0.394638,0.148439,0.985963,0.528555,0.445435,0.550397,0.394193,0.529660,0.947704,0.274584,0.865043,0.216999,0.164420,0.533402,0.216587,0.640225,0.323053,0.001318,0.376485,0.875273,0.157589,0.041097,0.146083,0.628271,0.758787,0.320614,0.901725,0.140154,0.718578,0.409768,0.682895,0.113216,0.558207,0.668859,0.641771],
[0.003642,0.219255,0.035964,0.533302,0.166960,0.310548,0.398345,0.383959,0.474968,0.931747,0.600546,0.115193,0.254800,0.601864,0.491678,0.130073,0.759453,0.532775,0.276156,0.387724,0.291561,0.596771,0.289449,0.431716,0.315349,0.699217,0.114611,0.428565,0.257423,0.783469,0.070336,0.261066,0.002725,0.106300,0.794367,0.169684,0.416848,0.192712,0.553643,0.891816],
[0.124459,0.154189,0.007008,0.379258,0.756053,0.498686,0.509331,0.515505,0.031461,0.785487,0.903230,0.323022,0.382258,0.192679,0.754738,0.697607,0.891895,0.869348,0.126172,0.149319,0.652817,0.196508,0.410384,0.655542,0.302808,0.204752,0.825227,0.719656,0.397464,0.378870,0.611472,0.521922,0.533059,0.618480,0.901181,0.289111,0.117166,0.410512,0.804617,0.148627],
[0.195999,0.707846,0.471649,0.578257,0.900525,0.226387,0.275864,0.792420,0.095735,0.402036,0.941739,0.748552,0.598544,0.352123,0.404094,0.901352,0.556875,0.229321,0.621008,0.954338,0.608191,0.232480,0.476261,0.141249,0.850960,0.377441,0.430360,0.968126,0.787953,0.234977,0.116753,0.983952,0.942823,0.588402,0.562210,0.843348,0.814789,0.838073,0.635768,0.910524],
[0.240109,0.577507,0.659076,0.838653,0.929630,0.063171,0.740005,0.486505,0.292491,0.361013,0.440843,0.900682,0.593493,0.917103,0.041931,0.444452,0.294545,0.472292,0.412578,0.082498,0.707268,0.529331,0.066450,0.650091,0.117734,0.628659,0.493439,0.932523,0.466733,0.129207,0.843047,0.706842,0.706714,0.502123,0.545495,0.636344,0.565293,0.285500,0.122848,0.857785],
[0.646513,0.563691,0.758467,0.240006,0.480794,0.800398,0.684458,0.775339,0.272690,0.097037,0.857836,0.979958,0.626368,0.924286,0.630050,0.744102,0.552946,0.123488,0.676625,0.019678,0.252695,0.519671,0.726520,0.959409,0.021794,0.272016,0.595753,0.587087,0.557516,0.718601,0.444872,0.204029,0.282292,0.203339,0.444035,0.763086,0.003738,0.128494,0.538425,0.276428],
[0.225530,0.396262,0.256386,0.851899,0.320548,0.886435,0.596001,0.873494,0.009924,0.272626,0.893172,0.262619,0.792297,0.619693,0.222029,0.814091,0.891708,0.817781,0.401178,0.449224,0.536383,0.846051,0.653253,0.818675,0.049390,0.097288,0.581761,0.053128,0.225781,0.120186,0.329555,0.451312,0.516448,0.585941,0.303210,0.836996,0.472377,0.899211,0.710489,0.482301],
[0.171837,0.603662,0.744920,0.964134,0.223354,0.966949,0.778224,0.115062,0.784730,0.179403,0.564286,0.321113,0.025454,0.217539,0.139787,0.074844,0.314826,0.721549,0.127972,0.540608,0.841735,0.457527,0.991920,0.358183,0.043469,0.295130,0.195179,0.515845,0.194341,0.905668,0.998146,0.366178,0.509330,0.743067,0.330311,0.732684,0.710015,0.108536,0.847746,0.494746],
[0.287939,0.412032,0.815858,0.313392,0.629570,0.955646,0.388236,0.944397,0.677195,0.516208,0.485004,0.518929,0.973735,0.476924,0.877112,0.017204,0.772054,0.072291,0.533049,0.966395,0.977959,0.531195,0.332573,0.487288,0.274262,0.662884,0.219972,0.984277,0.771420,0.067718,0.479023,0.059359,0.479749,0.294881,0.372751,0.109319,0.250527,0.760988,0.053716,0.927722],
[0.277196,0.538720,0.446651,0.250931,0.015644,0.323763,0.268134,0.787698,0.396054,0.801183,0.754093,0.374013,0.332379,0.086666,0.861301,0.606640,0.749550,0.081273,0.590918,0.520971,0.148991,0.069940,0.580330,0.628740,0.364822,0.953081,0.738060,0.615349,0.714069,0.791776,0.543071,0.991264,0.330496,0.989722,0.242195,0.346141,0.313485,0.510329,0.133839,0.709539],
[0.311512,0.887932,0.083552,0.643891,0.974598,0.944854,0.250531,0.724149,0.026127,0.841449,0.245119,0.175118,0.911389,0.825449,0.803858,0.276211,0.778530,0.541918,0.891560,0.492598,0.333694,0.434631,0.483863,0.664190,0.424353,0.726058,0.010331,0.737838,0.236387,0.144169,0.447377,0.547899,0.032101,0.530930,0.191790,0.006700,0.475783,0.442322,0.730848,0.501910],
[0.283771,0.975967,0.677028,0.195160,0.801416,0.480886,0.471371,0.579945,0.022804,0.362931,0.072544,0.356497,0.797561,0.556406,0.020687,0.221914,0.282464,0.031018,0.959752,0.518851,0.175187,0.407129,0.066750,0.207288,0.938059,0.258540,0.213988,0.413842,0.700862,0.944836,0.915752,0.984633,0.920803,0.592779,0.179793,0.722219,0.073665,0.651163,0.302164,0.096469],
[0.014094,0.374707,0.452966,0.811656,0.931114,0.473653,0.033570,0.213578,0.504671,0.993322,0.732428,0.679858,0.400451,0.799178,0.887146,0.338510,0.057719,0.101134,0.752352,0.758581,0.045970,0.668103,0.743214,0.966773,0.260883,0.923006,0.688992,0.334548,0.574170,0.991155,0.431016,0.588264,0.365863,0.883982,0.399919,0.296977,0.357635,0.433489,0.510554,0.862306],
[0.426811,0.242983,0.542164,0.827262,0.042161,0.429310,0.165771,0.099880,0.530444,0.918123,0.858461,0.576414,0.586226,0.601674,0.543187,0.847109,0.524681,0.232178,0.181656,0.098850,0.223334,0.612673,0.687114,0.589197,0.496655,0.087033,0.886173,0.854291,0.520522,0.396727,0.716597,0.947333,0.639710,0.258761,0.774595,0.681871,0.688071,0.940366,0.781751,0.218515],
[0.858489,0.640211,0.794929,0.444716,0.241886,0.338116,0.291824,0.766566,0.570294,0.473481,0.865416,0.793628,0.086154,0.552530,0.382824,0.582809,0.639564,0.268997,0.437100,0.160086,0.665725,0.153696,0.107419,0.305434,0.412457,0.882014,0.987305,0.100528,0.822381,0.769056,0.319043,0.680870,0.409267,0.113972,0.125586,0.651153,0.452087,0.417410,0.417719,0.022381],
[0.890891,0.283135,0.816009,0.977045,0.835665,0.198833,0.559854,0.475229,0.467831,0.996953,0.635315,0.133556,0.150650,0.742734,0.438990,0.563107,0.624748,0.426295,0.663635,0.447129,0.195351,0.982678,0.127999,0.604618,0.096650,0.253584,0.255771,0.548737,0.670994,0.673490,0.571118,0.561885,0.956625,0.387127,0.538930,0.792290,0.585961,0.098784,0.267519,0.053792],
[0.095737,0.902834,0.187347,0.246387,0.645568,0.626337,0.809494,0.270316,0.052633,0.473129,0.717445,0.247984,0.455807,0.845443,0.852602,0.552456,0.099028,0.108373,0.101193,0.770022,0.781863,0.672312,0.331908,0.738488,0.059439,0.870838,0.530778,0.645400,0.969622,0.798297,0.699192,0.065359,0.701131,0.886539,0.311746,0.346699,0.512877,0.121240,0.617015,0.565509],
[0.594369,0.334459,0.813493,0.050176,0.179903,0.666095,0.602633,0.278931,0.774467,0.703826,0.048953,0.556330,0.376138,0.380860,0.294818,0.435577,0.251698,0.825595,0.080977,0.221320,0.623892,0.780169,0.286679,0.325023,0.666709,0.598425,0.671722,0.179585,0.719666,0.288737,0.745095,0.314035,0.623196,0.558587,0.364211,0.803099,0.224682,0.966843,0.082029,0.999149],
[0.670669,0.130982,0.555479,0.046807,0.511843,0.850297,0.482384,0.763541,0.675892,0.563362,0.984861,0.299785,0.343531,0.271540,0.624808,0.010240,0.869966,0.296530,0.189825,0.589631,0.585267,0.934920,0.903666,0.208463,0.493507,0.267877,0.011562,0.718189,0.234720,0.093592,0.717338,0.905390,0.224574,0.272818,0.952197,0.736416,0.123115,0.434582,0.499957,0.799007],
[0.997943,0.484818,0.098792,0.341475,0.756358,0.723600,0.351714,0.626324,0.020130,0.541540,0.215955,0.605397,0.476459,0.119621,0.813861,0.969966,0.387498,0.825423,0.688156,0.622218,0.919014,0.405494,0.527608,0.143588,0.678312,0.479805,0.880005,0.801427,0.914387,0.379962,0.600434,0.912330,0.864780,0.699226,0.253805,0.621138,0.422826,0.605519,0.247462,0.442956],
[0.147059,0.463417,0.048354,0.623518,0.583038,0.862214,0.593485,0.970536,0.687637,0.281640,0.592754,0.606651,0.687134,0.120363,0.750240,0.365446,0.600168,0.630244,0.166873,0.514555,0.010206,0.767307,0.426885,0.874986,0.466533,0.680690,0.496124,0.889359,0.286209,0.743586,0.332315,0.433268,0.207003,0.380668,0.056786,0.790042,0.242883,0.650271,0.760578,0.930520],
[0.931912,0.353332,0.537171,0.619046,0.473695,0.287411,0.984492,0.073862,0.917655,0.151365,0.588417,0.927861,0.918672,0.015302,0.802847,0.385205,0.695992,0.298971,0.274563,0.982201,0.042557,0.606878,0.415469,0.249561,0.987547,0.472255,0.039602,0.230429,0.122527,0.800180,0.160949,0.054438,0.153512,0.698120,0.673485,0.627207,0.985531,0.657977,0.701069,0.903186],
[0.809342,0.289486,0.831047,0.728015,0.304788,0.633894,0.113219,0.000780,0.932865,0.387783,0.982981,0.975422,0.994661,0.398449,0.224982,0.982207,0.870705,0.264585,0.212637,0.993231,0.064764,0.373586,0.047670,0.218276,0.071706,0.721154,0.845483,0.057237,0.379132,0.546552,0.960423,0.188474,0.836038,0.791470,0.916489,0.140826,0.425363,0.029708,0.141606,0.358228],
[0.417490,0.124586,0.333650,0.412151,0.523036,0.558632,0.394359,0.393740,0.823217,0.606995,0.386972,0.887981,0.980581,0.434642,0.106258,0.052287,0.155796,0.951741,0.109524,0.534927,0.498292,0.069947,0.723401,0.334330,0.861416,0.639890,0.475156,0.286780,0.669598,0.616761,0.645008,0.087088,0.741348,0.978658,0.499239,0.264383,0.537290,0.893598,0.658123,0.360507],
[0.500593,0.045095,0.248489,0.481174,0.479737,0.354746,0.533462,0.635532,0.306487,0.642986,0.170460,0.804779,0.712932,0.893861,0.139109,0.574349,0.533751,0.614265,0.861129,0.203349,0.231027,0.506136,0.290437,0.972374,0.484794,0.789676,0.236757,0.022085,0.683274,0.894881,0.382592,0.183868,0.939976,0.631081,0.665042,0.419712,0.985827,0.198504,0.055245,0.292314],
[0.841489,0.225705,0.097093,0.554422,0.119566,0.236203,0.128771,0.653317,0.850468,0.989899,0.856666,0.081495,0.496036,0.147103,0.053869,0.980830,0.936780,0.290626,0.002915,0.620054,0.185507,0.385507,0.803922,0.125482,0.016587,0.468964,0.545195,0.002414,0.667468,0.600439,0.294729,0.508957,0.826144,0.391822,0.063379,0.945710,0.628025,0.192149,0.599027,0.478493],
[0.182048,0.455693,0.559988,0.678084,0.602796,0.613857,0.658914,0.539575,0.904483,0.661828,0.159629,0.089990,0.047335,0.963551,0.215472,0.063922,0.432515,0.760667,0.066337,0.099982,0.361106,0.361065,0.608939,0.187249,0.752887,0.672318,0.132959,0.380912,0.864467,0.731986,0.859405,0.046515,0.187678,0.419393,0.724599,0.790474,0.033249,0.383513,0.330049,0.937732],
[0.045341,0.489678,0.027721,0.092676,0.453229,0.243193,0.156598,0.885744,0.003860,0.222935,0.985727,0.364966,0.584000,0.594666,0.552215,0.336887,0.266984,0.685174,0.717799,0.131451,0.417160,0.577204,0.177966,0.604838,0.996597,0.902565,0.395312,0.029846,0.286077,0.725361,0.967578,0.331419,0.215040,0.995299,0.424095,0.668269,0.238493,0.580693,0.554013,0.242353],
[0.803628,0.539740,0.607318,0.387627,0.134406,0.159534,0.724514,0.401390,0.844708,0.442313,0.532841,0.261867,0.019518,0.710807,0.866705,0.016114,0.613371,0.262017,0.045960,0.899449,0.987378,0.013538,0.230867,0.202418,0.008837,0.654962,0.870687,0.247329,0.235655,0.424700,0.489682,0.039282,0.964440,0.097000,0.426910,0.098846,0.256534,0.151424,0.500236,0.101241],
[0.593737,0.033077,0.363109,0.613255,0.743883,0.229814,0.629369,0.357255,0.491832,0.675329,0.256703,0.479210,0.688867,0.487571,0.681628,0.697704,0.142533,0.552315,0.945033,0.378187,0.977015,0.434715,0.417470,0.941455,0.531715,0.844379,0.040302,0.788249,0.995803,0.540538,0.889491,0.589541,0.573615,0.252600,0.202796,0.317498,0.482414,0.832165,0.674752,0.974246],
[0.507494,0.931456,0.453456,0.196361,0.419026,0.135084,0.894065,0.561559,0.687399,0.839098,0.939746,0.664414,0.273813,0.357216,0.605870,0.805529,0.201595,0.646171,0.593778,0.197398,0.186709,0.483269,0.786939,0.760323,0.735869,0.989735,0.077821,0.218283,0.821899,0.752574,0.192528,0.329394,0.684030,0.645984,0.525755,0.103056,0.781068,0.419820,0.664615,0.468467],
[0.258918,0.604362,0.132881,0.532731,0.961578,0.738751,0.338260,0.163173,0.384922,0.932038,0.360571,0.571631,0.415307,0.147510,0.331954,0.151176,0.137245,0.409776,0.369459,0.959145,0.162349,0.561987,0.288538,0.846379,0.207971,0.814293,0.949435,0.989039,0.234112,0.614050,0.457506,0.493030,0.218412,0.590388,0.025762,0.179990,0.329139,0.364022,0.343163,0.714060],
[0.296060,0.703734,0.285691,0.711368,0.851244,0.617646,0.862544,0.988490,0.027421,0.232002,0.947634,0.189770,0.793989,0.236172,0.036149,0.001960,0.050465,0.985584,0.990999,0.284578,0.599635,0.448506,0.777608,0.818046,0.038894,0.803369,0.998036,0.368032,0.167391,0.341199,0.082093,0.463452,0.044932,0.367784,0.174819,0.896177,0.985430,0.037363,0.884666,0.012851]]];

c=[[6,3,3,10,2,10,10,9,10,8,8,6,10,6,3,10,10,6,10,7,8,1,4,4,10,1,5,1,5,8,8,3,2,10,2,4,10,1,2,1],
[8,1,6,8,7,10,9,8,7,10,4,7,2,10,10,2,10,6,2,7,3,1,9,6,10,2,1,1,3,5,1,10,5,8,9,1,9,7,10,6],
[7,4,2,10,3,1,1,4,6,4,2,10,4,2,5,6,4,8,8,6,2,1,7,6,8,6,9,7,4,8,2,2,1,5,2,5,5,4,1,2],
[8,2,1,3,6,7,10,9,4,10,6,5,10,2,1,9,9,1,5,3,8,8,4,9,4,5,5,8,9,5,9,8,9,1,2,4,8,2,4,3],
[1,9,8,2,2,10,10,1,10,7,5,7,4,8,7,10,5,4,7,5,10,8,4,8,8,5,3,7,8,8,10,10,8,9,1,10,10,3,2,9],
[9,6,7,4,5,6,3,1,9,10,7,8,9,10,6,8,7,10,7,6,8,6,6,5,6,8,6,5,10,9,5,8,6,1,4,3,6,6,3,4],
[7,2,2,5,3,9,5,9,10,1,5,9,8,2,6,3,9,1,9,1,2,3,10,7,3,3,9,1,9,4,4,7,5,7,4,7,7,8,8,9],
[10,2,7,7,5,2,1,3,5,9,5,6,3,5,2,5,9,3,5,7,6,1,6,2,9,9,8,8,6,5,6,7,8,4,3,2,6,5,7,10],
[5,1,7,7,7,10,3,6,2,10,4,9,2,9,10,10,7,10,9,4,6,4,10,4,10,4,5,5,10,3,6,4,4,4,2,10,3,5,7,7],
[4,1,5,7,9,7,8,8,6,7,3,1,2,5,4,1,10,1,5,10,3,2,5,8,5,7,10,10,3,6,6,8,6,10,4,7,8,1,6,3],
[7,8,6,9,4,1,1,4,1,8,5,6,9,1,5,6,7,4,5,1,10,10,8,7,1,1,3,9,2,10,3,10,8,8,10,3,9,1,8,1],
[8,4,6,8,5,3,3,3,6,7,4,7,8,1,4,9,4,6,9,7,8,1,6,5,9,6,9,9,8,7,9,5,2,7,2,6,9,7,9,6],
[3,4,3,3,6,6,1,9,3,1,5,10,3,1,6,3,8,5,1,5,3,2,1,4,8,4,2,8,10,2,3,5,5,5,7,10,2,9,1,5],
[9,5,4,1,7,10,4,4,6,6,10,10,7,10,3,6,4,6,3,5,7,8,9,1,2,5,3,4,3,3,10,3,9,3,6,6,4,1,9,1],
[6,1,10,3,2,5,10,7,10,3,2,9,2,10,1,5,7,3,8,9,7,9,4,6,4,9,1,9,9,1,10,6,1,1,8,5,5,10,1,7],
[2,2,5,5,4,5,9,10,10,9,10,6,7,3,3,10,3,3,9,1,6,10,7,8,10,6,2,7,5,3,3,8,4,9,2,9,3,1,8,4],
[9,8,10,7,2,4,7,5,7,7,5,4,6,3,1,7,1,5,3,5,7,7,5,2,5,8,1,10,10,10,3,8,9,4,7,1,8,3,5,6],
[1,1,9,6,6,1,2,6,5,7,2,3,3,6,7,8,6,9,9,5,10,1,5,9,7,1,9,4,5,5,9,5,5,9,10,10,1,3,7,8],
[9,9,2,4,6,8,3,3,8,1,8,8,3,2,6,9,2,4,4,8,8,2,2,4,2,3,6,5,7,2,2,6,2,3,1,10,3,3,2,10],
[3,1,7,5,2,4,6,5,9,9,2,6,3,5,2,4,7,7,8,4,10,1,1,4,4,1,5,6,3,8,7,7,9,4,3,2,9,8,9,8],
[7,2,5,9,7,6,4,5,4,2,8,6,4,10,9,7,10,5,4,4,2,1,10,2,6,5,4,4,2,4,1,8,7,6,8,3,1,2,10,7],
[5,7,2,8,7,2,5,8,6,10,4,9,10,5,1,5,9,6,9,1,1,1,10,7,6,8,2,9,9,1,7,3,9,8,10,5,1,6,5,6],
[6,8,6,7,2,8,2,1,5,2,3,5,2,2,2,10,9,5,10,9,5,6,1,3,5,3,10,5,10,4,2,7,3,7,4,6,5,7,8,1],
[10,10,6,3,4,9,2,2,3,3,3,9,8,5,1,2,7,10,6,9,5,9,7,9,6,2,5,2,8,2,2,7,4,9,2,7,7,3,10,1],
[6,2,9,5,7,2,7,5,3,4,5,10,3,2,8,10,3,2,3,3,6,4,1,1,5,2,9,1,5,8,4,2,2,2,8,10,5,4,6,8],
[10,1,7,4,4,4,5,6,8,7,8,5,2,9,5,6,10,3,9,6,2,2,9,5,5,7,6,10,2,4,7,3,6,5,6,9,8,2,4,7],
[8,4,1,10,4,7,7,5,1,5,3,5,8,1,9,5,9,7,4,1,10,2,5,5,6,3,3,5,4,8,2,2,3,2,3,8,1,1,3,1],
[6,7,5,5,9,6,9,8,2,4,10,1,5,4,7,2,6,9,7,10,8,8,3,3,1,7,10,1,7,2,2,4,10,8,9,9,3,9,6,4],
[3,5,6,9,10,2,1,8,2,9,7,2,8,1,4,8,7,3,1,3,7,4,7,6,1,7,4,4,5,1,9,9,7,5,8,7,8,10,4,2],
[10,2,3,7,4,8,4,10,10,6,4,8,9,10,6,10,6,1,5,3,2,3,1,10,9,10,8,7,9,3,10,8,4,2,6,9,9,10,8,10],
[5,2,10,4,3,5,5,1,7,9,3,8,1,3,10,10,3,7,8,3,10,9,3,5,10,8,4,10,9,3,1,6,4,10,9,7,6,5,7,3],
[3,1,2,5,3,1,6,7,10,5,2,9,3,4,5,4,3,8,3,2,1,6,7,6,7,7,4,3,1,2,7,5,2,10,9,7,3,5,5,2],
[1,6,2,4,1,6,7,4,6,2,5,8,7,3,3,3,9,9,7,1,10,5,5,4,5,5,2,7,1,6,8,2,4,9,5,4,6,3,9,1],
[4,5,8,2,7,3,7,7,1,5,7,2,10,3,7,4,8,8,10,10,4,9,1,9,9,7,2,4,2,3,7,5,7,6,9,4,8,7,2,10],
[1,9,4,10,3,10,3,2,10,4,2,3,2,4,3,10,1,6,6,2,8,2,8,5,9,8,10,7,4,1,8,5,1,1,4,6,3,9,7,2],
[2,8,6,4,4,8,5,4,3,10,7,3,3,6,9,2,4,8,10,9,10,7,3,3,10,9,10,4,7,6,5,10,6,2,5,9,9,10,4,3],
[1,2,5,4,7,3,7,2,2,6,1,4,4,5,8,5,3,7,8,1,4,4,1,9,5,5,9,3,6,2,8,7,3,4,2,2,9,8,3,2],
[5,3,5,10,8,4,5,2,10,2,5,6,6,7,4,2,3,3,5,9,6,4,7,9,7,8,10,5,7,4,7,1,7,3,10,6,7,6,9,8],
[10,3,5,5,9,9,6,2,3,2,2,8,5,8,8,4,5,9,8,1,3,6,3,1,1,4,6,9,10,4,8,9,9,3,5,7,1,2,10,5],
[6,1,2,2,8,2,5,2,10,5,4,4,2,8,4,2,2,1,10,3,7,8,3,5,10,7,3,2,10,3,6,5,3,9,7,1,2,3,4,2],
];
