m=30;
n=30;
p=3;
q=3;

alpha=[0.520198,0.625839,0.965652,0.819218,0.595215,0.670072];

proba=[[[0.505294,0.497329,0.391926,0.731287,0.052075,0.543252,0.271954,0.589246,0.315553,0.636402,0.635140,0.062484,0.072115,0.589811,0.014980,0.208987,0.008073,0.928297,0.711283,0.868102,0.719742,0.363281,0.870029,0.642699,0.760822,0.910426,0.894377,0.692126,0.548861,0.084808],
[0.032269,0.054155,0.582136,0.424195,0.785442,0.634212,0.967448,0.057397,0.223457,0.283000,0.693799,0.858597,0.345485,0.765914,0.448408,0.360465,0.974901,0.456482,0.288762,0.686184,0.324583,0.008503,0.049465,0.194613,0.651202,0.810287,0.105039,0.545579,0.502413,0.653900],
[0.630387,0.534682,0.708055,0.212523,0.958878,0.493498,0.846735,0.926326,0.550895,0.070192,0.209326,0.244694,0.928789,0.554810,0.010607,0.377197,0.915275,0.985508,0.833679,0.204037,0.671692,0.158262,0.212540,0.721156,0.352875,0.863742,0.531443,0.457914,0.409321,0.033856],
[0.111814,0.039708,0.568539,0.819869,0.252231,0.527417,0.313367,0.098966,0.453742,0.864261,0.169157,0.663068,0.108955,0.097946,0.217878,0.119562,0.475143,0.133153,0.105070,0.308822,0.337190,0.776762,0.467084,0.549729,0.497918,0.819959,0.413471,0.029361,0.277873,0.822792],
[0.063218,0.389687,0.862499,0.631756,0.209556,0.114730,0.159173,0.522922,0.213696,0.612915,0.387184,0.382853,0.275983,0.496139,0.480799,0.493861,0.615701,0.955943,0.627014,0.720771,0.264765,0.964204,0.497533,0.731849,0.513933,0.995451,0.551808,0.927404,0.024813,0.829681],
[0.750196,0.088030,0.219368,0.612695,0.719787,0.428923,0.727425,0.878959,0.951846,0.941121,0.491874,0.339029,0.323974,0.767857,0.835168,0.804773,0.261718,0.450869,0.760716,0.888732,0.171640,0.025481,0.852936,0.669173,0.757330,0.366868,0.664624,0.309138,0.294272,0.689436],
[0.138819,0.044468,0.777466,0.358187,0.657164,0.497253,0.787110,0.384589,0.376212,0.738956,0.325710,0.868087,0.077985,0.649684,0.635944,0.913153,0.454457,0.897662,0.364021,0.215173,0.786394,0.535661,0.240654,0.639330,0.204834,0.997984,0.006198,0.869457,0.307122,0.300470],
[0.558893,0.445941,0.344939,0.336360,0.804127,0.002102,0.833613,0.591237,0.386691,0.209825,0.330193,0.712401,0.077912,0.408178,0.362085,0.713856,0.321330,0.816543,0.611518,0.685352,0.031716,0.397912,0.221013,0.272370,0.037242,0.425846,0.270354,0.043440,0.295304,0.577476],
[0.343910,0.854197,0.023416,0.688849,0.190557,0.827544,0.690951,0.024169,0.418781,0.077643,0.233994,0.748974,0.790044,0.311906,0.157152,0.152130,0.025762,0.478482,0.968673,0.637281,0.163834,0.000389,0.035193,0.384847,0.272759,0.072435,0.810693,0.543113,0.115874,0.105997],
[0.120588,0.459785,0.960194,0.144005,0.148634,0.150750,0.971548,0.839585,0.174919,0.390330,0.917228,0.408914,0.139304,0.707272,0.720820,0.296455,0.859402,0.746583,0.774938,0.828074,0.383863,0.938772,0.828463,0.419056,0.323618,0.101222,0.491491,0.134312,0.644334,0.607365],
[0.240308,0.764923,0.067149,0.200502,0.908927,0.215783,0.351252,0.880476,0.055368,0.526172,0.270805,0.972596,0.935085,0.410109,0.679868,0.655906,0.706564,0.539270,0.402488,0.481502,0.367345,0.786352,0.420274,0.195808,0.205408,0.743892,0.297029,0.696898,0.878204,0.941364],
[0.304263,0.118512,0.706287,0.371412,0.319014,0.615214,0.587196,0.670266,0.495690,0.642564,0.196438,0.766495,0.615160,0.131523,0.176604,0.295028,0.787429,0.883169,0.834299,0.189917,0.364671,0.201643,0.976269,0.784944,0.397451,0.181677,0.528837,0.694480,0.878575,0.407040],
[0.635844,0.182838,0.525553,0.342131,0.554250,0.844567,0.957345,0.141446,0.514833,0.453035,0.784009,0.711271,0.219530,0.399169,0.842794,0.396134,0.694198,0.630223,0.279302,0.528496,0.820140,0.643973,0.730140,0.796409,0.428917,0.127590,0.978086,0.957754,0.822071,0.856660],
[0.364794,0.457915,0.039498,0.890347,0.800046,0.593748,0.734914,0.757390,0.735193,0.249746,0.210425,0.519203,0.961017,0.429955,0.918372,0.803811,0.826089,0.612570,0.434034,0.105391,0.141066,0.254174,0.749364,0.871206,0.050583,0.178281,0.998796,0.028668,0.136035,0.820867],
[0.885329,0.500830,0.278781,0.924826,0.391177,0.078827,0.518574,0.126090,0.836217,0.253768,0.375837,0.046642,0.772971,0.336853,0.476597,0.691343,0.140664,0.302686,0.303913,0.574698,0.408076,0.444979,0.828871,0.157440,0.316184,0.879454,0.335721,0.314980,0.908122,0.471756],
[0.135847,0.793451,0.972586,0.414628,0.718277,0.363763,0.493455,0.236852,0.489853,0.329673,0.490620,0.865689,0.376315,0.263590,0.202543,0.852912,0.954933,0.343207,0.155598,0.258845,0.917905,0.563674,0.703824,0.746776,0.721114,0.020009,0.626230,0.056836,0.334989,0.534352],
[0.528592,0.470836,0.327803,0.501178,0.885465,0.046081,0.864940,0.378920,0.282932,0.354793,0.708593,0.773552,0.220482,0.084908,0.037142,0.423025,0.937820,0.992075,0.766232,0.093417,0.250921,0.684137,0.657092,0.954745,0.430912,0.378206,0.974754,0.057142,0.435042,0.309743],
[0.591495,0.963634,0.780579,0.919298,0.464811,0.666043,0.965378,0.329752,0.044963,0.248311,0.684545,0.753556,0.021863,0.905027,0.838463,0.059005,0.328053,0.776283,0.051081,0.094284,0.869700,0.302001,0.778421,0.526792,0.256746,0.209333,0.904998,0.231500,0.266476,0.340040],
[0.541242,0.857970,0.303673,0.321821,0.777268,0.768485,0.987864,0.742647,0.098236,0.032827,0.990958,0.782782,0.786383,0.012821,0.687809,0.624846,0.071826,0.015862,0.401129,0.122907,0.110146,0.270829,0.424908,0.888567,0.797622,0.681654,0.097900,0.702620,0.913154,0.364376],
[0.042659,0.454397,0.222347,0.346332,0.776218,0.999615,0.114817,0.764082,0.742261,0.213053,0.796909,0.733219,0.995835,0.583292,0.746040,0.683644,0.208138,0.817866,0.699506,0.609267,0.940772,0.809652,0.880096,0.365680,0.698219,0.677718,0.047334,0.796119,0.380337,0.960489],
[0.160495,0.422997,0.414885,0.382842,0.769329,0.191103,0.382456,0.884146,0.955185,0.124718,0.097199,0.752094,0.857937,0.093034,0.335386,0.603976,0.776678,0.543524,0.421842,0.476184,0.152791,0.362614,0.285835,0.032887,0.728294,0.984054,0.710605,0.775628,0.780173,0.090943],
[0.736117,0.940668,0.513939,0.151002,0.323509,0.283268,0.342105,0.705966,0.167414,0.297290,0.830683,0.264614,0.049384,0.688620,0.357648,0.384770,0.292596,0.134326,0.928294,0.714438,0.610510,0.081085,0.077052,0.896346,0.113972,0.805345,0.880400,0.824578,0.580974,0.660572],
[0.915520,0.317091,0.601240,0.429460,0.468093,0.924750,0.712728,0.810199,0.630715,0.880142,0.107489,0.461398,0.144756,0.156873,0.150018,0.502404,0.541643,0.442614,0.636731,0.469938,0.157052,0.247241,0.551023,0.234104,0.143587,0.664995,0.039449,0.023986,0.489573,0.620423],
[0.684559,0.405093,0.937514,0.285799,0.834552,0.405607,0.210549,0.547280,0.215806,0.841264,0.427423,0.323294,0.302662,0.572179,0.480168,0.452680,0.074583,0.021811,0.895294,0.711313,0.491749,0.052346,0.958554,0.042771,0.286450,0.102141,0.707766,0.325899,0.126127,0.197339],
[0.946322,0.810686,0.602432,0.883836,0.096485,0.436984,0.289443,0.307033,0.984265,0.505249,0.148297,0.411687,0.828543,0.450959,0.983866,0.308711,0.903639,0.058449,0.330522,0.798934,0.769763,0.822270,0.851280,0.728317,0.865042,0.137730,0.830458,0.572808,0.463630,0.956585],
[0.770147,0.409952,0.767271,0.372579,0.293788,0.863755,0.809563,0.583231,0.170789,0.793827,0.088479,0.319086,0.205515,0.917022,0.770045,0.189381,0.225733,0.673684,0.247830,0.556255,0.472618,0.017593,0.378525,0.323898,0.745910,0.243567,0.461629,0.576367,0.816375,0.925259],
[0.532952,0.586521,0.335210,0.300223,0.959100,0.628998,0.163978,0.768663,0.212228,0.334767,0.562490,0.300707,0.653852,0.768005,0.217730,0.423897,0.957386,0.443463,0.097581,0.205216,0.999717,0.570199,0.222809,0.378242,0.894098,0.968719,0.621809,0.355727,0.545086,0.438183],
[0.280985,0.078038,0.024705,0.616195,0.378261,0.983805,0.245193,0.542239,0.752467,0.457421,0.877005,0.314958,0.758129,0.530858,0.082963,0.975859,0.954754,0.040349,0.419321,0.052336,0.245566,0.419038,0.622535,0.468375,0.797280,0.516633,0.437094,0.419089,0.872359,0.982180],
[0.857272,0.153344,0.060218,0.881977,0.769540,0.438479,0.865782,0.014733,0.980718,0.618249,0.472154,0.857723,0.933207,0.230283,0.388581,0.016170,0.206142,0.343335,0.056519,0.625463,0.395671,0.302085,0.044501,0.018206,0.770460,0.841782,0.534838,0.207553,0.260871,0.407198],
[0.189733,0.118143,0.560542,0.249951,0.000120,0.330082,0.688430,0.865902,0.344815,0.669148,0.484151,0.816969,0.526871,0.417358,0.047252,0.915452,0.433528,0.253394,0.258787,0.490047,0.878856,0.654458,0.792132,0.923358,0.672663,0.562591,0.765139,0.207502,0.770145,0.026010]],
[[0.614699,0.959878,0.144153,0.175241,0.209829,0.144273,0.505323,0.898259,0.010175,0.850138,0.567408,0.494327,0.667106,0.094279,0.911685,0.714358,0.009731,0.345213,0.967752,0.268517,0.835260,0.846608,0.922975,0.627392,0.769966,0.595638,0.189984,0.535105,0.803140,0.960128],
[0.561115,0.417839,0.920006,0.705268,0.593081,0.129835,0.849541,0.098404,0.028095,0.859716,0.948542,0.595502,0.354043,0.615648,0.689781,0.265728,0.330006,0.699511,0.610941,0.297758,0.968029,0.446202,0.144367,0.891004,0.073594,0.914333,0.486642,0.263578,0.449438,0.289782],
[0.223706,0.010552,0.707622,0.143712,0.715820,0.300703,0.273547,0.565361,0.399107,0.301642,0.425077,0.347648,0.897144,0.779120,0.963296,0.586925,0.044848,0.293302,0.286436,0.655789,0.591061,0.254465,0.101991,0.735427,0.145469,0.175585,0.649760,0.632111,0.439163,0.099198],
[0.921894,0.662869,0.109750,0.629516,0.806581,0.825570,0.930218,0.080128,0.390931,0.329325,0.381771,0.816008,0.676973,0.278915,0.595128,0.640269,0.865840,0.639976,0.933572,0.152276,0.295765,0.524632,0.406741,0.397756,0.260059,0.552210,0.573341,0.909820,0.184322,0.012504],
[0.009017,0.106216,0.675373,0.118768,0.735731,0.481954,0.944338,0.665950,0.562083,0.335269,0.995275,0.943853,0.151277,0.672248,0.222768,0.746405,0.312517,0.088607,0.386381,0.246089,0.240884,0.682147,0.770721,0.647625,0.079903,0.030780,0.199835,0.653245,0.940600,0.384157],
[0.665749,0.949617,0.490373,0.341122,0.068385,0.226104,0.823076,0.012723,0.892054,0.385159,0.347992,0.887329,0.329012,0.499269,0.559577,0.551779,0.245674,0.872094,0.640387,0.632055,0.118183,0.881270,0.314202,0.888904,0.528895,0.394106,0.919684,0.728731,0.047350,0.860284],
[0.112888,0.713099,0.809902,0.603261,0.054221,0.878287,0.829365,0.877297,0.891009,0.721419,0.262456,0.239001,0.608748,0.591467,0.738270,0.168325,0.143247,0.983944,0.040419,0.783633,0.615999,0.158602,0.664904,0.930201,0.047505,0.193799,0.324307,0.967190,0.922530,0.371657],
[0.827474,0.035418,0.084757,0.637376,0.638679,0.138978,0.515663,0.468045,0.016275,0.406672,0.189464,0.278731,0.645673,0.798212,0.870198,0.383943,0.966536,0.013445,0.367887,0.006955,0.797078,0.983886,0.165556,0.461982,0.914087,0.213062,0.655781,0.238394,0.180252,0.578311],
[0.610052,0.007726,0.613730,0.694808,0.645102,0.252409,0.833787,0.160764,0.720454,0.850062,0.567436,0.909918,0.128793,0.213110,0.708130,0.998991,0.597053,0.674666,0.012435,0.964939,0.681621,0.809513,0.948825,0.847177,0.271495,0.862912,0.060239,0.927276,0.101306,0.240490],
[0.505588,0.711358,0.248216,0.119317,0.406166,0.893318,0.371727,0.239953,0.054082,0.092181,0.090015,0.621518,0.002099,0.218807,0.834628,0.710228,0.217798,0.431680,0.384894,0.230233,0.396619,0.066515,0.039746,0.345444,0.913692,0.311242,0.208356,0.973931,0.238518,0.309663],
[0.214421,0.744106,0.021020,0.462637,0.863423,0.427187,0.355955,0.235150,0.667140,0.410036,0.327331,0.757154,0.031555,0.329429,0.975961,0.866182,0.039657,0.193759,0.297863,0.424551,0.423992,0.694482,0.491066,0.463739,0.039926,0.404758,0.774980,0.248283,0.378688,0.013498],
[0.557945,0.593110,0.757604,0.578966,0.055747,0.621027,0.006152,0.411701,0.856177,0.673292,0.821738,0.183507,0.430446,0.853292,0.512936,0.406408,0.719475,0.552594,0.600167,0.017337,0.977145,0.024159,0.711819,0.468211,0.487898,0.751746,0.872969,0.262878,0.000028,0.251657],
[0.276376,0.557974,0.844767,0.033980,0.136939,0.900514,0.655007,0.143092,0.312215,0.511183,0.816384,0.133953,0.694690,0.246830,0.987245,0.207627,0.653238,0.706720,0.760221,0.253405,0.724057,0.737366,0.277564,0.435876,0.205577,0.765462,0.187622,0.078546,0.028340,0.187650],
[0.330203,0.304716,0.745624,0.174970,0.338696,0.882563,0.075484,0.993703,0.025655,0.387699,0.504886,0.842039,0.521651,0.199576,0.088869,0.508896,0.407203,0.742107,0.215616,0.167424,0.995512,0.939673,0.904790,0.273076,0.375549,0.110367,0.038537,0.563170,0.188913,0.066877],
[0.750821,0.519116,0.371593,0.496445,0.694086,0.710289,0.379008,0.769570,0.703992,0.404663,0.157269,0.208878,0.246702,0.678920,0.408454,0.335571,0.187816,0.815657,0.077678,0.403432,0.983081,0.073189,0.343105,0.887871,0.346265,0.718653,0.998238,0.384802,0.281823,0.187150],
[0.451680,0.032644,0.706266,0.823273,0.529089,0.400352,0.533562,0.908096,0.169922,0.237554,0.312759,0.327191,0.446431,0.559461,0.006111,0.854885,0.895031,0.193927,0.670542,0.972709,0.597359,0.653624,0.045898,0.940464,0.541494,0.392163,0.659117,0.539732,0.776965,0.940940],
[0.726882,0.228645,0.973584,0.433148,0.051918,0.502673,0.833500,0.585480,0.410769,0.003421,0.823033,0.723528,0.330612,0.269465,0.282989,0.336723,0.124350,0.178020,0.530650,0.794892,0.150729,0.128009,0.448516,0.196627,0.068472,0.990010,0.588790,0.727589,0.529742,0.365756],
[0.668529,0.256624,0.594401,0.642113,0.689772,0.646319,0.144786,0.523271,0.231799,0.555555,0.526693,0.054832,0.279084,0.857305,0.324297,0.562073,0.194027,0.448647,0.740093,0.724677,0.243539,0.890822,0.852685,0.692054,0.087450,0.921157,0.682064,0.676240,0.648746,0.211806],
[0.041996,0.317275,0.468430,0.636397,0.959389,0.158202,0.282716,0.104175,0.681473,0.514515,0.659730,0.208165,0.569347,0.938814,0.065470,0.893644,0.500887,0.259497,0.342290,0.240980,0.984174,0.585829,0.131802,0.836859,0.277884,0.219252,0.758017,0.959948,0.895492,0.406763],
[0.171754,0.937488,0.724038,0.640184,0.573885,0.683427,0.798386,0.856601,0.787602,0.479859,0.371116,0.447332,0.688024,0.940463,0.386146,0.753494,0.834107,0.887033,0.012991,0.176397,0.128013,0.997165,0.762227,0.259815,0.834024,0.040110,0.479067,0.592041,0.000058,0.374559],
[0.998804,0.171812,0.312047,0.722842,0.811996,0.885932,0.406269,0.610382,0.742534,0.193871,0.090241,0.113650,0.641203,0.778264,0.054113,0.027349,0.531758,0.888220,0.914382,0.544749,0.064617,0.042395,0.541914,0.826844,0.302210,0.375938,0.866954,0.781277,0.967979,0.867012],
[0.155836,0.966782,0.038824,0.467883,0.689625,0.850821,0.353816,0.095894,0.461203,0.096349,0.289765,0.551443,0.209999,0.930968,0.329708,0.264112,0.958317,0.861466,0.152332,0.872699,0.406215,0.216949,0.915094,0.948129,0.043793,0.217304,0.324067,0.910747,0.998581,0.292046],
[0.777759,0.154417,0.258828,0.816583,0.622300,0.948453,0.667404,0.976116,0.044346,0.128607,0.072465,0.334111,0.680050,0.282464,0.265079,0.009757,0.546576,0.223396,0.871223,0.698908,0.096095,0.277438,0.915857,0.011189,0.225567,0.959650,0.228493,0.549634,0.870397,0.227074],
[0.841680,0.648156,0.381491,0.100508,0.464740,0.003791,0.048961,0.132144,0.979907,0.093307,0.260750,0.052372,0.427418,0.940800,0.334837,0.692497,0.950558,0.881413,0.915893,0.821781,0.580321,0.011988,0.099219,0.496178,0.023177,0.324787,0.455828,0.251670,0.874421,0.326226],
[0.478744,0.716101,0.974382,0.860235,0.816609,0.439122,0.864027,0.865570,0.571266,0.843934,0.958877,0.832016,0.896306,0.386295,0.772816,0.231143,0.078792,0.723374,0.112556,0.994685,0.545155,0.692876,0.006672,0.644374,0.189054,0.029849,0.969161,0.644883,0.281519,0.843582],
[0.971108,0.760263,0.559683,0.945490,0.620499,0.376292,0.384612,0.484525,0.241862,0.955878,0.328459,0.200739,0.787894,0.224766,0.587034,0.560710,0.455909,0.665826,0.284084,0.568464,0.660511,0.829239,0.261340,0.667183,0.473613,0.450395,0.697032,0.442774,0.095277,0.978551],
[0.286356,0.066385,0.738814,0.846038,0.011875,0.359313,0.222330,0.396487,0.843838,0.464191,0.352365,0.172297,0.664930,0.140259,0.397063,0.251964,0.700969,0.852972,0.917790,0.985053,0.421436,0.578301,0.814293,0.682776,0.245484,0.287906,0.133171,0.942516,0.730680,0.228448],
[0.921068,0.017035,0.294833,0.659882,0.863074,0.306708,0.019195,0.085404,0.703195,0.863033,0.549595,0.055560,0.035330,0.214525,0.195819,0.432393,0.466489,0.896788,0.285365,0.384280,0.881842,0.706801,0.962581,0.696134,0.389577,0.208065,0.984040,0.522747,0.150581,0.714720],
[0.751195,0.071649,0.731755,0.046028,0.731531,0.594829,0.352736,0.750725,0.680233,0.055932,0.613758,0.229828,0.111492,0.649088,0.444353,0.307311,0.081481,0.910842,0.204099,0.366846,0.295122,0.085941,0.073647,0.257703,0.782075,0.463223,0.465768,0.766115,0.985971,0.616349],
[0.480835,0.737166,0.687998,0.212590,0.783194,0.419529,0.807419,0.135930,0.170255,0.487652,0.191862,0.784013,0.717479,0.303354,0.433101,0.161832,0.610665,0.514582,0.072674,0.814764,0.881429,0.367797,0.900705,0.955075,0.625499,0.682780,0.418299,0.091267,0.448896,0.404269]],
[[0.707617,0.929730,0.141435,0.395615,0.142321,0.924629,0.815144,0.949740,0.060558,0.985399,0.437391,0.252420,0.769411,0.154870,0.555774,0.202512,0.316702,0.166439,0.717095,0.389377,0.981203,0.598523,0.757173,0.881908,0.553599,0.382673,0.564689,0.971898,0.473940,0.013584],
[0.376167,0.181557,0.943315,0.517602,0.577172,0.085635,0.442230,0.392316,0.035375,0.502789,0.377715,0.472766,0.755209,0.147127,0.627636,0.310982,0.349639,0.944339,0.477421,0.066734,0.333716,0.458624,0.665257,0.090889,0.340532,0.218856,0.473562,0.905220,0.190753,0.947502],
[0.918805,0.566920,0.129059,0.862119,0.084522,0.706232,0.947754,0.526752,0.098548,0.983129,0.029541,0.476263,0.455895,0.784750,0.623390,0.083531,0.095732,0.973029,0.027870,0.573153,0.039763,0.361585,0.031777,0.705020,0.452474,0.372308,0.923876,0.926036,0.277529,0.114629],
[0.873538,0.196333,0.681549,0.002598,0.058453,0.766071,0.708830,0.006207,0.292824,0.807377,0.989336,0.322365,0.283641,0.445230,0.107114,0.907030,0.528761,0.202846,0.880059,0.556631,0.775999,0.919822,0.918216,0.807776,0.624842,0.370690,0.180084,0.548717,0.296726,0.457613],
[0.663346,0.170265,0.653946,0.344896,0.172863,0.712399,0.110967,0.881692,0.718606,0.403791,0.689070,0.707942,0.726155,0.972710,0.153172,0.833269,0.879741,0.681933,0.036116,0.759800,0.238564,0.812115,0.679622,0.156780,0.619891,0.304464,0.527470,0.799975,0.853181,0.824197],
[0.257588,0.516528,0.994461,0.911534,0.861423,0.167324,0.623933,0.972390,0.049016,0.342539,0.376181,0.738086,0.050480,0.102336,0.710796,0.203652,0.935605,0.590537,0.885586,0.971721,0.350337,0.124150,0.783836,0.029959,0.280930,0.403726,0.334423,0.808401,0.203701,0.187604],
[0.632597,0.461289,0.704132,0.627058,0.372823,0.565555,0.794382,0.996756,0.537945,0.843399,0.339294,0.914126,0.581485,0.389775,0.016462,0.292281,0.593427,0.952068,0.882818,0.479013,0.923789,0.233155,0.603163,0.707624,0.263114,0.884093,0.111351,0.597538,0.692494,0.315052],
[0.785142,0.325091,0.776340,0.489274,0.952149,0.149163,0.054829,0.746532,0.145919,0.592775,0.589931,0.485213,0.506901,0.171415,0.874988,0.523363,0.463696,0.468415,0.475431,0.346514,0.947428,0.399219,0.579669,0.550591,0.106844,0.842784,0.434685,0.218194,0.440321,0.127179],
[0.533246,0.225464,0.452270,0.309586,0.714738,0.404419,0.458749,0.769567,0.150951,0.604668,0.362342,0.740882,0.089881,0.869243,0.912297,0.964868,0.392606,0.375993,0.433284,0.868037,0.722507,0.380712,0.267256,0.302177,0.931303,0.374099,0.144960,0.365988,0.592294,0.585282],
[0.493167,0.125539,0.810745,0.945437,0.435126,0.525483,0.349856,0.893875,0.295050,0.500807,0.498542,0.657392,0.241689,0.588423,0.526635,0.153986,0.553292,0.919241,0.529979,0.986575,0.787277,0.252487,0.367287,0.054533,0.554663,0.298591,0.428633,0.699623,0.664579,0.020926],
[0.284905,0.157746,0.146466,0.095650,0.103182,0.581591,0.621133,0.453038,0.475466,0.916183,0.953845,0.974009,0.573574,0.195533,0.562432,0.100209,0.349519,0.115723,0.019450,0.879499,0.102298,0.806727,0.131985,0.469586,0.861261,0.686648,0.768176,0.289893,0.386272,0.432755],
[0.310819,0.671177,0.590501,0.457285,0.766827,0.693683,0.038876,0.387960,0.146720,0.514342,0.304142,0.100565,0.488351,0.877717,0.296098,0.050783,0.977926,0.645618,0.166506,0.997376,0.525116,0.268804,0.804103,0.657101,0.738389,0.665364,0.343750,0.506566,0.955257,0.730022],
[0.939321,0.266077,0.401199,0.529821,0.723362,0.168026,0.223504,0.762238,0.555985,0.370224,0.276581,0.860127,0.470789,0.764932,0.737844,0.766888,0.815714,0.715770,0.412506,0.982220,0.713146,0.937622,0.251024,0.517249,0.594723,0.989413,0.182613,0.938473,0.495979,0.137871],
[0.668495,0.435299,0.403948,0.069694,0.965121,0.127310,0.237719,0.188624,0.889548,0.793704,0.558849,0.166129,0.653832,0.029638,0.931061,0.391676,0.796526,0.746775,0.107446,0.209032,0.728995,0.820592,0.146654,0.980019,0.337841,0.741377,0.969432,0.520454,0.679850,0.465411],
[0.658325,0.348345,0.900710,0.062272,0.418039,0.865831,0.189582,0.655759,0.054455,0.079130,0.449463,0.613304,0.245259,0.103295,0.642942,0.176319,0.494971,0.439468,0.923094,0.602417,0.648500,0.652089,0.423008,0.795154,0.632107,0.760849,0.536531,0.601539,0.281303,0.216381],
[0.066950,0.939628,0.564727,0.967660,0.001900,0.982766,0.833491,0.191482,0.638525,0.887947,0.270612,0.087988,0.501251,0.515871,0.191283,0.144193,0.692190,0.686253,0.583661,0.615284,0.288670,0.232161,0.267373,0.711678,0.027315,0.899480,0.472527,0.563846,0.501019,0.753830],
[0.780227,0.567969,0.693458,0.344954,0.535630,0.695358,0.327720,0.369121,0.886841,0.966245,0.257067,0.157453,0.054232,0.758318,0.673324,0.245515,0.902511,0.365514,0.931768,0.486172,0.980798,0.220438,0.718334,0.248171,0.932116,0.745649,0.147651,0.404643,0.309495,0.648670],
[0.158473,0.089722,0.216640,0.851931,0.434676,0.752269,0.547289,0.762396,0.121390,0.434130,0.728641,0.378457,0.591583,0.782873,0.136776,0.264908,0.028388,0.039287,0.630422,0.960156,0.525459,0.611220,0.180594,0.243792,0.859391,0.112710,0.989441,0.007042,0.517353,0.298936],
[0.655712,0.675826,0.388658,0.872352,0.527757,0.823334,0.624621,0.075046,0.585730,0.746011,0.509176,0.314371,0.124469,0.100760,0.097244,0.261244,0.365667,0.125633,0.300531,0.996089,0.085789,0.825990,0.607309,0.266383,0.069782,0.466700,0.379093,0.059223,0.473742,0.896446],
[0.358159,0.129455,0.572271,0.746817,0.001806,0.100028,0.570152,0.626428,0.175074,0.155882,0.372439,0.684250,0.470253,0.496908,0.785010,0.567498,0.758152,0.150677,0.693130,0.058683,0.146766,0.778919,0.884672,0.754075,0.045302,0.954454,0.220775,0.424395,0.013678,0.694518],
[0.320840,0.371837,0.823972,0.893111,0.118654,0.825779,0.993139,0.688806,0.452206,0.168213,0.844688,0.824645,0.852463,0.314941,0.321553,0.637473,0.882439,0.079705,0.788150,0.575569,0.138387,0.934916,0.354488,0.023060,0.688991,0.399789,0.977514,0.909766,0.824184,0.991192],
[0.604284,0.145024,0.363028,0.428256,0.038135,0.481682,0.254035,0.031274,0.170488,0.706241,0.199487,0.015176,0.530886,0.051950,0.330116,0.852439,0.689423,0.212555,0.932143,0.477573,0.788124,0.070531,0.412488,0.142611,0.093590,0.101480,0.542401,0.071104,0.011246,0.366585],
[0.062296,0.615530,0.511609,0.425324,0.043786,0.549744,0.907007,0.297821,0.581019,0.077495,0.004062,0.780506,0.092670,0.534948,0.832456,0.422787,0.387387,0.521879,0.635342,0.319530,0.999452,0.423465,0.390061,0.411940,0.566077,0.483651,0.513420,0.108478,0.554755,0.524666],
[0.475063,0.617051,0.140196,0.986672,0.042375,0.183982,0.536416,0.949382,0.481803,0.117435,0.026877,0.485865,0.897941,0.119547,0.020813,0.730398,0.542333,0.408200,0.252277,0.177675,0.727730,0.251729,0.601140,0.117791,0.663670,0.167217,0.601442,0.177090,0.275694,0.156197],
[0.701756,0.750757,0.773249,0.841952,0.737428,0.815624,0.025934,0.273845,0.765006,0.507737,0.391280,0.791883,0.993603,0.289221,0.911429,0.014416,0.019619,0.453763,0.422616,0.271896,0.631437,0.150346,0.523625,0.232577,0.268137,0.187295,0.399794,0.869579,0.364384,0.675488],
[0.025776,0.066140,0.426245,0.799025,0.908092,0.163674,0.614649,0.934026,0.437518,0.379655,0.441763,0.828798,0.171537,0.435366,0.118019,0.082967,0.449782,0.137638,0.536729,0.872397,0.409534,0.168166,0.022743,0.933159,0.400744,0.290880,0.120453,0.800538,0.160459,0.484838],
[0.476026,0.186236,0.550978,0.902271,0.985261,0.459069,0.065945,0.599909,0.393095,0.503463,0.979564,0.834858,0.332261,0.151101,0.270223,0.450280,0.234068,0.720005,0.587917,0.770797,0.592402,0.997451,0.938964,0.615146,0.930610,0.339707,0.906026,0.051063,0.140245,0.066486],
[0.535901,0.616271,0.252721,0.086878,0.518542,0.237982,0.545947,0.584487,0.837891,0.939042,0.087950,0.817455,0.773900,0.420211,0.968557,0.044123,0.870491,0.202625,0.764128,0.458408,0.973422,0.356530,0.455859,0.912386,0.971676,0.386468,0.252093,0.877703,0.437532,0.392338],
[0.944188,0.973432,0.008609,0.196910,0.060311,0.527151,0.434892,0.606258,0.111638,0.272783,0.545300,0.199588,0.090238,0.319200,0.619799,0.058795,0.363323,0.490290,0.261420,0.127452,0.948698,0.234842,0.483982,0.404556,0.147228,0.455658,0.791025,0.399321,0.333361,0.228556],
[0.791659,0.277549,0.201989,0.800268,0.474459,0.262299,0.327420,0.909350,0.868558,0.439058,0.182133,0.413858,0.638647,0.272371,0.733058,0.258446,0.331166,0.096381,0.748736,0.592586,0.223833,0.697434,0.827428,0.707815,0.101990,0.974656,0.163473,0.893015,0.373977,0.496834]],
[[0.121571,0.165636,0.774383,0.323560,0.965904,0.248842,0.585859,0.293324,0.158193,0.454416,0.732383,0.340326,0.868274,0.371030,0.612697,0.601332,0.629476,0.943864,0.697714,0.378212,0.536450,0.921547,0.075646,0.363878,0.629362,0.177636,0.338534,0.792835,0.070651,0.712511],
[0.289669,0.192222,0.878147,0.064052,0.515781,0.844051,0.312895,0.101640,0.137375,0.471087,0.556056,0.869758,0.811413,0.424331,0.240788,0.424110,0.025663,0.870264,0.367974,0.723377,0.248476,0.904424,0.644924,0.324122,0.268302,0.274285,0.501757,0.606836,0.067120,0.572408],
[0.319346,0.356789,0.764630,0.197493,0.420842,0.280411,0.041544,0.733736,0.382051,0.178919,0.204823,0.938107,0.048678,0.016236,0.362438,0.289465,0.440347,0.388101,0.159729,0.808321,0.111478,0.408205,0.712745,0.756401,0.732327,0.981046,0.030687,0.234084,0.587882,0.097807],
[0.806492,0.907229,0.454596,0.571122,0.104722,0.875437,0.851532,0.146266,0.609174,0.233583,0.325185,0.813997,0.171690,0.373863,0.830233,0.534128,0.663328,0.270580,0.922229,0.823057,0.078901,0.033707,0.231262,0.791646,0.790108,0.963589,0.772692,0.820795,0.197673,0.360574],
[0.918602,0.004165,0.267803,0.373198,0.575286,0.372525,0.248635,0.426819,0.518790,0.857809,0.660402,0.843975,0.671806,0.832092,0.217838,0.502039,0.366221,0.881166,0.772619,0.288450,0.704224,0.851520,0.322157,0.935486,0.643166,0.112266,0.899075,0.415858,0.933061,0.096747],
[0.776432,0.851662,0.100912,0.044235,0.224860,0.676198,0.416759,0.473495,0.103017,0.935549,0.331304,0.763419,0.779525,0.003109,0.595511,0.997363,0.505148,0.961732,0.878529,0.277768,0.250182,0.582753,0.129288,0.572339,0.518238,0.772453,0.684605,0.417313,0.188311,0.617666],
[0.514060,0.964743,0.469328,0.614972,0.008978,0.694188,0.291170,0.425737,0.167683,0.394187,0.361286,0.498987,0.157606,0.140811,0.502096,0.753117,0.138174,0.007244,0.714849,0.016703,0.285012,0.965031,0.599456,0.414299,0.537371,0.117694,0.186753,0.221976,0.535007,0.375064],
[0.839641,0.049068,0.339806,0.308970,0.664040,0.348784,0.003158,0.955210,0.774521,0.170841,0.349398,0.135807,0.669827,0.507004,0.276619,0.171923,0.260121,0.414793,0.179168,0.974971,0.431496,0.464179,0.940002,0.030952,0.878479,0.477373,0.148646,0.065231,0.699348,0.683653],
[0.440295,0.538990,0.732721,0.780102,0.847959,0.396761,0.128886,0.851117,0.351971,0.903407,0.021957,0.701369,0.039214,0.691785,0.208372,0.315833,0.863708,0.468494,0.730625,0.042876,0.443464,0.162121,0.507055,0.383466,0.193073,0.385534,0.860839,0.341719,0.450765,0.560187],
[0.025372,0.891060,0.099177,0.758094,0.671162,0.947136,0.154854,0.800047,0.798253,0.506825,0.703454,0.820210,0.208194,0.742668,0.511995,0.416566,0.058501,0.375703,0.885060,0.789126,0.418579,0.328524,0.951247,0.925633,0.711990,0.144320,0.311167,0.572829,0.486039,0.761932],
[0.133016,0.511411,0.652992,0.232192,0.269505,0.324154,0.179328,0.424359,0.124201,0.977581,0.931185,0.827655,0.797791,0.139379,0.570323,0.309786,0.555945,0.628824,0.685489,0.441005,0.417950,0.104067,0.769529,0.369197,0.029701,0.481518,0.513517,0.340868,0.054347,0.999556],
[0.102800,0.187363,0.510967,0.755792,0.419555,0.780472,0.079945,0.598883,0.204831,0.204147,0.576464,0.136016,0.031802,0.374255,0.275395,0.602125,0.684041,0.831340,0.230950,0.369529,0.272344,0.648900,0.473597,0.041873,0.018097,0.503297,0.523391,0.531614,0.844165,0.577738],
[0.531170,0.946964,0.765101,0.042137,0.702756,0.184656,0.822609,0.782701,0.783539,0.027441,0.986848,0.360003,0.163457,0.018650,0.734258,0.438851,0.620775,0.418298,0.270191,0.851725,0.787828,0.542535,0.500625,0.261424,0.584407,0.518722,0.764722,0.107799,0.050335,0.608887],
[0.685537,0.581505,0.555851,0.450638,0.623642,0.258607,0.635294,0.446252,0.041309,0.418833,0.473692,0.028157,0.778836,0.637149,0.046807,0.513094,0.076000,0.667582,0.931392,0.346191,0.519307,0.719220,0.888725,0.019932,0.980644,0.473133,0.538653,0.745366,0.580931,0.588989],
[0.354253,0.266468,0.170494,0.910104,0.717106,0.794136,0.168711,0.352400,0.240388,0.210019,0.771233,0.714080,0.238176,0.550068,0.351229,0.284983,0.063162,0.427229,0.952565,0.994554,0.773419,0.471872,0.713774,0.662145,0.491803,0.694418,0.135278,0.030456,0.439784,0.716209],
[0.619445,0.794037,0.982677,0.789939,0.704140,0.699783,0.584076,0.872851,0.052183,0.824464,0.082871,0.823415,0.538544,0.321047,0.373484,0.889772,0.606029,0.436646,0.317001,0.558594,0.431200,0.090420,0.030466,0.144974,0.752565,0.522269,0.839392,0.887842,0.552725,0.279176],
[0.604051,0.172171,0.073213,0.586729,0.962110,0.777353,0.286512,0.546185,0.650204,0.338695,0.370649,0.733075,0.162110,0.909192,0.054122,0.535594,0.798965,0.660151,0.972240,0.115966,0.218745,0.403440,0.206386,0.249211,0.548414,0.958951,0.771480,0.387806,0.846793,0.324205],
[0.666982,0.450845,0.496376,0.740194,0.037573,0.458485,0.517547,0.324085,0.004671,0.167752,0.662780,0.375319,0.900826,0.824890,0.284512,0.954948,0.360484,0.083476,0.615099,0.332724,0.199442,0.833845,0.736165,0.405828,0.083055,0.284579,0.364779,0.854535,0.672385,0.211572],
[0.178740,0.339367,0.662417,0.675116,0.079561,0.699991,0.133601,0.597108,0.024076,0.138272,0.764860,0.686856,0.513591,0.665686,0.511746,0.798103,0.620634,0.872230,0.881579,0.235734,0.204955,0.081021,0.069578,0.941119,0.486849,0.152634,0.225698,0.851628,0.007169,0.898082],
[0.063201,0.185909,0.237449,0.725618,0.861025,0.317010,0.425608,0.994627,0.914118,0.449684,0.132899,0.678978,0.136540,0.646490,0.344664,0.648286,0.444593,0.965298,0.520516,0.326172,0.201032,0.725470,0.407193,0.270610,0.666589,0.894042,0.423244,0.892287,0.745670,0.430412],
[0.790370,0.808871,0.616322,0.027818,0.534489,0.477347,0.344828,0.960097,0.471974,0.258946,0.409781,0.604873,0.937924,0.546321,0.251363,0.282588,0.194607,0.695955,0.247887,0.715123,0.022127,0.448919,0.440593,0.429320,0.719529,0.107183,0.323362,0.142773,0.999470,0.069033],
[0.573185,0.789839,0.877904,0.189507,0.817658,0.412393,0.666854,0.162486,0.372490,0.138828,0.421433,0.782271,0.743700,0.359357,0.328592,0.995063,0.641946,0.523199,0.691018,0.889832,0.238322,0.713145,0.338751,0.678915,0.142465,0.058280,0.786098,0.465828,0.201053,0.785567],
[0.534861,0.774238,0.575407,0.412764,0.963745,0.393065,0.825157,0.630598,0.555551,0.197647,0.769426,0.976984,0.979917,0.513126,0.336341,0.308510,0.508189,0.978286,0.831709,0.199207,0.868119,0.070030,0.912352,0.206870,0.748945,0.054817,0.265150,0.535043,0.520645,0.466203],
[0.320610,0.055506,0.240441,0.896017,0.468270,0.204185,0.289082,0.293427,0.834783,0.844633,0.491074,0.604209,0.821616,0.470991,0.117335,0.157957,0.779501,0.625524,0.136243,0.611209,0.824731,0.004362,0.681239,0.737083,0.211232,0.430185,0.791900,0.476382,0.965227,0.312545],
[0.942585,0.285837,0.368051,0.183026,0.181854,0.836321,0.387211,0.470936,0.129748,0.221994,0.315568,0.620821,0.826203,0.137185,0.091812,0.943539,0.295142,0.871313,0.569063,0.431385,0.482522,0.393793,0.435747,0.163761,0.130876,0.646980,0.593946,0.922776,0.123362,0.559173],
[0.235321,0.065947,0.845011,0.603372,0.248973,0.026865,0.439692,0.636184,0.497801,0.569440,0.858178,0.813369,0.190261,0.684381,0.950554,0.282074,0.627920,0.245696,0.153386,0.196983,0.677081,0.635908,0.590776,0.112828,0.799670,0.721652,0.759807,0.393616,0.644428,0.883169],
[0.952789,0.879749,0.949116,0.797800,0.483120,0.198089,0.824665,0.922813,0.834273,0.322466,0.492253,0.692451,0.135835,0.682514,0.376832,0.086389,0.964588,0.004752,0.332084,0.117974,0.201735,0.009165,0.753882,0.792511,0.121993,0.553552,0.514163,0.881800,0.947168,0.158591],
[0.764970,0.899957,0.038339,0.714086,0.697756,0.521459,0.912175,0.522421,0.444272,0.746448,0.844886,0.936525,0.438899,0.980721,0.619039,0.815731,0.067110,0.583626,0.820484,0.399194,0.701600,0.022219,0.408359,0.455482,0.814730,0.530352,0.009034,0.328893,0.412152,0.956202],
[0.487483,0.177121,0.856158,0.525823,0.891207,0.553914,0.047282,0.803383,0.076335,0.491554,0.549831,0.921221,0.428079,0.988730,0.901943,0.047117,0.804461,0.969052,0.630743,0.624945,0.368246,0.332343,0.647164,0.776605,0.787826,0.461894,0.306957,0.796860,0.790786,0.719108],
[0.753062,0.278270,0.896230,0.609220,0.804093,0.787437,0.163135,0.851375,0.590820,0.239470,0.342929,0.140651,0.160691,0.771008,0.129381,0.062634,0.818125,0.933842,0.031686,0.448868,0.558787,0.399932,0.781212,0.205951,0.176538,0.569037,0.667845,0.483494,0.365897,0.458631]],
[[0.202603,0.118959,0.736901,0.098832,0.728179,0.540994,0.886270,0.891314,0.392368,0.477089,0.130784,0.735297,0.617740,0.291475,0.506305,0.747121,0.354109,0.324430,0.680963,0.385795,0.773299,0.239751,0.785728,0.554511,0.445702,0.962265,0.123548,0.113547,0.445759,0.489445],
[0.572178,0.648362,0.608405,0.309079,0.747194,0.336584,0.850073,0.633464,0.227898,0.242441,0.110553,0.358682,0.977739,0.728294,0.650157,0.484044,0.475415,0.004266,0.808474,0.156378,0.390061,0.581773,0.396129,0.175789,0.136283,0.841831,0.138054,0.259831,0.955378,0.583814],
[0.749277,0.527556,0.232176,0.357681,0.836635,0.979370,0.694265,0.686708,0.612834,0.922163,0.929149,0.723387,0.280845,0.906888,0.451681,0.931002,0.390932,0.927095,0.935268,0.199406,0.083473,0.325329,0.781179,0.479602,0.501118,0.917462,0.321432,0.639172,0.177293,0.276810],
[0.222986,0.926570,0.804366,0.455161,0.284252,0.641001,0.434531,0.978517,0.327709,0.047365,0.900680,0.256858,0.770753,0.181525,0.163746,0.222433,0.112527,0.554677,0.149529,0.047795,0.754083,0.233002,0.373124,0.535261,0.712604,0.874242,0.452723,0.034036,0.513414,0.630017],
[0.310846,0.736400,0.556587,0.115212,0.191561,0.840839,0.756212,0.626092,0.819356,0.083921,0.673457,0.720036,0.340778,0.444210,0.901562,0.504524,0.666643,0.014089,0.059201,0.816172,0.061884,0.813284,0.049174,0.435008,0.348545,0.761778,0.309251,0.801269,0.795814,0.822665],
[0.431285,0.106659,0.559065,0.987872,0.221871,0.750626,0.828711,0.978083,0.376718,0.648067,0.062004,0.050176,0.368103,0.402782,0.494385,0.269664,0.907306,0.161029,0.283753,0.966507,0.977201,0.345637,0.779791,0.026375,0.780646,0.128336,0.788152,0.089896,0.929605,0.583966],
[0.912561,0.360890,0.690625,0.471626,0.348762,0.912496,0.222252,0.177473,0.890579,0.598970,0.825539,0.952583,0.649145,0.193642,0.355365,0.143531,0.463306,0.262671,0.304559,0.747060,0.229178,0.281760,0.092697,0.008968,0.308135,0.873343,0.137304,0.096287,0.963239,0.066909],
[0.680252,0.875800,0.427799,0.370878,0.347426,0.776561,0.283374,0.569677,0.954034,0.173953,0.168647,0.779573,0.126535,0.817792,0.973215,0.481900,0.961323,0.436521,0.744571,0.265882,0.183581,0.973748,0.547642,0.276278,0.982717,0.855777,0.149621,0.120021,0.952064,0.112860],
[0.186930,0.632316,0.988659,0.614729,0.003194,0.336085,0.391290,0.286567,0.905762,0.345324,0.460520,0.074409,0.124897,0.587055,0.892201,0.098112,0.068955,0.853524,0.534633,0.813526,0.119407,0.718215,0.787274,0.667049,0.994493,0.769991,0.522826,0.144114,0.890012,0.474889],
[0.256973,0.076942,0.107205,0.245633,0.691671,0.110399,0.581718,0.082962,0.396966,0.487480,0.428286,0.857486,0.561889,0.553183,0.444541,0.454091,0.651295,0.513496,0.307615,0.185928,0.327021,0.427022,0.904143,0.114296,0.094071,0.898636,0.884286,0.616896,0.042749,0.774298],
[0.091786,0.299723,0.851240,0.198991,0.545355,0.542912,0.309390,0.127073,0.625874,0.706356,0.614553,0.054159,0.563842,0.176442,0.607342,0.008383,0.630533,0.258637,0.521878,0.938148,0.444565,0.848900,0.365170,0.348708,0.963195,0.459240,0.247344,0.847482,0.076137,0.290093],
[0.621780,0.167922,0.589815,0.473021,0.366914,0.135171,0.015932,0.676304,0.262244,0.641806,0.382660,0.876796,0.695966,0.946502,0.053239,0.303308,0.954885,0.683772,0.561945,0.476763,0.621920,0.006510,0.325663,0.987089,0.355218,0.288859,0.446330,0.602561,0.136340,0.522466],
[0.892654,0.758121,0.690389,0.482470,0.231141,0.057303,0.617640,0.247074,0.733606,0.879884,0.888880,0.116267,0.756680,0.584845,0.062769,0.809919,0.888153,0.017654,0.493691,0.450098,0.494417,0.115610,0.456608,0.820080,0.102700,0.811825,0.108939,0.549029,0.414387,0.245279],
[0.071496,0.307041,0.003400,0.761885,0.789511,0.234541,0.819187,0.407151,0.481614,0.552794,0.287035,0.370494,0.669060,0.043716,0.955340,0.731829,0.853635,0.843493,0.749483,0.347326,0.293590,0.243900,0.462936,0.750198,0.063980,0.565636,0.562023,0.172919,0.114665,0.976410],
[0.418198,0.186161,0.283452,0.421598,0.948046,0.072963,0.656139,0.767233,0.480114,0.137753,0.320027,0.767149,0.508247,0.989088,0.810865,0.463587,0.720917,0.664500,0.307080,0.470400,0.011826,0.600670,0.714300,0.474762,0.350868,0.778280,0.040398,0.912892,0.951198,0.155063],
[0.889302,0.369396,0.341224,0.172753,0.790994,0.289270,0.245716,0.447133,0.056503,0.725830,0.584886,0.376530,0.492979,0.093134,0.365618,0.303845,0.556721,0.086535,0.968345,0.863800,0.556935,0.980171,0.464470,0.271235,0.454933,0.815338,0.049514,0.495331,0.728230,0.000712],
[0.650393,0.617532,0.370109,0.991617,0.790285,0.161103,0.280887,0.036001,0.608236,0.337390,0.761831,0.193122,0.713920,0.254811,0.286256,0.079538,0.558655,0.842976,0.166073,0.527000,0.706776,0.723008,0.507171,0.171247,0.994243,0.962104,0.986585,0.043757,0.457435,0.714815],
[0.044469,0.107828,0.332347,0.414578,0.099445,0.122632,0.575681,0.380332,0.158634,0.183916,0.717721,0.920465,0.377038,0.431642,0.175276,0.663294,0.511180,0.733931,0.506270,0.677253,0.260932,0.213046,0.400261,0.768103,0.384293,0.394504,0.730208,0.370878,0.438260,0.187643],
[0.085693,0.482730,0.295471,0.418040,0.897307,0.394916,0.540672,0.472988,0.775248,0.699306,0.656904,0.492969,0.619771,0.033943,0.924611,0.795047,0.697237,0.435790,0.528978,0.203506,0.113043,0.789910,0.416553,0.513304,0.558013,0.800845,0.907808,0.288221,0.171723,0.346068],
[0.475863,0.257416,0.828798,0.771334,0.675456,0.726105,0.166250,0.216128,0.199093,0.941497,0.915434,0.855997,0.434466,0.535205,0.889940,0.359077,0.330252,0.587177,0.794867,0.859230,0.790683,0.907910,0.649139,0.207236,0.421215,0.207152,0.008081,0.329022,0.495373,0.179805],
[0.675091,0.971236,0.437221,0.503888,0.742570,0.112677,0.229993,0.908820,0.328805,0.429086,0.850317,0.244239,0.285084,0.284784,0.779444,0.175024,0.643861,0.109696,0.762201,0.438728,0.968926,0.552884,0.346639,0.618065,0.760120,0.767853,0.825218,0.768201,0.096876,0.320591],
[0.948006,0.771966,0.291827,0.385227,0.275854,0.034398,0.497904,0.505848,0.943218,0.826709,0.934934,0.793535,0.070949,0.220018,0.078319,0.850393,0.395042,0.722180,0.960090,0.157242,0.160908,0.929015,0.710126,0.507547,0.547081,0.470246,0.275400,0.372299,0.238448,0.372276],
[0.692890,0.186454,0.144242,0.984717,0.571681,0.420096,0.019115,0.069585,0.925944,0.962333,0.896294,0.860878,0.755868,0.967243,0.080896,0.834187,0.817636,0.475937,0.556367,0.777726,0.633180,0.717275,0.706741,0.343306,0.224822,0.253822,0.813553,0.500223,0.626121,0.052000],
[0.872499,0.319011,0.238454,0.016741,0.303728,0.810134,0.436837,0.322843,0.879719,0.362781,0.285176,0.776013,0.223659,0.041044,0.743256,0.304555,0.875231,0.560892,0.780492,0.431598,0.338618,0.413672,0.148873,0.045359,0.756978,0.373696,0.299181,0.570531,0.873918,0.925302],
[0.622531,0.746417,0.244313,0.860985,0.763158,0.548041,0.671119,0.199995,0.870884,0.550838,0.562776,0.156060,0.326851,0.786435,0.197104,0.070107,0.090990,0.072335,0.630999,0.871483,0.503933,0.969617,0.285155,0.652807,0.014976,0.042133,0.026502,0.314157,0.612664,0.900421],
[0.239459,0.235195,0.646838,0.483772,0.096180,0.409996,0.031813,0.767300,0.609991,0.902697,0.318138,0.172767,0.058758,0.644989,0.959203,0.255862,0.715097,0.050193,0.328198,0.346096,0.921675,0.832131,0.315713,0.206830,0.484938,0.330688,0.248963,0.511440,0.644845,0.861627],
[0.411861,0.884304,0.096822,0.058699,0.368075,0.193002,0.468694,0.399888,0.960302,0.078685,0.302585,0.278440,0.251452,0.361343,0.923429,0.210655,0.617206,0.638526,0.260848,0.945403,0.984621,0.182523,0.777534,0.300334,0.389353,0.262472,0.631022,0.638316,0.773912,0.275867],
[0.499943,0.185772,0.160171,0.596765,0.244471,0.528246,0.789767,0.713165,0.928134,0.750069,0.791851,0.230720,0.028509,0.043303,0.592063,0.951938,0.253958,0.209268,0.590464,0.514806,0.154672,0.575085,0.697329,0.932206,0.875419,0.086683,0.194678,0.506441,0.724999,0.968589],
[0.782308,0.224942,0.154362,0.942479,0.821708,0.398833,0.470724,0.611475,0.111998,0.398859,0.361544,0.903849,0.629578,0.390053,0.947152,0.221641,0.341991,0.201110,0.430910,0.932455,0.715916,0.585581,0.507540,0.413245,0.517787,0.382959,0.499927,0.712465,0.889400,0.224927],
[0.681054,0.671708,0.449869,0.835416,0.614186,0.271577,0.234248,0.084911,0.883052,0.346247,0.483769,0.244596,0.250095,0.113348,0.634649,0.197247,0.334989,0.976641,0.398357,0.765899,0.909096,0.114273,0.351480,0.416635,0.527517,0.869267,0.799594,0.027445,0.581732,0.688994]],
[[0.252371,0.262786,0.360702,0.702240,0.098202,0.974888,0.973817,0.332450,0.059799,0.856869,0.678697,0.543568,0.101465,0.928792,0.656915,0.736114,0.126039,0.991904,0.712755,0.524396,0.757803,0.621850,0.638669,0.109283,0.038486,0.166186,0.978550,0.838080,0.193631,0.560282],
[0.527074,0.446002,0.823068,0.887776,0.148243,0.921270,0.862664,0.122060,0.253720,0.922463,0.978929,0.932416,0.466030,0.080394,0.861208,0.122946,0.816508,0.987248,0.114850,0.529263,0.511644,0.872653,0.151113,0.150313,0.981936,0.189599,0.316499,0.960486,0.027680,0.510130],
[0.520769,0.554754,0.956132,0.343837,0.442530,0.104375,0.265107,0.305194,0.226435,0.518826,0.227657,0.205363,0.451243,0.693687,0.285757,0.312451,0.816633,0.102265,0.299698,0.931483,0.631528,0.811342,0.804136,0.782641,0.961655,0.786072,0.972240,0.278154,0.746558,0.999920],
[0.788284,0.267327,0.554674,0.744416,0.611164,0.997204,0.848791,0.876271,0.302398,0.075226,0.395097,0.530054,0.280589,0.846339,0.223741,0.566346,0.158790,0.040374,0.668611,0.458489,0.971857,0.300138,0.269831,0.775993,0.082779,0.231486,0.562065,0.055020,0.509640,0.308623],
[0.054939,0.297925,0.575950,0.609613,0.042341,0.187114,0.606817,0.891132,0.063385,0.909215,0.966358,0.458482,0.439269,0.246947,0.304821,0.663011,0.813293,0.463611,0.703385,0.481904,0.922100,0.675242,0.782042,0.191931,0.451234,0.864822,0.423417,0.013299,0.919841,0.933058],
[0.321922,0.974781,0.230982,0.897872,0.584394,0.273323,0.084986,0.191211,0.164456,0.148371,0.100426,0.130814,0.606852,0.539696,0.377761,0.911673,0.202706,0.191054,0.375284,0.906091,0.672958,0.297384,0.581332,0.455001,0.489315,0.032567,0.319822,0.912732,0.045866,0.239664],
[0.845790,0.367787,0.214445,0.076772,0.265659,0.798839,0.350095,0.350646,0.990050,0.514551,0.499016,0.090476,0.645365,0.105868,0.630172,0.023126,0.017542,0.832878,0.214180,0.392826,0.738969,0.887138,0.690210,0.320301,0.342139,0.179525,0.352868,0.661961,0.092257,0.398733],
[0.901625,0.938047,0.766521,0.116069,0.014819,0.032180,0.914908,0.364915,0.382826,0.904958,0.879465,0.881842,0.995434,0.524830,0.987711,0.625606,0.547955,0.005252,0.458483,0.762135,0.398078,0.197452,0.649273,0.088288,0.517753,0.991412,0.267813,0.870621,0.653373,0.360071],
[0.269355,0.554997,0.298118,0.035876,0.671067,0.312937,0.068056,0.585975,0.677852,0.450882,0.490933,0.557317,0.332724,0.486367,0.082147,0.320434,0.111972,0.630102,0.325687,0.570455,0.392238,0.723765,0.767908,0.041511,0.812053,0.285661,0.032923,0.079866,0.156282,0.686295],
[0.439937,0.425637,0.241293,0.738055,0.461513,0.912359,0.050992,0.529569,0.498334,0.728844,0.980450,0.989267,0.286160,0.313174,0.475633,0.368307,0.633609,0.587605,0.998410,0.959295,0.158061,0.390647,0.683060,0.925968,0.432158,0.495113,0.211629,0.465080,0.574979,0.367911],
[0.151376,0.014917,0.793548,0.392668,0.752971,0.255061,0.305028,0.803963,0.784630,0.803362,0.532807,0.765080,0.792628,0.818968,0.078254,0.268261,0.187275,0.711863,0.855867,0.185684,0.671158,0.013927,0.576332,0.354218,0.939895,0.008490,0.849331,0.151525,0.473570,0.424310],
[0.519436,0.624946,0.439227,0.312985,0.017614,0.192198,0.568046,0.322641,0.996162,0.352675,0.126003,0.528969,0.117755,0.918631,0.347936,0.196010,0.186893,0.535211,0.907873,0.042759,0.720895,0.579031,0.056686,0.297227,0.933248,0.996582,0.305717,0.782579,0.148107,0.779286],
[0.206889,0.667543,0.404232,0.646116,0.980527,0.421846,0.838314,0.548573,0.744487,0.834475,0.901248,0.870491,0.363444,0.019004,0.789122,0.711380,0.215013,0.976014,0.246591,0.122886,0.018774,0.967487,0.701916,0.075460,0.264714,0.635165,0.072042,0.570430,0.417744,0.220148],
[0.349717,0.624633,0.887691,0.753949,0.270749,0.868218,0.175795,0.109063,0.416791,0.920282,0.943538,0.318039,0.790773,0.306983,0.337043,0.579895,0.018363,0.552056,0.555909,0.264954,0.674942,0.574683,0.232441,0.376858,0.650143,0.497154,0.012023,0.722185,0.067585,0.429767],
[0.942333,0.417301,0.054400,0.830024,0.171250,0.325149,0.698242,0.347045,0.434212,0.115033,0.267327,0.377751,0.433072,0.058100,0.684733,0.770114,0.637994,0.703096,0.322170,0.193903,0.968050,0.997112,0.768586,0.200491,0.373970,0.418729,0.697645,0.385994,0.140913,0.765229],
[0.815761,0.083246,0.182531,0.870161,0.913270,0.353781,0.195311,0.611512,0.700826,0.629523,0.726545,0.968153,0.007274,0.159617,0.026252,0.692007,0.929731,0.664247,0.395103,0.251901,0.858150,0.363153,0.249013,0.626736,0.563643,0.622984,0.045464,0.261288,0.008977,0.186377],
[0.026518,0.824738,0.269624,0.209048,0.694899,0.182894,0.562829,0.890210,0.794406,0.263655,0.519733,0.520951,0.231807,0.527006,0.680568,0.258060,0.219013,0.610299,0.922306,0.614116,0.862200,0.780456,0.977269,0.111214,0.407192,0.540912,0.734197,0.452656,0.802200,0.743175],
[0.639034,0.828718,0.567913,0.908657,0.037766,0.262813,0.091551,0.600595,0.153023,0.885957,0.864250,0.672756,0.406908,0.096057,0.199762,0.087476,0.354117,0.418775,0.697774,0.276423,0.032891,0.559975,0.056879,0.010160,0.671188,0.464071,0.551072,0.405386,0.916727,0.353272],
[0.148560,0.555761,0.181990,0.716474,0.464418,0.219756,0.979286,0.555969,0.820352,0.132309,0.441926,0.684602,0.805065,0.848834,0.780660,0.004827,0.936310,0.134777,0.423602,0.634084,0.411200,0.456493,0.194059,0.468079,0.466653,0.865247,0.932150,0.017725,0.270633,0.848877],
[0.370997,0.419193,0.404638,0.552987,0.135667,0.869057,0.772744,0.114953,0.425026,0.593096,0.247262,0.866953,0.277698,0.052326,0.715787,0.058357,0.057153,0.652097,0.193134,0.480755,0.286181,0.604333,0.937248,0.480240,0.072412,0.403901,0.345487,0.004562,0.421626,0.616120],
[0.853440,0.792623,0.035313,0.258078,0.345610,0.170980,0.127135,0.118354,0.285933,0.552161,0.711449,0.533195,0.419114,0.989147,0.585521,0.134900,0.047504,0.642675,0.786997,0.240638,0.123429,0.073179,0.844972,0.060677,0.553419,0.917384,0.464578,0.898906,0.921947,0.886204],
[0.515027,0.775386,0.678827,0.550340,0.033464,0.024437,0.721320,0.160599,0.142790,0.007253,0.712760,0.854240,0.540448,0.131874,0.843387,0.125970,0.266774,0.890891,0.768644,0.053772,0.131529,0.892074,0.126950,0.976501,0.952751,0.680369,0.893885,0.417329,0.579276,0.815832],
[0.303533,0.094302,0.591218,0.982360,0.644642,0.624682,0.006796,0.365962,0.785282,0.149587,0.373215,0.498042,0.003826,0.913663,0.629916,0.847213,0.039633,0.896690,0.738104,0.808277,0.950462,0.869634,0.700351,0.077412,0.846135,0.653101,0.757781,0.740020,0.070431,0.337057],
[0.555852,0.373964,0.431359,0.147070,0.356323,0.076001,0.771752,0.363120,0.441963,0.557033,0.512707,0.815178,0.055075,0.516533,0.728841,0.684991,0.363746,0.768474,0.581681,0.101850,0.576751,0.532142,0.971484,0.277102,0.609554,0.817619,0.930203,0.367335,0.557639,0.000634],
[0.704392,0.113490,0.374597,0.135750,0.260560,0.730921,0.211751,0.032312,0.094040,0.653714,0.589345,0.606747,0.468892,0.644420,0.123280,0.197733,0.329411,0.487026,0.966207,0.911091,0.588877,0.542959,0.443233,0.560361,0.820060,0.052788,0.377980,0.750263,0.420123,0.935618],
[0.750897,0.124514,0.049109,0.125494,0.260265,0.309668,0.856415,0.472016,0.341980,0.950455,0.125730,0.931325,0.557202,0.594621,0.575745,0.680482,0.792354,0.905156,0.167508,0.758562,0.816247,0.756385,0.301520,0.259481,0.316745,0.121581,0.312268,0.694725,0.871844,0.732391],
[0.630343,0.622741,0.856905,0.679452,0.748235,0.117170,0.989120,0.604650,0.589185,0.331100,0.555105,0.714915,0.262425,0.112307,0.309536,0.838171,0.792789,0.101890,0.743326,0.960297,0.860452,0.559574,0.716682,0.161973,0.819054,0.033427,0.283553,0.131322,0.728152,0.155397],
[0.863713,0.358495,0.778138,0.720618,0.037947,0.526373,0.837787,0.027067,0.131023,0.426973,0.358167,0.686128,0.141887,0.620593,0.798436,0.451423,0.458763,0.591225,0.553314,0.202090,0.551522,0.413766,0.761664,0.268204,0.575739,0.580718,0.301631,0.859292,0.712040,0.029783],
[0.014689,0.575753,0.388278,0.792826,0.296371,0.426225,0.319200,0.134158,0.453292,0.450223,0.561131,0.811459,0.136351,0.703018,0.432052,0.934787,0.154441,0.890816,0.526012,0.707755,0.092906,0.077534,0.121521,0.854569,0.345738,0.697260,0.435287,0.647370,0.556552,0.147327],
[0.677153,0.571240,0.723080,0.065432,0.364067,0.019450,0.491657,0.683266,0.153609,0.944949,0.133489,0.714739,0.756408,0.269840,0.417758,0.188460,0.204627,0.572199,0.079276,0.730639,0.279954,0.172181,0.808173,0.401476,0.026751,0.153912,0.098736,0.462037,0.801282,0.655288]]];

c=[[2,5,6,5,10,10,10,3,8,9,6,1,7,4,8,3,3,9,7,9,7,8,1,6,8,2,1,3,3,2],
[6,7,7,2,1,8,3,10,10,10,10,7,3,6,2,10,10,6,10,6,4,9,6,5,4,3,6,7,7,10],
[8,5,6,6,8,8,3,10,7,5,2,8,1,4,5,3,5,4,10,7,10,4,5,5,8,10,9,3,6,8],
[2,6,4,10,1,1,7,6,2,6,2,5,3,2,10,8,6,5,3,6,1,4,1,7,10,8,6,1,2,4],
[10,5,9,3,4,1,5,1,8,6,8,9,3,10,3,2,9,10,6,4,7,8,7,7,6,7,6,4,7,7],
[7,6,2,7,10,5,9,4,7,9,1,4,7,3,6,1,5,6,3,2,9,9,2,6,8,7,4,3,2,2],
[10,8,9,3,6,8,7,7,3,6,5,3,1,1,6,6,4,2,4,6,5,2,6,6,9,5,5,4,8,6],
[5,9,6,5,1,1,2,9,7,4,4,1,7,5,4,4,2,9,7,7,6,1,9,3,7,9,8,1,5,7],
[8,9,5,3,4,5,4,7,5,2,3,9,5,1,5,10,4,8,10,10,5,5,2,5,7,8,5,4,10,9],
[10,8,10,6,10,5,2,5,1,7,9,3,7,5,5,1,4,8,10,5,9,4,9,1,10,7,10,5,3,2],
[5,4,9,4,10,10,8,1,7,1,9,5,5,5,1,10,7,4,9,7,8,10,2,8,2,4,4,1,10,6],
[4,4,10,2,10,1,4,9,1,10,9,10,6,6,6,6,7,3,1,5,9,10,4,2,9,7,5,2,8,4],
[10,1,10,1,5,9,1,10,7,3,1,8,4,6,3,10,3,9,2,5,5,2,6,1,3,4,7,8,7,6],
[3,8,7,2,8,3,10,8,4,9,1,4,6,4,1,8,5,3,8,6,9,4,7,4,4,2,9,1,1,7],
[6,3,5,4,5,2,8,6,2,1,4,4,4,9,9,4,8,4,8,7,9,8,1,8,3,6,9,1,6,9],
[8,4,3,4,7,9,7,7,5,8,7,10,1,3,1,2,8,10,5,6,7,5,3,9,2,8,4,2,8,2],
[2,7,5,5,2,3,5,9,9,9,6,8,1,9,10,1,10,7,2,6,4,8,10,9,8,4,6,2,7,3],
[5,9,2,9,5,3,1,9,3,2,10,9,9,10,9,10,2,10,6,3,5,10,3,4,10,10,9,5,3,6],
[9,7,6,10,7,10,5,10,10,7,1,9,7,1,10,5,10,1,4,7,6,10,8,8,6,7,9,4,1,4],
[1,10,2,6,1,9,7,7,8,7,4,10,7,2,2,7,9,1,9,2,7,4,2,7,1,9,3,2,2,4],
[5,5,5,6,2,5,4,1,2,3,9,7,4,5,8,5,1,6,7,2,10,6,5,3,2,6,1,4,7,4],
[9,3,8,3,8,10,8,4,2,1,6,10,7,2,4,4,6,7,2,3,8,1,10,2,3,1,9,5,4,7],
[8,3,9,6,5,7,7,4,2,8,4,7,7,10,10,2,6,8,10,7,2,7,7,1,1,1,1,9,5,4],
[8,4,8,8,9,5,6,7,8,7,6,4,4,4,3,5,6,10,2,5,6,3,4,4,3,4,6,3,4,2],
[9,3,6,6,1,6,10,6,3,10,3,10,3,8,4,7,2,1,7,4,5,4,6,10,8,1,5,5,3,9],
[7,1,3,2,9,3,7,8,9,1,9,3,1,1,10,6,8,3,6,4,6,2,7,4,2,6,4,6,1,8],
[6,9,1,9,10,9,1,8,8,1,1,7,5,1,7,4,8,6,9,3,1,4,4,10,9,5,5,4,3,7],
[4,8,5,4,6,6,2,9,6,1,1,6,7,6,8,6,1,5,3,9,7,4,5,2,3,3,7,7,9,9],
[6,2,8,2,7,4,8,10,4,3,10,4,10,9,9,9,4,10,3,6,8,1,1,2,2,3,7,10,2,7],
[10,7,10,8,8,8,3,7,7,6,1,6,1,2,6,2,10,1,3,2,7,2,4,9,6,8,2,4,9,3],
];
