m=30;
n=30;
p=3;
q=3;

alpha=[0.779420,0.881566,0.981085,0.746011,0.679414,0.787076];

proba=[[[0.175515,0.864574,0.627275,0.128168,0.219099,0.430654,0.036515,0.416665,0.989011,0.895655,0.124325,0.134871,0.884819,0.926815,0.604075,0.644620,0.770857,0.402591,0.468693,0.197803,0.911547,0.398257,0.878698,0.756632,0.844659,0.437538,0.519763,0.806829,0.929560,0.878590],
[0.380981,0.105074,0.743164,0.008256,0.233242,0.962264,0.438910,0.269757,0.378929,0.427921,0.165412,0.503254,0.562792,0.050231,0.430069,0.166868,0.694851,0.200925,0.569459,0.163544,0.398729,0.481005,0.561801,0.277426,0.237638,0.406460,0.714964,0.757401,0.213289,0.644524],
[0.635992,0.594270,0.749598,0.379156,0.602526,0.982841,0.341419,0.041436,0.252598,0.720348,0.469358,0.418010,0.223602,0.032150,0.468241,0.653671,0.199017,0.163092,0.854596,0.768476,0.326636,0.253325,0.249482,0.888438,0.530751,0.487119,0.294898,0.245716,0.244520,0.508187],
[0.890240,0.880512,0.102457,0.639838,0.259668,0.704983,0.622679,0.601087,0.746419,0.875276,0.321435,0.215777,0.293286,0.545037,0.247927,0.761527,0.198708,0.446944,0.924620,0.053304,0.215420,0.251256,0.306629,0.464902,0.139694,0.837380,0.952021,0.434592,0.083096,0.196542],
[0.942779,0.973336,0.077054,0.045235,0.613174,0.336722,0.750218,0.235852,0.937809,0.496638,0.111129,0.259244,0.712415,0.404415,0.804281,0.960341,0.165943,0.002989,0.407285,0.090562,0.056293,0.622706,0.341819,0.362922,0.087607,0.481513,0.200302,0.039629,0.916104,0.283398],
[0.236171,0.858883,0.256734,0.313224,0.904118,0.869908,0.649946,0.654337,0.105760,0.587755,0.150974,0.216889,0.846999,0.863389,0.621304,0.651280,0.823730,0.787247,0.654269,0.231015,0.877809,0.710563,0.853721,0.219628,0.073485,0.941328,0.701140,0.273787,0.980957,0.617244],
[0.557186,0.217128,0.476127,0.813920,0.530352,0.380245,0.683828,0.180298,0.034582,0.789588,0.768053,0.185556,0.006478,0.615052,0.048945,0.627782,0.266333,0.872675,0.415029,0.920602,0.103690,0.292838,0.631165,0.957411,0.512466,0.704649,0.898740,0.213606,0.978437,0.879697],
[0.830850,0.535622,0.096824,0.306978,0.349542,0.627177,0.687223,0.033370,0.807475,0.721805,0.822959,0.575528,0.907361,0.829436,0.190581,0.956306,0.457218,0.456913,0.828981,0.872247,0.377515,0.932671,0.165085,0.008680,0.890083,0.677550,0.713329,0.788822,0.891156,0.691766],
[0.668519,0.722007,0.227388,0.765343,0.028984,0.576930,0.392520,0.716207,0.610301,0.199995,0.438012,0.433259,0.775523,0.345373,0.262695,0.966104,0.301679,0.719913,0.423017,0.130659,0.592160,0.800532,0.063331,0.757245,0.809212,0.953413,0.434795,0.522542,0.742235,0.325951],
[0.214308,0.410754,0.047958,0.441696,0.176097,0.076942,0.018627,0.568617,0.793149,0.628927,0.768612,0.231160,0.062186,0.544135,0.576533,0.324882,0.510239,0.878212,0.044795,0.933256,0.008871,0.636955,0.733788,0.072202,0.394200,0.543001,0.025615,0.828995,0.065543,0.767851],
[0.154946,0.279850,0.178605,0.202903,0.721546,0.354702,0.279845,0.740173,0.923320,0.072993,0.369100,0.691932,0.304154,0.431287,0.236067,0.880687,0.756169,0.746305,0.758898,0.800964,0.679561,0.767769,0.437919,0.413350,0.839971,0.832119,0.956350,0.865586,0.661113,0.021893],
[0.633437,0.816059,0.301743,0.812042,0.018962,0.023290,0.166744,0.298807,0.763463,0.090063,0.371800,0.132563,0.781995,0.675954,0.563850,0.018062,0.556641,0.320018,0.764367,0.315539,0.120982,0.443928,0.083309,0.558901,0.857278,0.923280,0.391019,0.813628,0.788866,0.052132],
[0.835521,0.422303,0.868191,0.137264,0.234344,0.887153,0.160554,0.401088,0.185959,0.924017,0.491151,0.557759,0.056580,0.273146,0.233713,0.620430,0.291208,0.790354,0.940448,0.055575,0.105893,0.061430,0.499503,0.189202,0.620331,0.356781,0.112481,0.011350,0.170409,0.901347],
[0.063483,0.005931,0.323650,0.931674,0.143195,0.557994,0.818826,0.303749,0.959081,0.004786,0.227766,0.450233,0.562545,0.284346,0.723379,0.796258,0.904776,0.014587,0.586612,0.845225,0.070162,0.692505,0.906655,0.569665,0.881706,0.526986,0.926446,0.994187,0.538337,0.096856],
[0.895534,0.601820,0.102786,0.219184,0.533493,0.245981,0.777178,0.352320,0.549731,0.736259,0.357105,0.777497,0.186492,0.919650,0.061843,0.909871,0.715908,0.966620,0.924457,0.302519,0.811844,0.994619,0.995024,0.718500,0.564284,0.876730,0.245486,0.490730,0.870917,0.783823],
[0.587586,0.766452,0.385642,0.690372,0.985636,0.919136,0.936353,0.762813,0.271455,0.486084,0.499073,0.628560,0.263580,0.685564,0.548210,0.325424,0.595435,0.264118,0.292043,0.519892,0.566637,0.103888,0.514511,0.561661,0.822387,0.078795,0.438391,0.067874,0.569524,0.309308],
[0.851696,0.157110,0.075760,0.237339,0.847482,0.061396,0.156474,0.783835,0.824209,0.427929,0.269918,0.323282,0.056490,0.533499,0.008846,0.604700,0.858923,0.604281,0.868817,0.150966,0.124173,0.435454,0.254854,0.638683,0.997114,0.077241,0.717478,0.435505,0.145115,0.287002],
[0.744813,0.996811,0.444112,0.820573,0.234150,0.291594,0.881969,0.390624,0.075429,0.706178,0.818553,0.345347,0.029460,0.875043,0.878846,0.038306,0.479743,0.737769,0.642586,0.348560,0.888735,0.766759,0.784014,0.143588,0.405442,0.781128,0.220829,0.122920,0.216633,0.365944],
[0.409923,0.961446,0.362755,0.854035,0.782019,0.596905,0.145629,0.663988,0.987529,0.221058,0.370166,0.806082,0.566406,0.399626,0.681125,0.445252,0.437932,0.160868,0.183021,0.080518,0.509428,0.071755,0.847277,0.293441,0.215344,0.252719,0.074569,0.436173,0.375640,0.291203],
[0.802117,0.785563,0.252649,0.164872,0.639598,0.034668,0.761776,0.785227,0.698656,0.749305,0.006286,0.068823,0.555387,0.572691,0.468448,0.236512,0.017943,0.906380,0.397380,0.200964,0.986898,0.906808,0.272719,0.834175,0.200249,0.488063,0.086894,0.274818,0.924236,0.462534],
[0.566021,0.726353,0.248097,0.818670,0.891224,0.887694,0.853338,0.653001,0.672922,0.551994,0.402306,0.679207,0.620817,0.957693,0.251898,0.089265,0.194205,0.269842,0.995645,0.591585,0.470805,0.982543,0.498392,0.743525,0.816718,0.698641,0.231587,0.903612,0.973460,0.155823],
[0.366146,0.539480,0.882176,0.614242,0.358150,0.773400,0.501937,0.211488,0.426401,0.174859,0.763482,0.828707,0.854066,0.384299,0.786399,0.105964,0.473565,0.980604,0.375806,0.469210,0.572189,0.846611,0.451753,0.070582,0.590136,0.268471,0.769223,0.821723,0.172082,0.742682],
[0.977547,0.538228,0.282163,0.859723,0.152471,0.640313,0.633123,0.654407,0.851801,0.059524,0.829266,0.615283,0.888231,0.683332,0.999583,0.674630,0.789296,0.473147,0.655234,0.165102,0.942357,0.227423,0.011713,0.394110,0.298005,0.601849,0.662581,0.067228,0.423573,0.834663],
[0.809911,0.401119,0.372891,0.092073,0.260842,0.525362,0.732386,0.893965,0.179769,0.584187,0.953488,0.009035,0.199471,0.841719,0.692367,0.199053,0.516349,0.481664,0.672201,0.171583,0.646766,0.614558,0.399007,0.658479,0.008668,0.697012,0.260328,0.671248,0.764240,0.683901],
[0.505911,0.574151,0.085020,0.878802,0.666224,0.345862,0.404164,0.398610,0.239826,0.583934,0.982797,0.193315,0.592969,0.182268,0.035034,0.285336,0.381321,0.551383,0.767000,0.053522,0.722966,0.413766,0.668080,0.121973,0.072245,0.676747,0.818985,0.332574,0.347995,0.583225],
[0.016475,0.853907,0.157376,0.101495,0.732709,0.823599,0.447357,0.136873,0.222209,0.687183,0.720807,0.205007,0.880498,0.313776,0.387275,0.915532,0.599112,0.768596,0.466914,0.366112,0.822118,0.189881,0.779878,0.490197,0.311854,0.852124,0.166945,0.130839,0.184697,0.514940],
[0.714064,0.201172,0.368847,0.871439,0.302667,0.101556,0.695039,0.750024,0.238429,0.917248,0.437207,0.959235,0.122255,0.317704,0.273011,0.509530,0.233236,0.872123,0.278126,0.700150,0.238236,0.100244,0.890031,0.018114,0.590441,0.201885,0.870238,0.757386,0.332724,0.054935],
[0.272326,0.046788,0.256107,0.641172,0.918227,0.558774,0.742728,0.613266,0.308798,0.981157,0.530514,0.746004,0.940392,0.652769,0.063709,0.213404,0.162299,0.296945,0.085527,0.440425,0.997095,0.323763,0.540669,0.887126,0.341877,0.131110,0.089011,0.212115,0.888496,0.421734],
[0.267050,0.160821,0.468522,0.523157,0.801994,0.386749,0.081932,0.544722,0.000015,0.390730,0.525879,0.530529,0.136734,0.466271,0.183298,0.200443,0.679675,0.345597,0.497388,0.765201,0.786022,0.494482,0.088964,0.326690,0.381608,0.430841,0.457800,0.470619,0.642956,0.346296],
[0.892353,0.910006,0.507117,0.360875,0.433163,0.309111,0.747624,0.515095,0.853833,0.747639,0.905825,0.379712,0.278168,0.042559,0.845983,0.461466,0.243002,0.525657,0.807063,0.740390,0.290859,0.593084,0.234873,0.379823,0.919775,0.616481,0.810664,0.377575,0.087100,0.453620]],
[[0.723870,0.979453,0.363626,0.230987,0.340329,0.796789,0.540098,0.087953,0.311884,0.393931,0.835592,0.217710,0.773643,0.113760,0.260269,0.619625,0.575226,0.503271,0.145282,0.382289,0.243661,0.436141,0.975374,0.478534,0.815963,0.895148,0.095015,0.626627,0.272723,0.182115],
[0.080247,0.996593,0.161568,0.443873,0.227581,0.501896,0.240662,0.767679,0.589849,0.552546,0.161610,0.425442,0.770256,0.935253,0.539202,0.030525,0.554878,0.114428,0.533796,0.700160,0.496717,0.777458,0.136300,0.472091,0.255992,0.952264,0.367239,0.351007,0.578891,0.639962],
[0.533121,0.659138,0.636556,0.694689,0.103011,0.864136,0.196585,0.343673,0.631815,0.786434,0.896220,0.793425,0.211876,0.666476,0.728678,0.751078,0.697001,0.283555,0.865506,0.230797,0.983715,0.362224,0.008255,0.120016,0.834315,0.264247,0.072279,0.201554,0.615253,0.651171],
[0.841516,0.148375,0.310309,0.478072,0.843063,0.413321,0.342208,0.039648,0.756994,0.974023,0.826083,0.653214,0.767449,0.037959,0.319690,0.496126,0.789036,0.016691,0.779682,0.654543,0.247488,0.763397,0.016766,0.255743,0.883413,0.851081,0.519990,0.955692,0.052635,0.135243],
[0.606863,0.894151,0.283618,0.917172,0.372222,0.126681,0.330493,0.714430,0.166330,0.087487,0.688454,0.992413,0.740701,0.455902,0.030371,0.060391,0.952029,0.819408,0.077081,0.731710,0.473950,0.324569,0.495107,0.490717,0.580312,0.378520,0.341797,0.100302,0.334212,0.394432],
[0.235546,0.941075,0.288583,0.519164,0.858247,0.660805,0.645845,0.188739,0.375235,0.812175,0.276226,0.063689,0.804588,0.016927,0.519591,0.834959,0.077317,0.471619,0.654367,0.154399,0.203330,0.128317,0.478968,0.698437,0.619033,0.059281,0.076957,0.960831,0.159583,0.411169],
[0.355263,0.395129,0.352244,0.643845,0.914293,0.210490,0.304650,0.560138,0.399230,0.679885,0.372314,0.675456,0.743574,0.176902,0.692382,0.263165,0.011861,0.769700,0.734784,0.666227,0.924099,0.938114,0.794544,0.403067,0.636551,0.413578,0.462347,0.713508,0.374409,0.621931],
[0.124677,0.729671,0.017060,0.476921,0.373517,0.931353,0.687411,0.678167,0.491491,0.086641,0.358052,0.863805,0.762097,0.101627,0.040707,0.454479,0.364791,0.052567,0.224179,0.099576,0.718795,0.148278,0.037690,0.513339,0.551344,0.674241,0.926917,0.013692,0.387750,0.301326],
[0.635623,0.512427,0.030997,0.652682,0.989348,0.404514,0.584035,0.676759,0.082681,0.075526,0.763400,0.440733,0.939331,0.525497,0.542360,0.980038,0.979976,0.907152,0.032605,0.204155,0.006727,0.751400,0.352433,0.044417,0.264739,0.903778,0.718659,0.191656,0.917470,0.106409],
[0.492982,0.553092,0.618836,0.523979,0.205774,0.608184,0.928493,0.789809,0.284943,0.011174,0.865335,0.048344,0.451908,0.804667,0.573841,0.994268,0.784704,0.553817,0.901419,0.817310,0.757973,0.908147,0.568710,0.110406,0.952564,0.833450,0.014183,0.671223,0.025106,0.931653],
[0.777631,0.518088,0.484745,0.396467,0.042067,0.690519,0.004651,0.970560,0.480329,0.289595,0.981734,0.345664,0.337938,0.433642,0.150331,0.911779,0.427910,0.935035,0.465596,0.329329,0.752345,0.223569,0.237475,0.321055,0.333975,0.190039,0.154505,0.348158,0.861262,0.179611],
[0.279811,0.638893,0.697699,0.764555,0.035361,0.739766,0.455075,0.040012,0.710327,0.935403,0.329606,0.692061,0.281067,0.667545,0.125703,0.431398,0.579324,0.553613,0.366433,0.044920,0.882942,0.118778,0.268489,0.120417,0.439833,0.602463,0.310456,0.594338,0.950621,0.171718],
[0.773948,0.230432,0.810612,0.471647,0.994987,0.845972,0.211413,0.450062,0.885984,0.921740,0.385465,0.215591,0.613801,0.666533,0.883135,0.739504,0.097930,0.462459,0.293117,0.464363,0.507379,0.176058,0.583141,0.775868,0.296475,0.022974,0.378332,0.606931,0.617312,0.328953],
[0.778649,0.391261,0.559385,0.589261,0.862908,0.554372,0.435233,0.074321,0.004434,0.321217,0.996061,0.389899,0.536808,0.609862,0.056431,0.419943,0.349366,0.154362,0.882402,0.642483,0.618725,0.389781,0.818541,0.201867,0.165649,0.115016,0.224841,0.543981,0.721948,0.842153],
[0.872934,0.500597,0.233414,0.432318,0.089858,0.096322,0.986690,0.525091,0.170643,0.991124,0.846309,0.166705,0.381023,0.383117,0.776567,0.437454,0.803060,0.125934,0.591816,0.685462,0.768417,0.210541,0.075243,0.586958,0.412408,0.240893,0.701974,0.637250,0.784874,0.423922],
[0.479403,0.657807,0.924519,0.712817,0.090126,0.014377,0.809139,0.076816,0.539468,0.979783,0.067939,0.385776,0.146488,0.448962,0.768893,0.923055,0.886416,0.571953,0.048989,0.478232,0.257415,0.817405,0.688774,0.332658,0.404363,0.101182,0.573551,0.106338,0.738432,0.358424],
[0.530260,0.217835,0.016232,0.454778,0.930652,0.106357,0.469155,0.739791,0.183173,0.008623,0.719574,0.251112,0.394399,0.866061,0.700074,0.163292,0.789116,0.586490,0.735244,0.838105,0.064723,0.992659,0.655510,0.753496,0.325317,0.059873,0.854678,0.898868,0.166211,0.593110],
[0.257292,0.696470,0.810944,0.273524,0.151249,0.741596,0.379881,0.620404,0.481387,0.563054,0.629027,0.200961,0.814166,0.023425,0.067022,0.514240,0.186717,0.856139,0.100730,0.921962,0.694243,0.165453,0.914621,0.349753,0.918949,0.239938,0.409627,0.773627,0.138805,0.575838],
[0.366737,0.396098,0.272308,0.177682,0.669621,0.423557,0.919278,0.049502,0.043961,0.400665,0.612556,0.672987,0.601626,0.426721,0.696413,0.668648,0.940961,0.883130,0.524787,0.041691,0.805092,0.219030,0.207143,0.719712,0.568784,0.126092,0.959650,0.978411,0.899719,0.098455],
[0.554248,0.266457,0.494553,0.826556,0.444138,0.164174,0.250113,0.363416,0.213676,0.294074,0.764081,0.826232,0.967061,0.365707,0.252953,0.663474,0.034356,0.193914,0.546604,0.559143,0.235605,0.351695,0.778173,0.442748,0.071407,0.346957,0.568840,0.031057,0.325368,0.468559],
[0.129512,0.879616,0.735016,0.624065,0.706172,0.179154,0.788239,0.956286,0.542570,0.001915,0.250359,0.306652,0.828147,0.217421,0.672359,0.081100,0.880894,0.706714,0.275013,0.427498,0.265857,0.510618,0.779193,0.044030,0.953366,0.850601,0.390987,0.522206,0.881658,0.716355],
[0.990765,0.011170,0.595971,0.725782,0.635235,0.302143,0.904936,0.423474,0.258429,0.447506,0.425389,0.508788,0.754158,0.253536,0.726209,0.426517,0.334635,0.607103,0.133231,0.609649,0.034601,0.399088,0.120267,0.813795,0.443119,0.073633,0.664396,0.834106,0.595838,0.546054],
[0.550461,0.586604,0.557224,0.146432,0.312385,0.192459,0.448575,0.217321,0.615933,0.707004,0.664828,0.041322,0.215793,0.418985,0.294857,0.942002,0.845502,0.629493,0.549105,0.978733,0.239141,0.583706,0.377822,0.359408,0.397501,0.820940,0.433040,0.061897,0.655046,0.028879],
[0.607950,0.205507,0.615483,0.165174,0.351939,0.927868,0.357633,0.800514,0.145189,0.973566,0.507519,0.810017,0.014888,0.723311,0.229002,0.309745,0.665313,0.074504,0.939238,0.214418,0.053238,0.178379,0.798124,0.431059,0.537787,0.195625,0.252000,0.970827,0.257522,0.907045],
[0.999706,0.865472,0.112552,0.615189,0.030646,0.464491,0.543057,0.388279,0.265005,0.688246,0.361845,0.772524,0.498263,0.376732,0.495835,0.727265,0.686478,0.161148,0.801770,0.625716,0.375566,0.855008,0.804095,0.173690,0.286067,0.341882,0.369315,0.538067,0.312709,0.626837],
[0.445112,0.312416,0.492309,0.557664,0.927605,0.522955,0.022155,0.470662,0.911233,0.287161,0.158908,0.273078,0.059684,0.657172,0.649810,0.555520,0.384437,0.336288,0.716668,0.186207,0.962004,0.092233,0.041214,0.766098,0.265923,0.327281,0.107980,0.635239,0.865348,0.420690],
[0.262076,0.310460,0.733105,0.754384,0.868124,0.660710,0.277339,0.890280,0.131372,0.188573,0.177440,0.290280,0.461651,0.237125,0.947452,0.111461,0.792644,0.331889,0.447749,0.509312,0.518096,0.409753,0.601545,0.559310,0.175851,0.867469,0.886592,0.283832,0.502707,0.751940],
[0.704521,0.764783,0.062400,0.437627,0.519167,0.930524,0.098337,0.796506,0.820804,0.229709,0.985079,0.998244,0.519989,0.446729,0.235369,0.467441,0.558190,0.028013,0.799330,0.005939,0.537324,0.317426,0.415692,0.138870,0.876737,0.591543,0.006338,0.763328,0.875375,0.509045],
[0.515268,0.579896,0.273828,0.577668,0.017523,0.792995,0.508192,0.115860,0.589502,0.328996,0.345569,0.574581,0.327239,0.865558,0.021310,0.562608,0.332999,0.579500,0.590621,0.132330,0.585440,0.127945,0.449756,0.001132,0.266815,0.326493,0.592676,0.273153,0.089821,0.468050],
[0.782198,0.605089,0.047947,0.056027,0.182757,0.065469,0.849022,0.690949,0.181329,0.438523,0.019944,0.526898,0.013104,0.347184,0.392456,0.034414,0.909792,0.725455,0.613914,0.500412,0.857785,0.199354,0.628358,0.307541,0.200486,0.895172,0.634033,0.793162,0.168325,0.723854]],
[[0.261212,0.950524,0.328943,0.309159,0.006550,0.511700,0.374628,0.855572,0.202649,0.555957,0.294096,0.222593,0.082855,0.307200,0.569777,0.475310,0.341614,0.479568,0.200765,0.955528,0.979981,0.058550,0.154882,0.608338,0.366091,0.355369,0.503511,0.000124,0.148531,0.671836],
[0.723978,0.409743,0.622360,0.052920,0.718902,0.628910,0.564620,0.093530,0.484482,0.767269,0.649488,0.778578,0.989862,0.732343,0.085777,0.559639,0.207653,0.427391,0.039207,0.408418,0.382919,0.019188,0.466968,0.537801,0.627526,0.833059,0.893170,0.131036,0.833182,0.041700],
[0.802872,0.557160,0.451444,0.425232,0.610080,0.170346,0.054142,0.174701,0.263876,0.538624,0.941970,0.913364,0.317202,0.931831,0.645707,0.402979,0.491470,0.853360,0.830369,0.530677,0.261778,0.213288,0.549864,0.728746,0.751089,0.177390,0.561805,0.644258,0.308427,0.394988],
[0.685959,0.111299,0.952148,0.137402,0.536531,0.562228,0.307748,0.590673,0.736929,0.571624,0.129297,0.678898,0.484988,0.446499,0.610730,0.130695,0.849477,0.102200,0.984054,0.679847,0.632876,0.245833,0.893135,0.182741,0.974579,0.644224,0.360131,0.536384,0.288482,0.668558],
[0.931372,0.974441,0.779857,0.883520,0.111843,0.316388,0.445748,0.419591,0.907062,0.182676,0.991215,0.036359,0.861575,0.476203,0.482858,0.472304,0.606898,0.332335,0.574504,0.590952,0.012182,0.207381,0.836785,0.905317,0.390121,0.811364,0.549540,0.750253,0.347748,0.838022],
[0.418811,0.279120,0.812463,0.198668,0.162639,0.924306,0.515056,0.608387,0.343897,0.422118,0.791063,0.335112,0.458476,0.652638,0.811315,0.941334,0.124943,0.418213,0.273669,0.699447,0.009166,0.285851,0.906827,0.845950,0.191168,0.296949,0.657314,0.740708,0.047201,0.005062],
[0.578730,0.466012,0.284182,0.391193,0.664679,0.446822,0.315499,0.179735,0.055209,0.659396,0.601853,0.846272,0.994508,0.060329,0.498910,0.805824,0.001664,0.623853,0.224037,0.275333,0.323299,0.233203,0.561184,0.230127,0.079153,0.752352,0.527075,0.736467,0.493060,0.574276],
[0.741530,0.071790,0.040288,0.025712,0.462983,0.704967,0.472533,0.778482,0.884703,0.527742,0.437878,0.486556,0.374014,0.432386,0.546885,0.872924,0.238209,0.548549,0.496777,0.462246,0.823881,0.820076,0.695449,0.385065,0.050203,0.774602,0.137417,0.577278,0.511069,0.630476],
[0.151554,0.252599,0.702266,0.191842,0.278310,0.165248,0.896809,0.750844,0.943730,0.781512,0.278586,0.381608,0.268067,0.652600,0.813993,0.814952,0.525524,0.052203,0.363501,0.022301,0.514449,0.187382,0.842377,0.209898,0.572447,0.892580,0.984500,0.709864,0.469858,0.495569],
[0.340340,0.621413,0.748168,0.042606,0.813255,0.026478,0.207855,0.710064,0.777322,0.151585,0.491576,0.055908,0.533192,0.759644,0.708507,0.347186,0.574596,0.234031,0.399388,0.938097,0.256332,0.913838,0.125480,0.098709,0.123736,0.697927,0.991290,0.108236,0.407791,0.461148],
[0.603805,0.748131,0.082561,0.351973,0.790738,0.895816,0.378451,0.998592,0.605881,0.155773,0.150177,0.097457,0.211680,0.683369,0.857101,0.920188,0.030555,0.431697,0.154219,0.429944,0.369794,0.410551,0.343781,0.495274,0.509260,0.467517,0.193201,0.500550,0.575753,0.600992],
[0.961698,0.179558,0.349123,0.044260,0.531530,0.139861,0.940076,0.909981,0.138453,0.545956,0.065754,0.288630,0.643413,0.277434,0.972000,0.500514,0.197622,0.002555,0.932211,0.351841,0.432499,0.302005,0.762392,0.776280,0.797279,0.271652,0.243797,0.990480,0.772202,0.819550],
[0.591472,0.733901,0.999107,0.940595,0.778160,0.530638,0.080456,0.718236,0.440619,0.218909,0.264192,0.506373,0.507539,0.907605,0.783808,0.479539,0.408119,0.981430,0.482094,0.340330,0.333271,0.914593,0.642336,0.095662,0.690873,0.439615,0.367314,0.934669,0.430095,0.139516],
[0.754219,0.021567,0.873417,0.753326,0.962162,0.651577,0.283964,0.042617,0.369813,0.724583,0.261526,0.634005,0.230957,0.769066,0.541611,0.014764,0.248605,0.949730,0.996194,0.730699,0.290061,0.329465,0.645292,0.932396,0.425127,0.336164,0.372011,0.792441,0.270834,0.802106],
[0.931958,0.025052,0.823673,0.805374,0.778379,0.785834,0.456952,0.062343,0.828452,0.826764,0.786926,0.089978,0.460770,0.017883,0.859044,0.002380,0.032647,0.107648,0.952110,0.028841,0.838347,0.242171,0.358306,0.483639,0.174567,0.783433,0.819803,0.546579,0.575874,0.090637],
[0.348685,0.507832,0.115689,0.172358,0.313206,0.894068,0.958192,0.770158,0.956411,0.786644,0.596922,0.743337,0.876622,0.057692,0.761220,0.735666,0.060072,0.793867,0.843314,0.012182,0.822708,0.681662,0.254353,0.181014,0.165301,0.428920,0.964447,0.985104,0.975499,0.540321],
[0.075741,0.324184,0.048153,0.191431,0.496542,0.361359,0.085499,0.454734,0.131516,0.041910,0.241378,0.728438,0.785248,0.118001,0.786130,0.546468,0.853667,0.846202,0.340335,0.696981,0.858384,0.163043,0.378643,0.112737,0.344058,0.543944,0.541657,0.308505,0.529048,0.517156],
[0.848826,0.604789,0.841340,0.896978,0.796220,0.337882,0.258337,0.881719,0.792616,0.389854,0.923629,0.033994,0.118292,0.708877,0.151995,0.904422,0.255344,0.005661,0.750624,0.595679,0.702642,0.609008,0.758723,0.081285,0.721744,0.102780,0.625229,0.263401,0.411285,0.154277],
[0.780557,0.260111,0.759066,0.621897,0.157089,0.555286,0.959778,0.415426,0.437005,0.752394,0.805280,0.360634,0.786388,0.923572,0.069511,0.938383,0.827994,0.324855,0.944045,0.578618,0.920535,0.646687,0.187626,0.679257,0.727972,0.909370,0.782038,0.353201,0.172772,0.193323],
[0.507478,0.953329,0.453433,0.266544,0.575226,0.610522,0.821830,0.535004,0.025949,0.258835,0.287398,0.831228,0.619470,0.073786,0.754801,0.688981,0.012170,0.582795,0.013836,0.956214,0.161413,0.934371,0.602901,0.349039,0.613628,0.330874,0.258409,0.395666,0.684075,0.431181],
[0.588989,0.191552,0.384510,0.042422,0.458096,0.959735,0.652944,0.279926,0.494739,0.678893,0.538761,0.782137,0.510121,0.158231,0.855923,0.264922,0.847212,0.868093,0.847716,0.861048,0.824307,0.009129,0.795419,0.427209,0.358168,0.409047,0.758082,0.616577,0.804713,0.442157],
[0.047758,0.393702,0.633709,0.432268,0.436124,0.091805,0.392003,0.089068,0.371731,0.886742,0.767960,0.910492,0.668879,0.278081,0.068723,0.524802,0.543003,0.915935,0.392895,0.390719,0.776983,0.217202,0.399849,0.572402,0.644410,0.758017,0.981449,0.402493,0.374594,0.786163],
[0.844649,0.422353,0.179865,0.478358,0.854621,0.615989,0.570163,0.246624,0.705057,0.941894,0.133366,0.473017,0.852386,0.802244,0.751099,0.921110,0.327046,0.294102,0.837045,0.719941,0.684821,0.614028,0.937143,0.084670,0.186430,0.581553,0.842686,0.167879,0.984046,0.217281],
[0.954042,0.828695,0.639633,0.133907,0.307053,0.494254,0.749896,0.877217,0.740878,0.454953,0.819111,0.874243,0.927970,0.671497,0.676487,0.679068,0.592607,0.003534,0.973170,0.429652,0.723475,0.657991,0.043680,0.660618,0.742660,0.230110,0.242171,0.585347,0.397989,0.226217],
[0.802628,0.352031,0.054912,0.442261,0.485938,0.361966,0.936515,0.235834,0.239182,0.677393,0.690787,0.058293,0.551636,0.618757,0.729790,0.228123,0.297825,0.322397,0.231657,0.270995,0.752049,0.955132,0.928986,0.795729,0.615750,0.671646,0.025839,0.857921,0.256993,0.423827],
[0.084139,0.059620,0.775858,0.139051,0.501881,0.261796,0.501017,0.438396,0.497630,0.740199,0.115789,0.188417,0.798492,0.667425,0.807174,0.528283,0.895548,0.104999,0.850680,0.127205,0.375993,0.602730,0.082337,0.304979,0.398458,0.698087,0.976625,0.424297,0.556008,0.233617],
[0.848124,0.640147,0.293237,0.623983,0.779198,0.795119,0.885779,0.280215,0.233515,0.383409,0.020414,0.349304,0.571827,0.818907,0.016728,0.379000,0.347189,0.912276,0.483999,0.197870,0.039481,0.859993,0.800599,0.121818,0.164971,0.199058,0.819905,0.141596,0.623355,0.375913],
[0.375213,0.471479,0.016060,0.668451,0.095462,0.795258,0.463569,0.981241,0.075473,0.697084,0.364650,0.095887,0.046388,0.936477,0.914794,0.063116,0.315477,0.261983,0.975392,0.799476,0.459853,0.014873,0.659469,0.260452,0.136691,0.824440,0.459510,0.956596,0.966036,0.082864],
[0.332509,0.341250,0.554343,0.348569,0.009701,0.649805,0.143828,0.473270,0.631045,0.219301,0.170354,0.995695,0.315188,0.216742,0.932172,0.229982,0.279859,0.247649,0.491966,0.255251,0.047125,0.951819,0.270125,0.706594,0.212270,0.406816,0.531034,0.671780,0.363412,0.497070],
[0.754644,0.695921,0.838320,0.308987,0.044490,0.848021,0.958792,0.188318,0.321291,0.589837,0.407618,0.491645,0.585532,0.722807,0.708388,0.517704,0.952789,0.988247,0.765353,0.444755,0.243498,0.812478,0.396573,0.513623,0.519072,0.608844,0.920438,0.050106,0.280624,0.283850]],
[[0.547176,0.035268,0.979771,0.385497,0.344255,0.024261,0.233517,0.303046,0.212578,0.554808,0.892883,0.620197,0.046454,0.478415,0.343004,0.754842,0.996118,0.295793,0.743088,0.761471,0.740547,0.986586,0.573949,0.137121,0.500209,0.093021,0.745965,0.420647,0.143127,0.026588],
[0.704497,0.690303,0.061856,0.684268,0.075799,0.406111,0.708529,0.309317,0.709157,0.921107,0.864125,0.602040,0.541304,0.910579,0.080455,0.884308,0.665421,0.076573,0.180101,0.408509,0.838045,0.920648,0.395096,0.411994,0.057769,0.895305,0.505014,0.803733,0.315952,0.648141],
[0.830322,0.020449,0.338444,0.892178,0.704718,0.414243,0.298288,0.413247,0.723560,0.007445,0.334354,0.587686,0.609486,0.875658,0.498265,0.689941,0.759966,0.163686,0.766514,0.940067,0.572195,0.604559,0.860715,0.967290,0.016552,0.918484,0.862595,0.521566,0.722217,0.178547],
[0.169707,0.552539,0.198996,0.508151,0.444716,0.903714,0.922394,0.743004,0.316961,0.645954,0.750450,0.651315,0.233640,0.359935,0.526973,0.731905,0.049876,0.286939,0.895590,0.816390,0.227006,0.467785,0.420948,0.087721,0.435076,0.437500,0.006205,0.297671,0.959067,0.728422],
[0.476217,0.128774,0.280960,0.675214,0.636925,0.725676,0.578927,0.559319,0.468680,0.895888,0.205274,0.219130,0.547203,0.438914,0.579065,0.074176,0.170818,0.628941,0.361115,0.066408,0.445331,0.588122,0.534194,0.866279,0.675843,0.969269,0.303780,0.682047,0.266940,0.262847],
[0.410469,0.743157,0.391621,0.691429,0.418371,0.028546,0.417105,0.997298,0.587865,0.885786,0.893186,0.793139,0.104916,0.440389,0.232052,0.683981,0.514565,0.402871,0.312923,0.875680,0.469279,0.758254,0.463802,0.003473,0.624533,0.139644,0.972742,0.928313,0.821691,0.239681],
[0.191160,0.232160,0.982838,0.582781,0.923589,0.401209,0.611326,0.340694,0.398507,0.199192,0.226480,0.291693,0.992330,0.331396,0.732082,0.224383,0.015377,0.246647,0.627253,0.328300,0.122327,0.096532,0.086553,0.586129,0.100005,0.711086,0.725773,0.072746,0.639399,0.547464],
[0.312428,0.830559,0.779625,0.295266,0.413340,0.703214,0.696474,0.024666,0.043908,0.094981,0.223858,0.270388,0.386674,0.216188,0.601784,0.118755,0.440571,0.617161,0.365402,0.067825,0.945461,0.487728,0.164357,0.032014,0.073857,0.264362,0.743101,0.799630,0.337108,0.382500],
[0.347094,0.649536,0.213059,0.126719,0.944801,0.626399,0.829933,0.641276,0.651066,0.873841,0.736256,0.874924,0.144229,0.122930,0.091112,0.746013,0.241685,0.531683,0.363175,0.607087,0.599508,0.308636,0.094815,0.763865,0.340650,0.168672,0.028226,0.083750,0.968302,0.365335],
[0.466251,0.315396,0.014870,0.679310,0.442115,0.959672,0.305709,0.272047,0.600948,0.956775,0.145888,0.337204,0.831698,0.290117,0.460134,0.922810,0.036131,0.701819,0.454493,0.399305,0.308906,0.054001,0.707941,0.403721,0.817865,0.048591,0.572393,0.846091,0.132341,0.540695],
[0.211426,0.598592,0.856091,0.226297,0.277902,0.298206,0.185969,0.583611,0.570254,0.786916,0.540385,0.716142,0.124120,0.372083,0.006259,0.584254,0.294893,0.042390,0.286073,0.749386,0.441696,0.594979,0.803387,0.149637,0.998700,0.621252,0.198227,0.571093,0.467343,0.330569],
[0.111788,0.678770,0.929160,0.967880,0.905066,0.207062,0.266086,0.091035,0.790672,0.836340,0.877951,0.331058,0.552482,0.002071,0.703141,0.558741,0.586325,0.998034,0.601131,0.872398,0.747420,0.042827,0.467376,0.550807,0.192464,0.466076,0.172059,0.390691,0.037169,0.639403],
[0.721260,0.148957,0.318172,0.650420,0.116837,0.223238,0.857482,0.382923,0.314273,0.648154,0.219263,0.192224,0.979212,0.771745,0.194294,0.682353,0.330486,0.780619,0.680387,0.931617,0.653016,0.427807,0.974445,0.120393,0.978615,0.166908,0.586469,0.150674,0.557600,0.623638],
[0.790077,0.278859,0.772595,0.108249,0.929280,0.889433,0.331487,0.786762,0.272356,0.645760,0.434916,0.491619,0.837984,0.414128,0.263364,0.032278,0.096480,0.593850,0.812897,0.776867,0.525467,0.465913,0.204675,0.499912,0.586306,0.183289,0.666820,0.172775,0.333963,0.224420],
[0.796413,0.124040,0.503279,0.569008,0.232288,0.432559,0.458441,0.563776,0.219320,0.730797,0.209536,0.654236,0.222416,0.047520,0.068364,0.485780,0.079798,0.164844,0.079630,0.892695,0.941712,0.605097,0.358608,0.146386,0.105009,0.944914,0.329675,0.771829,0.117689,0.663638],
[0.996249,0.914102,0.787678,0.499528,0.483110,0.019966,0.932087,0.941551,0.583742,0.151408,0.672347,0.793278,0.805644,0.894763,0.840797,0.874008,0.380543,0.920595,0.038852,0.460172,0.813290,0.980564,0.065269,0.171898,0.126950,0.170278,0.116812,0.456625,0.942107,0.234502],
[0.120263,0.938356,0.148604,0.907941,0.437885,0.631714,0.927907,0.369972,0.573265,0.511649,0.521379,0.245612,0.304927,0.327023,0.140375,0.145725,0.201031,0.520918,0.066320,0.239883,0.981091,0.879610,0.220447,0.046360,0.051508,0.347397,0.216638,0.168320,0.804022,0.158746],
[0.402822,0.924285,0.097102,0.551426,0.832226,0.534986,0.183140,0.760134,0.904958,0.756404,0.271783,0.426338,0.002017,0.576710,0.753361,0.142392,0.722435,0.954392,0.663310,0.788755,0.194276,0.644401,0.668365,0.414723,0.690761,0.719872,0.762120,0.907399,0.888192,0.566141],
[0.066145,0.291014,0.490427,0.163247,0.842439,0.322653,0.698233,0.025579,0.082786,0.603192,0.781983,0.354570,0.029529,0.784000,0.931280,0.782890,0.926392,0.653715,0.737282,0.589703,0.442470,0.931558,0.234104,0.110835,0.346281,0.924865,0.830707,0.108400,0.832264,0.718899],
[0.674542,0.898409,0.009913,0.164968,0.061656,0.852352,0.487621,0.759889,0.877931,0.570408,0.363081,0.659915,0.924977,0.392610,0.443915,0.856257,0.175500,0.370307,0.509972,0.912783,0.960010,0.952442,0.844341,0.194113,0.063277,0.190622,0.118978,0.893983,0.299022,0.951242],
[0.612882,0.973564,0.849651,0.622795,0.138532,0.911307,0.475147,0.626153,0.671197,0.353079,0.196561,0.034277,0.012993,0.121538,0.426887,0.456908,0.977795,0.602388,0.827215,0.487767,0.515170,0.787224,0.440209,0.359511,0.981337,0.503485,0.550133,0.100315,0.397469,0.849154],
[0.051558,0.010351,0.822718,0.901209,0.633146,0.961250,0.812516,0.108294,0.587403,0.483713,0.461372,0.783964,0.517991,0.474366,0.905502,0.944878,0.931274,0.883297,0.547265,0.758488,0.371063,0.062436,0.545712,0.811272,0.421947,0.527050,0.314758,0.972079,0.627365,0.712227],
[0.821234,0.678923,0.722578,0.643952,0.580132,0.355724,0.605202,0.392649,0.464018,0.192605,0.876362,0.925391,0.976569,0.394352,0.399756,0.882071,0.339230,0.331030,0.765367,0.886496,0.089518,0.136431,0.948931,0.635230,0.947703,0.370878,0.162280,0.262461,0.342958,0.789646],
[0.974687,0.164192,0.468569,0.697265,0.808144,0.048701,0.052989,0.413346,0.441350,0.517007,0.605951,0.317711,0.442398,0.582520,0.712064,0.842154,0.464591,0.051294,0.173184,0.229958,0.937790,0.262702,0.366389,0.886721,0.897932,0.314092,0.257599,0.060213,0.576553,0.600557],
[0.849858,0.551240,0.764749,0.318427,0.248505,0.572893,0.367128,0.301494,0.986238,0.808478,0.818501,0.592189,0.126189,0.260899,0.174710,0.838253,0.103054,0.639301,0.889547,0.276238,0.869259,0.827337,0.538939,0.235648,0.714058,0.436872,0.549740,0.971657,0.497085,0.126293],
[0.572214,0.346943,0.677533,0.336963,0.665370,0.926037,0.909856,0.032498,0.227532,0.896094,0.840976,0.046033,0.488284,0.967166,0.306932,0.662993,0.805419,0.409986,0.302294,0.694966,0.686224,0.171553,0.522303,0.225163,0.407201,0.236360,0.662035,0.956941,0.208018,0.159119],
[0.083233,0.780232,0.506063,0.760766,0.117195,0.171433,0.686803,0.027051,0.203931,0.914335,0.923146,0.044907,0.960368,0.411430,0.012073,0.267300,0.074423,0.817492,0.677286,0.376717,0.512458,0.363510,0.548270,0.034761,0.588673,0.955471,0.271121,0.250708,0.912412,0.479139],
[0.409827,0.995645,0.259371,0.915890,0.756411,0.376566,0.087322,0.443215,0.403618,0.291254,0.357550,0.326764,0.336161,0.317917,0.738193,0.348234,0.585218,0.812617,0.165726,0.262504,0.189334,0.678184,0.626014,0.737604,0.712945,0.214687,0.693075,0.984066,0.465394,0.605487],
[0.463205,0.875222,0.601132,0.722575,0.791111,0.357544,0.099141,0.878434,0.800758,0.502759,0.169687,0.158308,0.829522,0.505848,0.476225,0.567716,0.854083,0.061443,0.380333,0.019809,0.323947,0.569667,0.697993,0.949961,0.307271,0.410938,0.164647,0.000346,0.395004,0.630041],
[0.605833,0.858209,0.505263,0.206965,0.580784,0.296374,0.564509,0.679926,0.174808,0.365267,0.182685,0.344495,0.523575,0.012207,0.850344,0.999800,0.579923,0.704427,0.061243,0.960256,0.724236,0.385190,0.529922,0.422229,0.335150,0.837193,0.833168,0.499798,0.837539,0.228172]],
[[0.129839,0.443372,0.086381,0.635102,0.650337,0.667166,0.931476,0.214846,0.347092,0.106284,0.580114,0.529777,0.450780,0.103689,0.541984,0.301124,0.103489,0.121907,0.005551,0.164732,0.082163,0.729787,0.549922,0.612086,0.152016,0.885072,0.449279,0.985184,0.384870,0.286817],
[0.213356,0.514709,0.730189,0.299737,0.149811,0.380527,0.966903,0.081287,0.595373,0.313995,0.187571,0.175487,0.843771,0.638351,0.279175,0.385756,0.939475,0.382664,0.507663,0.945026,0.547396,0.589826,0.674812,0.097318,0.201912,0.826828,0.982390,0.651190,0.812012,0.367260],
[0.938008,0.025368,0.881968,0.668197,0.325105,0.031779,0.048724,0.292008,0.113066,0.644097,0.606003,0.300638,0.819583,0.449774,0.938989,0.098759,0.835530,0.878464,0.481423,0.343193,0.823490,0.028819,0.933019,0.498303,0.126137,0.134931,0.325131,0.108527,0.786121,0.137143],
[0.475786,0.724128,0.162511,0.357755,0.392325,0.487616,0.389534,0.441049,0.779624,0.502600,0.085146,0.385627,0.803237,0.904729,0.835401,0.742226,0.003488,0.670931,0.620691,0.484910,0.014124,0.444181,0.513729,0.947142,0.942483,0.639866,0.082073,0.267614,0.748392,0.868194],
[0.404757,0.224179,0.592322,0.567268,0.581933,0.984647,0.054883,0.971467,0.425697,0.834507,0.474067,0.510842,0.220134,0.277304,0.415572,0.055534,0.019531,0.419059,0.726465,0.640221,0.903970,0.740589,0.084402,0.417699,0.687731,0.026885,0.057564,0.769804,0.294499,0.805957],
[0.637998,0.699257,0.030135,0.230320,0.266524,0.612068,0.214967,0.321408,0.583536,0.640664,0.155915,0.057603,0.151506,0.376048,0.334907,0.567078,0.431583,0.354438,0.986137,0.158048,0.994659,0.890107,0.898637,0.079061,0.307806,0.586368,0.105946,0.365370,0.356172,0.400446],
[0.171327,0.994170,0.099702,0.201462,0.224490,0.366226,0.813530,0.439457,0.687634,0.397066,0.080121,0.843549,0.454669,0.231627,0.219597,0.789576,0.798705,0.651180,0.144013,0.784842,0.809228,0.138672,0.674949,0.707864,0.217733,0.982755,0.294232,0.323679,0.348125,0.650404],
[0.724125,0.519451,0.644574,0.823827,0.720913,0.869064,0.190053,0.534443,0.308521,0.877687,0.931509,0.388641,0.721236,0.386178,0.620268,0.940832,0.175753,0.418973,0.592012,0.319767,0.203814,0.401240,0.458439,0.878763,0.109104,0.676172,0.861518,0.403337,0.999851,0.209642],
[0.053741,0.723976,0.729094,0.698316,0.547803,0.450007,0.567379,0.737856,0.984450,0.875900,0.615543,0.915959,0.264541,0.336778,0.302137,0.884809,0.277611,0.477890,0.303782,0.869623,0.797657,0.507596,0.270863,0.256096,0.386359,0.379967,0.932268,0.247877,0.783304,0.932119],
[0.457520,0.837045,0.656095,0.186613,0.535361,0.203897,0.636620,0.102740,0.941753,0.621070,0.978640,0.557296,0.537029,0.243182,0.894074,0.839166,0.127991,0.171684,0.317056,0.431773,0.041307,0.114713,0.939369,0.312170,0.370808,0.325728,0.692137,0.303076,0.573605,0.475441],
[0.235195,0.031125,0.312486,0.891290,0.217738,0.847847,0.095187,0.854358,0.950587,0.036940,0.475427,0.929227,0.594236,0.012456,0.172408,0.488309,0.851622,0.300399,0.659994,0.168678,0.732172,0.701301,0.283390,0.671541,0.013470,0.654198,0.997269,0.705607,0.957274,0.570874],
[0.181048,0.192469,0.601998,0.493533,0.083759,0.819736,0.341380,0.178946,0.674094,0.291967,0.215886,0.149521,0.221193,0.810122,0.161977,0.393602,0.298431,0.013599,0.694001,0.958425,0.182277,0.426173,0.659726,0.465667,0.097713,0.673196,0.119865,0.094982,0.378803,0.077140],
[0.665856,0.559850,0.269609,0.267854,0.053384,0.353368,0.087591,0.394764,0.532314,0.761684,0.686730,0.748200,0.911206,0.907923,0.558322,0.073183,0.301525,0.856753,0.086782,0.995526,0.815179,0.269059,0.421699,0.474904,0.734726,0.519413,0.148100,0.854591,0.614395,0.526903],
[0.931731,0.280251,0.086753,0.201340,0.548105,0.140137,0.554708,0.635695,0.534901,0.087022,0.397380,0.221631,0.835223,0.308586,0.129554,0.393545,0.381769,0.431080,0.250298,0.468551,0.426606,0.065477,0.737610,0.848305,0.540381,0.472336,0.367718,0.688481,0.326927,0.982113],
[0.215384,0.258658,0.262363,0.302137,0.459999,0.810468,0.442274,0.014707,0.446164,0.977175,0.101729,0.843543,0.198806,0.936952,0.152129,0.328360,0.330497,0.533898,0.759440,0.580795,0.002449,0.186046,0.646272,0.740059,0.034351,0.186653,0.212394,0.402070,0.875134,0.539321],
[0.384182,0.090518,0.797980,0.646546,0.392655,0.257978,0.457014,0.834930,0.272685,0.903178,0.812105,0.374415,0.746721,0.010911,0.311367,0.898850,0.339271,0.641864,0.432748,0.098711,0.222659,0.435197,0.284757,0.868931,0.175255,0.319109,0.055583,0.387649,0.721178,0.930717],
[0.926971,0.105361,0.021235,0.724951,0.751907,0.413890,0.982929,0.208921,0.248820,0.255614,0.112099,0.060925,0.630029,0.858820,0.071836,0.941396,0.757670,0.411107,0.583260,0.190418,0.509818,0.805918,0.625615,0.794575,0.674849,0.800870,0.113684,0.730433,0.188519,0.834862],
[0.661150,0.115490,0.940223,0.682385,0.840441,0.692130,0.096275,0.823369,0.901051,0.345095,0.078983,0.013149,0.406019,0.709012,0.871969,0.477855,0.650408,0.629639,0.888962,0.233668,0.820057,0.398780,0.039586,0.445672,0.193355,0.714435,0.246541,0.307039,0.444868,0.435060],
[0.141902,0.106018,0.550550,0.082125,0.788402,0.390991,0.774255,0.884677,0.214360,0.675306,0.229772,0.293344,0.688455,0.635792,0.002356,0.560424,0.113647,0.652764,0.190063,0.002609,0.886432,0.010120,0.401388,0.926018,0.455792,0.594744,0.640453,0.702333,0.901783,0.085321],
[0.137394,0.043684,0.191338,0.687944,0.125809,0.979741,0.078935,0.900064,0.864418,0.293295,0.575370,0.094191,0.586639,0.263825,0.729982,0.588995,0.824249,0.843629,0.241760,0.014313,0.846238,0.128191,0.024433,0.247626,0.054209,0.480225,0.842370,0.694662,0.182559,0.744152],
[0.779983,0.319952,0.787837,0.971321,0.007896,0.913646,0.951062,0.086831,0.813710,0.815480,0.380126,0.389080,0.909671,0.966765,0.652905,0.639653,0.555761,0.477154,0.483283,0.797520,0.491467,0.329520,0.925712,0.515900,0.577147,0.979921,0.996126,0.419516,0.674583,0.178684],
[0.163669,0.454566,0.498636,0.951505,0.425887,0.506533,0.865151,0.376950,0.593364,0.678861,0.192430,0.973490,0.067941,0.102101,0.940255,0.720846,0.741755,0.496016,0.198000,0.225037,0.293536,0.689467,0.554558,0.219248,0.205367,0.131704,0.199169,0.201493,0.551220,0.873752],
[0.380177,0.714889,0.328318,0.878813,0.666394,0.754206,0.385346,0.531545,0.131155,0.978709,0.210406,0.323585,0.952199,0.278347,0.425686,0.892455,0.999192,0.167441,0.388471,0.197192,0.392478,0.682007,0.886659,0.947035,0.901255,0.092026,0.078739,0.100424,0.293519,0.629960],
[0.974176,0.673696,0.344849,0.302495,0.552509,0.011243,0.056700,0.937855,0.542788,0.187855,0.916564,0.753194,0.511440,0.868764,0.031541,0.937126,0.761219,0.030733,0.104567,0.149690,0.227925,0.497045,0.831697,0.114584,0.444080,0.732952,0.206610,0.522819,0.833377,0.500129],
[0.152779,0.807553,0.173824,0.497628,0.110048,0.726334,0.508870,0.166748,0.664188,0.051658,0.354603,0.580753,0.804852,0.866043,0.449517,0.836392,0.803169,0.210735,0.867125,0.907736,0.360425,0.095050,0.404780,0.192122,0.209634,0.848860,0.925074,0.416244,0.371680,0.758451],
[0.916373,0.524459,0.566004,0.090198,0.022086,0.676052,0.816531,0.530956,0.842799,0.480720,0.582614,0.197402,0.061472,0.387466,0.063445,0.510989,0.223858,0.866614,0.721724,0.090984,0.774350,0.082149,0.186034,0.179130,0.274271,0.395669,0.027991,0.199345,0.811913,0.399670],
[0.957796,0.728286,0.924129,0.523800,0.818484,0.946215,0.199852,0.635015,0.477172,0.042651,0.115735,0.059786,0.240054,0.177207,0.447252,0.303498,0.688196,0.671110,0.170112,0.409921,0.762094,0.944462,0.492070,0.948128,0.123592,0.766341,0.343797,0.151583,0.965686,0.155710],
[0.551253,0.923483,0.883996,0.475382,0.447283,0.702480,0.421597,0.647135,0.337495,0.898769,0.689787,0.453229,0.958555,0.929840,0.630436,0.405807,0.233339,0.318632,0.076917,0.403451,0.728553,0.839011,0.347913,0.220623,0.787139,0.471505,0.986964,0.130936,0.623088,0.952650],
[0.286645,0.174341,0.876133,0.170642,0.649723,0.323416,0.873121,0.071320,0.970551,0.210616,0.970089,0.660338,0.663845,0.928644,0.590178,0.294282,0.334450,0.823517,0.612914,0.411367,0.226968,0.341467,0.250378,0.574881,0.562090,0.037517,0.046385,0.549054,0.168452,0.669473],
[0.501704,0.455098,0.843814,0.377837,0.625739,0.493537,0.701253,0.498861,0.564857,0.671804,0.709477,0.534946,0.332142,0.373322,0.463590,0.922320,0.667604,0.798040,0.745837,0.280518,0.209407,0.972805,0.621985,0.459785,0.547685,0.184075,0.497302,0.594071,0.733129,0.665755]],
[[0.263544,0.234832,0.120853,0.107358,0.612669,0.746592,0.600894,0.313922,0.245453,0.165751,0.985725,0.954930,0.700697,0.317867,0.328252,0.164287,0.240187,0.995856,0.962327,0.986024,0.276374,0.171734,0.958829,0.898360,0.631520,0.506514,0.082435,0.128822,0.100585,0.815563],
[0.794577,0.364129,0.050396,0.915429,0.471486,0.663065,0.662021,0.072381,0.976986,0.907474,0.238132,0.962712,0.862404,0.938829,0.280579,0.190656,0.103116,0.520766,0.186512,0.065443,0.506791,0.462887,0.237177,0.465620,0.361246,0.868697,0.972134,0.443681,0.997519,0.072719],
[0.259244,0.792096,0.436848,0.309640,0.707526,0.908334,0.972705,0.369547,0.980715,0.949691,0.277021,0.218847,0.912403,0.139426,0.157676,0.192982,0.330082,0.260792,0.713748,0.516594,0.326235,0.220539,0.979481,0.563413,0.686159,0.340728,0.432110,0.658293,0.784409,0.429630],
[0.731011,0.043653,0.221726,0.167859,0.353293,0.929251,0.076193,0.325998,0.298798,0.056908,0.275689,0.575820,0.275756,0.188092,0.715245,0.433432,0.381074,0.045327,0.694224,0.094822,0.561922,0.020460,0.315361,0.541403,0.583873,0.001520,0.882130,0.015983,0.659812,0.666539],
[0.445613,0.390824,0.710192,0.667339,0.558683,0.063485,0.596590,0.634876,0.389483,0.895388,0.691785,0.665172,0.471208,0.967540,0.853264,0.186454,0.400972,0.234338,0.231781,0.095197,0.329160,0.793702,0.115657,0.644521,0.335105,0.699529,0.646040,0.217235,0.715513,0.305852],
[0.883774,0.161125,0.696676,0.593966,0.828464,0.255359,0.657451,0.425054,0.890235,0.046934,0.320443,0.582019,0.712106,0.791651,0.549560,0.565370,0.978104,0.950532,0.799708,0.209885,0.045729,0.128868,0.003588,0.161385,0.773388,0.338693,0.860915,0.419428,0.555928,0.576427],
[0.725281,0.439702,0.737553,0.421957,0.033669,0.566017,0.677315,0.691120,0.991071,0.567550,0.738054,0.311513,0.149569,0.450161,0.103164,0.699129,0.015531,0.081268,0.649661,0.815239,0.291154,0.695389,0.944107,0.294741,0.856774,0.717495,0.633434,0.717689,0.136924,0.189362],
[0.294116,0.862204,0.629065,0.031669,0.284161,0.662733,0.597685,0.961476,0.353853,0.588756,0.529026,0.091907,0.900270,0.678595,0.542068,0.003434,0.377724,0.557599,0.084702,0.027385,0.372838,0.375856,0.722775,0.316945,0.670597,0.579549,0.034440,0.304031,0.297238,0.171364],
[0.493393,0.591354,0.033568,0.122458,0.623023,0.317729,0.785191,0.220708,0.279205,0.139044,0.809465,0.808231,0.230952,0.709734,0.486827,0.773020,0.713168,0.864551,0.330619,0.797871,0.891936,0.703457,0.173726,0.614711,0.020403,0.844324,0.194260,0.054843,0.148355,0.491498],
[0.226207,0.641748,0.082852,0.259775,0.764206,0.705875,0.577504,0.549397,0.926583,0.856709,0.688441,0.736048,0.664940,0.919393,0.445782,0.151767,0.692412,0.158950,0.016318,0.023031,0.956821,0.908254,0.726489,0.130547,0.522965,0.746891,0.974871,0.717225,0.801734,0.123225],
[0.208723,0.027941,0.764973,0.291575,0.287716,0.529179,0.997449,0.865220,0.078576,0.924032,0.721929,0.767017,0.660080,0.386869,0.686409,0.105862,0.538636,0.378822,0.264812,0.554954,0.401853,0.221633,0.463208,0.128342,0.352180,0.986173,0.875233,0.327051,0.703398,0.676968],
[0.450276,0.912121,0.704909,0.215250,0.203696,0.992625,0.744429,0.201145,0.857845,0.823005,0.125177,0.579774,0.590021,0.785257,0.966643,0.276431,0.891119,0.505279,0.655253,0.155931,0.060233,0.057106,0.377564,0.523441,0.185448,0.729744,0.509615,0.060681,0.056794,0.213013],
[0.737649,0.507071,0.125133,0.442558,0.722320,0.328829,0.435183,0.466749,0.529974,0.293028,0.289753,0.655151,0.872802,0.879775,0.440408,0.839445,0.156206,0.331527,0.344724,0.811458,0.487458,0.404958,0.868564,0.865022,0.928399,0.054011,0.594766,0.438014,0.114693,0.651560],
[0.651026,0.852341,0.158631,0.776160,0.294899,0.880951,0.104989,0.730082,0.347700,0.634962,0.023110,0.637453,0.290114,0.895911,0.517228,0.730522,0.735356,0.673434,0.062049,0.080080,0.484892,0.549507,0.485038,0.353456,0.414530,0.413437,0.407467,0.009296,0.851451,0.522160],
[0.660856,0.502477,0.374501,0.819487,0.278636,0.669400,0.700438,0.383625,0.399482,0.048138,0.018588,0.422592,0.685591,0.308701,0.318503,0.202818,0.039223,0.053859,0.876252,0.101272,0.133940,0.361144,0.650779,0.618978,0.714599,0.065309,0.032415,0.122066,0.074604,0.883866],
[0.644226,0.735460,0.386343,0.018727,0.554947,0.664979,0.688127,0.255385,0.048604,0.087609,0.303523,0.067192,0.510201,0.989113,0.375893,0.828704,0.191932,0.415116,0.882564,0.068184,0.516388,0.016503,0.429327,0.167167,0.635481,0.143927,0.232476,0.667896,0.265993,0.307080],
[0.551762,0.910219,0.042541,0.938105,0.928945,0.597488,0.603084,0.617073,0.852873,0.651688,0.704682,0.156396,0.718880,0.214883,0.145509,0.094773,0.043587,0.337441,0.509888,0.926151,0.405625,0.026276,0.942654,0.834952,0.193443,0.578135,0.978879,0.425919,0.246031,0.244871],
[0.732999,0.797793,0.155090,0.775540,0.735898,0.084035,0.373028,0.338982,0.701108,0.225901,0.990670,0.405790,0.382297,0.709550,0.620673,0.527806,0.804322,0.664260,0.865247,0.314210,0.590411,0.270872,0.340486,0.533065,0.105824,0.533929,0.111200,0.084702,0.959848,0.357232],
[0.329573,0.692847,0.155025,0.484663,0.468387,0.890923,0.568699,0.841416,0.229905,0.269807,0.067317,0.220575,0.675596,0.449614,0.930124,0.296269,0.977421,0.734446,0.960529,0.842668,0.048657,0.550940,0.113539,0.389143,0.084005,0.219363,0.923072,0.195205,0.304065,0.882919],
[0.552437,0.633639,0.575766,0.707462,0.118302,0.044154,0.598385,0.687001,0.885569,0.828290,0.956807,0.952886,0.048865,0.632404,0.402500,0.978989,0.928673,0.379921,0.713435,0.889202,0.222589,0.762092,0.440142,0.336128,0.151234,0.524147,0.555491,0.074306,0.719352,0.859556],
[0.957225,0.271789,0.493195,0.532992,0.979251,0.611497,0.577146,0.577636,0.298497,0.462715,0.405926,0.255305,0.415601,0.454791,0.887709,0.818102,0.433780,0.816382,0.198023,0.147216,0.705584,0.420612,0.909307,0.145726,0.756740,0.060542,0.669873,0.312231,0.134848,0.389226],
[0.171787,0.092073,0.661015,0.664982,0.625065,0.640266,0.276478,0.202211,0.217903,0.574976,0.664926,0.623829,0.830281,0.080527,0.078620,0.717989,0.898628,0.512401,0.534371,0.096651,0.659616,0.239955,0.517263,0.568924,0.385681,0.274002,0.629466,0.055554,0.586233,0.764314],
[0.444779,0.758020,0.856387,0.105794,0.423002,0.481452,0.746060,0.699480,0.683663,0.963963,0.274456,0.348589,0.587792,0.104737,0.429116,0.666413,0.822727,0.327744,0.178813,0.357098,0.424395,0.838430,0.597052,0.941658,0.407354,0.982733,0.215660,0.036819,0.038287,0.801894],
[0.801133,0.483066,0.559914,0.657520,0.588860,0.982916,0.138972,0.334921,0.682396,0.822635,0.298884,0.956853,0.171224,0.886676,0.061590,0.600339,0.553089,0.884317,0.928083,0.731902,0.241414,0.352479,0.570332,0.838467,0.294137,0.977685,0.821200,0.509797,0.014504,0.859487],
[0.311691,0.815637,0.342553,0.871604,0.473158,0.931413,0.854520,0.612130,0.266333,0.536917,0.434765,0.565217,0.493769,0.605989,0.451893,0.555359,0.206328,0.004982,0.439676,0.134411,0.736883,0.681090,0.486890,0.307215,0.519557,0.781027,0.284900,0.340757,0.290824,0.299405],
[0.200244,0.602514,0.115042,0.542797,0.474118,0.588200,0.474210,0.328639,0.200329,0.740543,0.865555,0.635094,0.305760,0.359325,0.241083,0.757653,0.914684,0.447411,0.762635,0.354360,0.581823,0.499518,0.035450,0.068713,0.806733,0.555008,0.849739,0.091633,0.895765,0.140563],
[0.391038,0.096009,0.743077,0.506080,0.638806,0.217195,0.094280,0.113016,0.545834,0.294609,0.853559,0.411389,0.929703,0.159319,0.770714,0.170786,0.916972,0.685398,0.618198,0.679607,0.039758,0.200020,0.179125,0.075208,0.268733,0.985858,0.630216,0.118472,0.077492,0.525981],
[0.259035,0.468530,0.621990,0.002112,0.974610,0.260796,0.219307,0.068890,0.373812,0.765141,0.363499,0.227371,0.176531,0.293202,0.386690,0.947245,0.463989,0.303662,0.632643,0.082186,0.983269,0.672401,0.282206,0.162394,0.747609,0.550939,0.148252,0.377824,0.669411,0.225744],
[0.903805,0.928446,0.694273,0.525795,0.930558,0.668883,0.786591,0.149866,0.737773,0.160403,0.915007,0.101271,0.387774,0.091538,0.394473,0.774463,0.038783,0.858462,0.078126,0.671425,0.940648,0.061395,0.343826,0.222854,0.223789,0.091435,0.773794,0.372041,0.469259,0.443205],
[0.597785,0.373064,0.371651,0.292058,0.898860,0.302210,0.960941,0.685451,0.452075,0.698714,0.845854,0.367082,0.799985,0.233628,0.458620,0.194459,0.008091,0.497402,0.052921,0.086217,0.168828,0.993569,0.147611,0.512654,0.216423,0.371400,0.604089,0.990217,0.743440,0.073348]]];

c=[[9,10,10,10,2,9,3,9,5,7,7,4,1,7,2,5,4,7,8,7,5,8,1,6,6,4,2,2,9,5],
[5,7,4,4,8,8,4,1,8,8,9,4,1,1,10,4,6,4,1,5,2,5,2,3,10,9,6,4,1,6],
[8,5,5,4,10,4,3,4,6,10,1,5,4,4,5,3,7,2,8,7,9,10,1,2,4,3,1,1,8,1],
[6,7,7,10,10,6,6,2,1,1,4,2,5,7,5,2,1,3,5,1,10,3,2,2,5,5,6,7,5,3],
[7,10,10,5,2,1,10,7,5,1,9,8,4,4,6,10,7,8,2,3,8,3,6,9,7,2,3,4,8,7],
[9,6,9,10,10,10,10,1,8,6,3,6,5,8,1,10,7,9,10,1,2,7,5,9,6,1,2,10,7,9],
[9,5,6,7,4,7,8,5,7,7,3,2,4,7,9,5,9,8,5,8,8,6,4,2,4,1,5,5,3,1],
[5,1,7,2,9,10,8,8,6,7,4,8,10,7,7,8,3,5,5,8,2,2,3,7,6,9,10,10,5,4],
[2,2,4,8,5,4,9,3,1,4,1,6,4,10,2,10,9,5,4,6,4,7,9,8,5,4,6,4,5,3],
[7,6,6,2,3,10,7,1,2,7,7,4,4,10,5,6,9,4,2,4,9,5,10,7,4,4,1,10,10,7],
[4,8,3,9,2,5,8,8,8,2,7,6,5,10,5,10,7,5,5,8,8,3,4,9,1,8,4,3,9,3],
[10,2,1,2,10,4,8,9,1,7,10,7,2,7,9,8,8,5,2,2,5,1,6,8,9,6,7,3,1,7],
[5,10,8,7,3,9,10,2,8,3,1,9,1,2,5,9,2,4,6,3,5,10,4,2,9,4,10,6,6,10],
[2,3,1,2,1,5,2,1,6,1,5,8,10,5,2,6,6,3,10,1,5,6,10,10,8,8,4,7,5,1],
[6,9,5,8,10,6,2,1,8,9,2,2,7,3,8,8,8,3,10,9,3,6,5,4,8,2,4,3,8,8],
[3,5,6,8,2,7,5,3,10,2,1,1,5,9,5,2,6,2,5,7,3,9,3,7,3,2,8,6,4,5],
[5,8,9,3,7,10,1,1,4,10,2,6,2,6,5,6,10,10,10,4,9,2,4,1,8,6,2,7,3,7],
[1,10,4,1,4,1,2,4,1,7,4,5,2,7,2,6,3,1,8,4,4,6,7,10,8,4,5,1,10,10],
[7,2,1,2,4,4,2,5,9,5,1,4,9,4,1,10,10,5,3,9,8,6,6,6,5,5,9,2,5,10],
[3,3,3,5,4,6,10,8,2,8,2,4,2,2,7,4,3,8,8,5,6,7,3,1,2,9,5,2,2,1],
[3,6,5,7,10,1,2,9,8,5,9,1,8,2,2,4,5,6,2,4,1,9,10,3,10,3,1,6,6,3],
[9,10,8,3,6,10,3,7,8,2,1,8,4,10,9,5,5,5,1,6,8,3,7,9,5,8,3,7,3,8],
[9,3,7,9,8,4,8,2,10,7,4,2,5,7,3,5,4,8,10,6,5,7,8,1,6,4,8,8,10,3],
[8,9,5,6,9,2,10,6,4,1,2,9,5,8,5,7,3,10,4,2,5,9,10,4,9,5,7,9,5,7],
[1,4,7,5,9,7,9,8,2,2,9,5,10,5,5,6,1,9,8,7,10,2,5,1,8,5,8,6,3,2],
[2,5,5,10,10,5,6,8,3,9,1,3,6,2,7,10,9,9,8,6,5,9,10,1,9,7,6,8,2,10],
[9,6,5,5,7,6,2,3,5,6,3,5,8,8,8,6,9,6,6,8,2,1,6,1,1,7,9,8,4,10],
[10,5,5,4,1,2,1,2,6,5,7,10,1,6,10,10,3,8,5,9,6,8,9,3,10,1,1,8,9,7],
[8,8,3,4,3,3,7,5,7,2,1,3,4,3,1,3,2,3,10,8,3,7,6,3,2,5,4,4,3,4],
[10,2,3,4,5,5,7,2,1,5,5,1,9,8,3,9,10,6,4,2,3,8,10,10,1,3,7,6,7,1],
];
