m=40;
n=40;
p=3;
q=3;

alpha=[0.673147,0.591877,0.636575,0.748204,0.742851,0.705808];

proba=[[[0.670490,0.334361,0.593169,0.531004,0.278895,0.765625,0.270026,0.735078,0.043841,0.162911,0.489817,0.325758,0.681124,0.655765,0.553606,0.679915,0.798898,0.082971,0.477838,0.677396,0.161511,0.762078,0.470271,0.820500,0.776821,0.816564,0.004254,0.049971,0.312972,0.489956,0.461586,0.983463,0.824317,0.054755,0.514467,0.103212,0.820380,0.784493,0.838291,0.864221],
[0.947404,0.328108,0.189979,0.628528,0.983873,0.743586,0.308443,0.782771,0.826557,0.786281,0.460167,0.988068,0.548359,0.930438,0.808568,0.325179,0.747002,0.812822,0.375150,0.059974,0.302779,0.836736,0.043437,0.127095,0.891491,0.557903,0.230308,0.711871,0.342396,0.068598,0.576093,0.289800,0.396706,0.766072,0.918328,0.380579,0.509657,0.226770,0.163350,0.336214],
[0.013051,0.623517,0.324282,0.561410,0.553955,0.132850,0.886589,0.300956,0.945673,0.261739,0.360931,0.248451,0.098475,0.404367,0.375547,0.989966,0.962270,0.605854,0.701837,0.304666,0.674452,0.277930,0.594466,0.071158,0.044001,0.512794,0.451738,0.553659,0.739564,0.615088,0.889873,0.752615,0.238605,0.214155,0.314025,0.792559,0.347006,0.200614,0.093516,0.292679],
[0.462353,0.454446,0.541130,0.560827,0.858813,0.916677,0.550793,0.821084,0.522531,0.252631,0.125750,0.196983,0.530560,0.720216,0.268142,0.574562,0.233009,0.719879,0.128221,0.972573,0.334967,0.018094,0.725188,0.573571,0.232249,0.039213,0.366131,0.579255,0.239827,0.459646,0.871933,0.702179,0.914093,0.413063,0.263007,0.772906,0.329740,0.813800,0.593990,0.852271],
[0.066430,0.719740,0.049254,0.596991,0.439956,0.317396,0.171552,0.672965,0.037275,0.299773,0.645539,0.372241,0.317866,0.370727,0.945813,0.550115,0.409940,0.311944,0.129370,0.649767,0.771590,0.001303,0.351946,0.685683,0.414366,0.614953,0.458589,0.744106,0.428752,0.052579,0.596377,0.495183,0.772319,0.645631,0.092173,0.212275,0.963026,0.263726,0.885240,0.000301],
[0.563498,0.530778,0.372542,0.881365,0.901505,0.318355,0.431480,0.311445,0.630299,0.560850,0.961212,0.401889,0.562153,0.313158,0.087571,0.976519,0.928111,0.546160,0.720625,0.356863,0.598739,0.317002,0.852046,0.371058,0.962633,0.944219,0.583332,0.925659,0.207945,0.468572,0.925960,0.771443,0.999350,0.298503,0.652808,0.900856,0.616858,0.084288,0.212301,0.247156],
[0.645138,0.173514,0.649045,0.207291,0.486672,0.736616,0.183810,0.414783,0.282776,0.904436,0.771646,0.881515,0.221438,0.623691,0.252572,0.184071,0.567911,0.835904,0.109730,0.775855,0.304476,0.035691,0.547298,0.303827,0.334193,0.200106,0.204683,0.951051,0.284394,0.416984,0.198207,0.929532,0.590498,0.847252,0.136823,0.077169,0.583868,0.320634,0.491952,0.866644],
[0.225070,0.263597,0.748158,0.446508,0.887289,0.000731,0.630579,0.455199,0.836635,0.740309,0.231055,0.141111,0.775999,0.778353,0.444938,0.110192,0.978460,0.649620,0.061243,0.262854,0.066604,0.259450,0.192386,0.657102,0.106702,0.329210,0.734271,0.690569,0.649843,0.226223,0.557213,0.874913,0.489821,0.305371,0.321421,0.377109,0.306102,0.951999,0.832309,0.142737],
[0.692308,0.063363,0.283848,0.468307,0.841716,0.728786,0.578500,0.820176,0.378406,0.639743,0.083030,0.445011,0.899193,0.275416,0.102113,0.005895,0.604626,0.836384,0.696464,0.254469,0.062607,0.253677,0.129382,0.552427,0.559048,0.450803,0.929537,0.865150,0.402802,0.761846,0.007886,0.095110,0.825209,0.291734,0.563417,0.666925,0.020520,0.141917,0.487102,0.398926],
[0.781660,0.570131,0.843937,0.680853,0.845548,0.946049,0.686747,0.450174,0.782433,0.383211,0.704643,0.845040,0.636888,0.834025,0.397467,0.195936,0.284828,0.327004,0.061086,0.687629,0.088850,0.068972,0.782739,0.914059,0.360707,0.346156,0.580985,0.381227,0.488074,0.068086,0.780153,0.269733,0.638218,0.624090,0.950586,0.483765,0.570139,0.637334,0.933939,0.352572],
[0.020545,0.638582,0.197612,0.657433,0.472607,0.595080,0.853369,0.757435,0.922084,0.914455,0.445064,0.010934,0.983427,0.227803,0.924993,0.344134,0.573960,0.505978,0.725361,0.062033,0.574064,0.505514,0.331767,0.212281,0.129604,0.282353,0.696047,0.699743,0.919687,0.629986,0.052315,0.940232,0.268567,0.249928,0.597665,0.741174,0.845008,0.451034,0.498609,0.767092],
[0.365489,0.943673,0.778026,0.348917,0.171476,0.703019,0.693051,0.745436,0.208997,0.418412,0.807469,0.783061,0.923925,0.139236,0.995342,0.053529,0.421589,0.691389,0.753272,0.341276,0.321375,0.805587,0.281508,0.589942,0.055515,0.879173,0.331116,0.900522,0.330207,0.829725,0.667614,0.695697,0.773398,0.445640,0.044613,0.944874,0.148659,0.737664,0.690310,0.357657],
[0.156076,0.497779,0.140718,0.080001,0.637015,0.136060,0.133530,0.058604,0.827449,0.886802,0.399880,0.148824,0.692389,0.681388,0.738766,0.747904,0.560561,0.069882,0.648426,0.890769,0.899607,0.316040,0.586466,0.673005,0.761680,0.631079,0.617879,0.910339,0.368743,0.308188,0.267996,0.524819,0.805967,0.408714,0.604820,0.442982,0.544774,0.738350,0.501586,0.372223],
[0.625152,0.901467,0.521047,0.317540,0.582855,0.259812,0.065444,0.143416,0.329694,0.713870,0.034185,0.229301,0.029910,0.620651,0.902306,0.791590,0.251730,0.520185,0.701929,0.620473,0.828373,0.969925,0.145291,0.634341,0.378639,0.750111,0.077323,0.923412,0.488461,0.578909,0.295635,0.113613,0.480376,0.816682,0.431153,0.063231,0.076495,0.496597,0.206647,0.406189],
[0.210467,0.240832,0.635490,0.240376,0.861483,0.537797,0.031966,0.113212,0.057981,0.733895,0.733685,0.886354,0.703820,0.878976,0.520695,0.082459,0.629088,0.598018,0.005871,0.117549,0.176927,0.301506,0.231161,0.657303,0.118188,0.662314,0.720534,0.194683,0.158911,0.927181,0.600872,0.369378,0.168014,0.236362,0.609754,0.029496,0.774159,0.641720,0.142709,0.832140],
[0.375615,0.876394,0.718495,0.079435,0.755370,0.239190,0.161894,0.384458,0.837208,0.167765,0.502006,0.014135,0.469271,0.733168,0.671438,0.587460,0.395482,0.391973,0.782143,0.554393,0.319154,0.383015,0.923770,0.487168,0.619377,0.533524,0.516664,0.393536,0.175245,0.659373,0.225676,0.550860,0.535767,0.944171,0.630295,0.291137,0.183360,0.792189,0.675595,0.020568],
[0.959954,0.177601,0.034703,0.429225,0.910769,0.706141,0.016685,0.306250,0.098113,0.798827,0.860643,0.417268,0.181842,0.784413,0.904435,0.801219,0.317937,0.421100,0.194755,0.493182,0.080473,0.420431,0.044042,0.616239,0.364601,0.674337,0.907376,0.547961,0.466527,0.582971,0.568529,0.426481,0.760572,0.603232,0.855706,0.671341,0.309372,0.872391,0.977591,0.407486],
[0.671218,0.838233,0.824753,0.853060,0.622646,0.729189,0.654279,0.940584,0.150288,0.849034,0.433766,0.230761,0.269464,0.477808,0.847000,0.634066,0.152145,0.754376,0.182027,0.618672,0.337347,0.750556,0.045152,0.097919,0.353787,0.900858,0.769260,0.663160,0.773249,0.746851,0.070645,0.444467,0.585084,0.895399,0.297526,0.207730,0.624587,0.951805,0.148314,0.774876],
[0.800839,0.582079,0.005636,0.070303,0.059887,0.852637,0.704369,0.212032,0.607013,0.886396,0.830704,0.944361,0.636951,0.875856,0.042280,0.990739,0.776714,0.811540,0.653899,0.549963,0.558391,0.724544,0.994429,0.143475,0.619943,0.291956,0.351205,0.244530,0.243761,0.499518,0.019406,0.044600,0.081598,0.025042,0.114903,0.141485,0.877679,0.819272,0.353517,0.484692],
[0.705668,0.184221,0.429052,0.342619,0.060078,0.471332,0.333358,0.836792,0.282872,0.987257,0.386755,0.841263,0.711801,0.381184,0.984738,0.331744,0.673140,0.335942,0.576274,0.916901,0.835461,0.595680,0.961501,0.917058,0.620722,0.076404,0.058543,0.498401,0.895676,0.412060,0.983093,0.601344,0.596282,0.412145,0.943963,0.656359,0.883478,0.277321,0.493151,0.166350],
[0.264578,0.879906,0.007613,0.976379,0.261090,0.992351,0.308122,0.934230,0.328293,0.884396,0.851131,0.163753,0.480076,0.812632,0.080811,0.100798,0.889036,0.139355,0.599198,0.784713,0.551415,0.582291,0.386057,0.147696,0.994436,0.330020,0.804056,0.877913,0.607342,0.297207,0.044263,0.871919,0.177113,0.051876,0.848298,0.438203,0.044227,0.156420,0.372433,0.372520],
[0.040816,0.223564,0.536273,0.520892,0.036196,0.617084,0.621690,0.925232,0.756439,0.220888,0.709945,0.307854,0.803178,0.096001,0.455550,0.797614,0.426022,0.259606,0.675528,0.033363,0.556813,0.719791,0.905283,0.733926,0.771667,0.753581,0.172129,0.815894,0.910001,0.544561,0.188414,0.950818,0.768125,0.724687,0.471710,0.804320,0.341771,0.093399,0.729552,0.098210],
[0.314287,0.439497,0.406064,0.117465,0.535498,0.861614,0.915080,0.961520,0.121220,0.590607,0.994883,0.678032,0.310398,0.900166,0.411958,0.082065,0.653747,0.584087,0.897960,0.563748,0.128648,0.086373,0.514565,0.896773,0.811060,0.986275,0.701093,0.152831,0.079674,0.430645,0.251041,0.393961,0.870142,0.657104,0.511426,0.405640,0.518718,0.426506,0.367160,0.639938],
[0.017113,0.362044,0.317970,0.327511,0.262209,0.729928,0.409577,0.915956,0.314015,0.307536,0.479704,0.442663,0.393910,0.994269,0.339436,0.204969,0.980544,0.040529,0.357800,0.060217,0.471174,0.608841,0.454178,0.341316,0.265945,0.965604,0.746957,0.784663,0.392110,0.114117,0.424601,0.409223,0.476161,0.742571,0.736734,0.738370,0.472499,0.146310,0.654326,0.786514],
[0.453847,0.134030,0.229177,0.847756,0.128299,0.568613,0.052726,0.108842,0.609142,0.410526,0.169060,0.080316,0.019367,0.623238,0.421632,0.285312,0.588842,0.168589,0.069975,0.980952,0.282706,0.494576,0.390174,0.758866,0.237148,0.126908,0.497237,0.709647,0.273219,0.151563,0.496161,0.727065,0.285592,0.725339,0.574821,0.413891,0.293952,0.627547,0.522733,0.903094],
[0.038073,0.691793,0.983409,0.057439,0.315031,0.405041,0.342751,0.903873,0.573630,0.412727,0.884824,0.856336,0.907303,0.274999,0.615202,0.144451,0.401907,0.112439,0.854098,0.675125,0.264001,0.350259,0.402191,0.549593,0.075598,0.977012,0.963484,0.369550,0.604559,0.486217,0.272643,0.642631,0.178010,0.256053,0.700070,0.493041,0.661094,0.042822,0.396913,0.234724],
[0.455549,0.281737,0.091060,0.362852,0.556736,0.706262,0.507303,0.958643,0.818700,0.361400,0.633768,0.082702,0.711659,0.035959,0.632295,0.787257,0.012971,0.595780,0.156807,0.617529,0.081997,0.429451,0.260160,0.260007,0.685503,0.960231,0.753048,0.346597,0.003053,0.149961,0.581321,0.458601,0.431698,0.672381,0.821453,0.988434,0.378643,0.328756,0.947077,0.197343],
[0.690156,0.580846,0.280045,0.401815,0.616805,0.912340,0.189073,0.629775,0.508120,0.345880,0.247305,0.590116,0.775331,0.507465,0.850123,0.460834,0.467696,0.603171,0.807431,0.470749,0.753132,0.388752,0.929350,0.184830,0.061133,0.750803,0.173264,0.439776,0.079559,0.120342,0.637119,0.769715,0.701188,0.917164,0.171531,0.317992,0.829504,0.360603,0.947768,0.337623],
[0.706484,0.195072,0.927740,0.481814,0.702538,0.777863,0.942648,0.170234,0.381034,0.750079,0.640982,0.134166,0.138831,0.570333,0.318996,0.199964,0.321136,0.492260,0.639740,0.400695,0.612602,0.276859,0.170411,0.313789,0.194022,0.341941,0.631781,0.023526,0.702545,0.579549,0.361149,0.409028,0.774622,0.288889,0.890842,0.477159,0.066752,0.833490,0.647393,0.447786],
[0.583569,0.288375,0.581952,0.722400,0.858708,0.900947,0.922364,0.179844,0.393207,0.562104,0.580540,0.005809,0.838962,0.750951,0.319598,0.032985,0.092892,0.951379,0.056511,0.795437,0.530928,0.417660,0.204465,0.305550,0.706549,0.095308,0.782709,0.773301,0.928798,0.430102,0.221087,0.512367,0.718477,0.803038,0.234767,0.577185,0.703986,0.157131,0.757030,0.097193],
[0.719235,0.337570,0.103002,0.558198,0.088520,0.422600,0.591182,0.181412,0.373979,0.647693,0.976849,0.904907,0.065353,0.181314,0.210457,0.771901,0.276621,0.993166,0.545202,0.205419,0.423268,0.766288,0.717786,0.141745,0.569327,0.952553,0.718931,0.273313,0.109684,0.475960,0.370506,0.828920,0.813530,0.473507,0.387117,0.902050,0.896107,0.978299,0.083462,0.270086],
[0.625992,0.060311,0.174993,0.691345,0.241625,0.385450,0.463246,0.518246,0.378616,0.008448,0.723665,0.801884,0.774736,0.441451,0.943629,0.344063,0.394005,0.662559,0.617376,0.503689,0.138520,0.987881,0.332609,0.952049,0.461389,0.719726,0.854099,0.357496,0.698025,0.937561,0.627582,0.324017,0.997872,0.802575,0.015362,0.239497,0.188025,0.478608,0.757743,0.566640],
[0.487055,0.481408,0.368524,0.261792,0.922860,0.312153,0.605855,0.316864,0.974712,0.223230,0.820553,0.113231,0.211111,0.153162,0.065281,0.672500,0.872888,0.919380,0.029996,0.570913,0.856942,0.657578,0.894930,0.854814,0.460152,0.910292,0.094311,0.648177,0.388900,0.852054,0.214817,0.875955,0.333462,0.583341,0.137747,0.256321,0.895494,0.743601,0.573186,0.870206],
[0.966831,0.393739,0.983437,0.177943,0.546901,0.048718,0.850443,0.419788,0.968098,0.880439,0.990701,0.825040,0.538017,0.885631,0.679854,0.998169,0.795923,0.774165,0.646346,0.184823,0.626218,0.861163,0.060778,0.959680,0.444504,0.198525,0.216001,0.339998,0.942126,0.789187,0.210204,0.908957,0.182926,0.193641,0.086900,0.729826,0.242359,0.937343,0.149614,0.210457],
[0.817782,0.140315,0.035497,0.355798,0.025946,0.715351,0.353967,0.821869,0.489516,0.000313,0.006691,0.115734,0.861476,0.067469,0.075414,0.305981,0.265994,0.291415,0.645979,0.208120,0.080602,0.856183,0.117077,0.263528,0.049824,0.203977,0.993354,0.292184,0.141320,0.142969,0.502641,0.959102,0.283284,0.538138,0.314901,0.309230,0.253489,0.668868,0.131099,0.743005],
[0.669181,0.137790,0.858738,0.530658,0.205259,0.934152,0.836639,0.471253,0.225567,0.482618,0.679373,0.306169,0.338801,0.796450,0.569697,0.388625,0.000427,0.563051,0.680809,0.141747,0.706020,0.183450,0.100849,0.989304,0.721588,0.415750,0.298534,0.975077,0.084617,0.429633,0.718082,0.753799,0.567423,0.576820,0.284456,0.772682,0.510972,0.121095,0.243935,0.736539],
[0.603713,0.923308,0.042709,0.942514,0.719757,0.612406,0.331139,0.720184,0.175457,0.011948,0.861931,0.881477,0.195398,0.962780,0.870781,0.916986,0.378529,0.169315,0.892063,0.463147,0.598948,0.610145,0.216945,0.166371,0.186965,0.501401,0.939053,0.697937,0.622496,0.182988,0.434477,0.226209,0.106295,0.477186,0.168723,0.826052,0.089591,0.499862,0.546236,0.265049],
[0.511810,0.408167,0.146526,0.707208,0.370946,0.017307,0.624194,0.749475,0.186622,0.516257,0.212622,0.785570,0.126402,0.429567,0.951940,0.313367,0.930968,0.890993,0.011304,0.553465,0.073981,0.445781,0.779674,0.180276,0.922967,0.948396,0.006329,0.012558,0.448258,0.552565,0.277607,0.960068,0.960732,0.424133,0.667276,0.331678,0.441440,0.291469,0.081153,0.628061],
[0.807726,0.293775,0.413631,0.934128,0.723342,0.365571,0.247495,0.654311,0.256564,0.258799,0.207776,0.330545,0.704580,0.987449,0.510821,0.627547,0.935845,0.517150,0.640105,0.384104,0.069714,0.917712,0.344171,0.030446,0.341845,0.011447,0.362124,0.783285,0.302917,0.443277,0.411346,0.110643,0.737053,0.824977,0.044771,0.460395,0.190549,0.292266,0.114706,0.447113],
[0.551065,0.322481,0.777658,0.255645,0.309931,0.288479,0.883192,0.245776,0.805628,0.523297,0.629880,0.875343,0.441010,0.974051,0.905789,0.782855,0.985498,0.267913,0.566139,0.288415,0.711190,0.977485,0.399058,0.448243,0.802463,0.443829,0.908638,0.993011,0.736095,0.023344,0.440124,0.287159,0.345826,0.217782,0.542805,0.655757,0.506261,0.425997,0.901533,0.311889]],
[[0.949294,0.531412,0.187232,0.390304,0.505463,0.093021,0.173159,0.490962,0.360934,0.739298,0.779377,0.072124,0.716783,0.178435,0.520368,0.519246,0.622264,0.429006,0.512257,0.358358,0.452350,0.952381,0.645518,0.798176,0.170163,0.188322,0.453933,0.676423,0.614319,0.355465,0.988312,0.563613,0.886878,0.175544,0.953917,0.392341,0.268565,0.127075,0.883303,0.629499],
[0.866373,0.662679,0.701624,0.583157,0.841114,0.221991,0.102403,0.463377,0.650997,0.614660,0.821736,0.103348,0.567041,0.467253,0.901524,0.737204,0.655576,0.355456,0.413627,0.269894,0.710921,0.401940,0.833507,0.597799,0.577484,0.787424,0.990140,0.846049,0.914500,0.873443,0.475549,0.780873,0.536122,0.177172,0.364030,0.377236,0.399164,0.466432,0.840613,0.050161],
[0.081092,0.662349,0.153508,0.648133,0.129602,0.055032,0.385337,0.785178,0.410488,0.798964,0.055072,0.121410,0.200903,0.888580,0.719209,0.778387,0.676004,0.709349,0.624437,0.590504,0.582791,0.099985,0.371377,0.118913,0.277158,0.735407,0.496149,0.676321,0.201839,0.336763,0.726482,0.282931,0.999112,0.879991,0.931064,0.128714,0.935023,0.316401,0.913892,0.345511],
[0.115364,0.968964,0.466921,0.316268,0.857544,0.186130,0.094655,0.533548,0.895479,0.719092,0.124052,0.478270,0.819077,0.495429,0.597184,0.096235,0.230835,0.093333,0.772556,0.432675,0.430096,0.499039,0.715606,0.429207,0.379029,0.646670,0.557921,0.314052,0.963071,0.471813,0.659564,0.078435,0.440777,0.126485,0.394703,0.298321,0.312615,0.489358,0.831869,0.208094],
[0.208450,0.955920,0.686364,0.027527,0.451349,0.283548,0.123762,0.682185,0.376881,0.896318,0.114859,0.806976,0.395356,0.830465,0.236183,0.774386,0.477135,0.794104,0.088438,0.440206,0.265917,0.748002,0.518641,0.706694,0.874487,0.913344,0.005014,0.187102,0.402702,0.836883,0.395195,0.611152,0.792803,0.081559,0.638678,0.244153,0.365107,0.762440,0.926337,0.741987],
[0.658758,0.041196,0.548963,0.054114,0.871661,0.785146,0.828500,0.348796,0.579251,0.916938,0.789002,0.845167,0.664940,0.307643,0.551861,0.539427,0.220987,0.556875,0.726529,0.623689,0.393758,0.121724,0.234841,0.186562,0.203283,0.873519,0.430714,0.568389,0.635959,0.357051,0.310377,0.294717,0.398248,0.859340,0.348831,0.269909,0.644486,0.177331,0.618705,0.223737],
[0.094269,0.407707,0.068904,0.759210,0.715350,0.620766,0.298637,0.936337,0.177641,0.025165,0.560026,0.571399,0.146889,0.794867,0.757961,0.350172,0.668387,0.188675,0.918561,0.304346,0.545726,0.228938,0.599063,0.943974,0.088278,0.947894,0.213883,0.732764,0.125225,0.832589,0.956501,0.219495,0.240296,0.025406,0.978704,0.955646,0.646171,0.277341,0.891984,0.823812],
[0.302507,0.452010,0.395212,0.449396,0.246877,0.153172,0.799568,0.915264,0.341847,0.718129,0.219610,0.887574,0.947067,0.818673,0.831548,0.035345,0.766567,0.045431,0.768109,0.891792,0.878020,0.724611,0.111287,0.118316,0.750017,0.089991,0.073962,0.396188,0.367332,0.965946,0.220001,0.669839,0.417956,0.615212,0.119235,0.664833,0.768385,0.918802,0.580097,0.110232],
[0.636931,0.799707,0.997806,0.583998,0.618380,0.829354,0.619343,0.384946,0.874785,0.387452,0.276738,0.752805,0.112063,0.388025,0.871121,0.862080,0.478016,0.945084,0.258268,0.845348,0.911030,0.478268,0.515187,0.328986,0.093480,0.634422,0.993819,0.861865,0.553224,0.573917,0.972097,0.190155,0.373624,0.969903,0.774153,0.992003,0.799257,0.393496,0.376949,0.674042],
[0.780948,0.653687,0.426847,0.893011,0.041712,0.297969,0.755091,0.519728,0.243052,0.013359,0.365077,0.154082,0.491627,0.880264,0.483068,0.585107,0.514686,0.476887,0.446972,0.067910,0.050804,0.419069,0.258066,0.424427,0.388972,0.032219,0.416430,0.188228,0.425715,0.793380,0.862270,0.206664,0.447067,0.289118,0.099675,0.488779,0.587086,0.854766,0.008508,0.830138],
[0.868125,0.373584,0.984220,0.359751,0.253848,0.467288,0.944859,0.768534,0.944175,0.391831,0.836445,0.994979,0.810900,0.094510,0.419406,0.199871,0.126729,0.835837,0.388100,0.552445,0.629216,0.250370,0.759108,0.076283,0.539488,0.858784,0.565062,0.126574,0.713550,0.573570,0.956712,0.581674,0.947154,0.940933,0.941426,0.201002,0.408221,0.886284,0.969537,0.352396],
[0.278115,0.805982,0.347376,0.089015,0.900492,0.766782,0.288886,0.027222,0.602618,0.676986,0.579666,0.231835,0.927356,0.338775,0.308118,0.466844,0.197558,0.873180,0.593418,0.911108,0.446750,0.550130,0.492782,0.393904,0.491063,0.434208,0.594906,0.899284,0.320492,0.564443,0.251680,0.598607,0.370425,0.599056,0.687622,0.270917,0.365838,0.976508,0.298139,0.968456],
[0.653494,0.877805,0.200291,0.580850,0.216580,0.508408,0.047694,0.414139,0.381588,0.641111,0.325247,0.828338,0.191242,0.818029,0.222242,0.682304,0.252237,0.817148,0.581588,0.572729,0.381591,0.833269,0.171336,0.752016,0.432325,0.858958,0.022933,0.798163,0.835465,0.321072,0.766619,0.488959,0.198877,0.966910,0.069809,0.415457,0.475318,0.117502,0.829596,0.856906],
[0.758614,0.154842,0.685244,0.949855,0.972871,0.907486,0.632160,0.225108,0.724634,0.213748,0.797837,0.106225,0.047017,0.969174,0.858241,0.479342,0.828131,0.881174,0.277504,0.663597,0.202246,0.044123,0.152556,0.401123,0.011033,0.222364,0.816580,0.486351,0.339867,0.646175,0.343257,0.098480,0.801018,0.028501,0.048335,0.773889,0.935987,0.680495,0.998997,0.660621],
[0.894243,0.796835,0.766845,0.941259,0.766008,0.625086,0.420601,0.594140,0.506260,0.698105,0.257737,0.708506,0.742228,0.410293,0.109628,0.753261,0.632657,0.926208,0.239612,0.972523,0.572383,0.582868,0.071004,0.373401,0.611369,0.119339,0.147290,0.547356,0.799833,0.146287,0.207976,0.694076,0.943122,0.974822,0.635335,0.709130,0.599908,0.055936,0.303270,0.106168],
[0.754042,0.561007,0.814674,0.496270,0.971299,0.924303,0.249531,0.603956,0.850510,0.489143,0.576480,0.422894,0.072011,0.647483,0.796294,0.683380,0.766822,0.943584,0.230736,0.566655,0.089871,0.438712,0.260731,0.032993,0.413534,0.896067,0.742123,0.013442,0.952003,0.045393,0.119610,0.706045,0.606400,0.934285,0.202315,0.577699,0.858587,0.451846,0.181655,0.709098],
[0.940988,0.758135,0.131991,0.012999,0.405618,0.928285,0.696379,0.172440,0.871869,0.927115,0.739096,0.961740,0.365827,0.999827,0.994733,0.779361,0.895894,0.736856,0.792803,0.847897,0.782249,0.912413,0.553942,0.388649,0.846698,0.756256,0.966348,0.705285,0.208102,0.148003,0.414383,0.149091,0.906138,0.546374,0.162090,0.311757,0.474659,0.858469,0.484197,0.346529],
[0.785584,0.223293,0.308269,0.151411,0.223120,0.303002,0.930771,0.119013,0.039858,0.723574,0.966910,0.822107,0.635988,0.520851,0.210756,0.482686,0.277108,0.177104,0.187971,0.485210,0.325107,0.602354,0.634301,0.231246,0.148728,0.796390,0.543002,0.623387,0.654859,0.027200,0.969916,0.440443,0.250492,0.278185,0.591853,0.473612,0.581187,0.522625,0.592625,0.621045],
[0.246199,0.559535,0.443152,0.882187,0.080387,0.653908,0.364872,0.357495,0.831011,0.552843,0.842705,0.156118,0.155197,0.477005,0.387364,0.303925,0.273396,0.930366,0.927311,0.928255,0.957566,0.897227,0.368698,0.208058,0.175412,0.960551,0.681671,0.756598,0.483176,0.274296,0.377643,0.729375,0.833831,0.820795,0.611562,0.914218,0.474703,0.976434,0.271712,0.305714],
[0.529278,0.114417,0.461832,0.684475,0.591422,0.849196,0.988399,0.864818,0.779563,0.915710,0.793073,0.737129,0.812937,0.161771,0.945187,0.988349,0.122323,0.626858,0.744947,0.605499,0.901154,0.122591,0.334874,0.734985,0.943386,0.946436,0.649202,0.418088,0.922870,0.920914,0.723802,0.452148,0.035331,0.185635,0.136623,0.626754,0.034831,0.125022,0.491572,0.814394],
[0.040732,0.284645,0.551523,0.853669,0.446417,0.496710,0.842018,0.568740,0.123568,0.586966,0.174239,0.024721,0.709557,0.509113,0.759706,0.652942,0.455549,0.408908,0.071031,0.378420,0.329822,0.794833,0.830568,0.365154,0.980468,0.967190,0.991907,0.015299,0.092212,0.483480,0.829693,0.132944,0.768125,0.381216,0.986613,0.214542,0.877925,0.828632,0.783282,0.001493],
[0.415598,0.957520,0.026214,0.125154,0.466633,0.785920,0.778096,0.922183,0.194828,0.849127,0.300602,0.524650,0.643960,0.131170,0.889804,0.624428,0.098360,0.881711,0.639727,0.190572,0.365191,0.469420,0.323515,0.133316,0.850636,0.310129,0.347858,0.728561,0.138760,0.131139,0.730054,0.554358,0.088660,0.756268,0.679512,0.555293,0.542187,0.457608,0.477476,0.737015],
[0.306735,0.778078,0.261665,0.950696,0.909248,0.151469,0.575124,0.007608,0.033180,0.214851,0.198180,0.398371,0.684271,0.521695,0.531687,0.534907,0.831824,0.879545,0.263467,0.970584,0.010684,0.993521,0.524941,0.099344,0.749789,0.204453,0.654637,0.291976,0.662062,0.132113,0.028991,0.968797,0.910191,0.290656,0.919492,0.819439,0.442125,0.494616,0.827047,0.475305],
[0.709467,0.025227,0.873676,0.393738,0.546922,0.405363,0.928644,0.378746,0.284908,0.192112,0.349330,0.295592,0.185633,0.874271,0.394936,0.935421,0.078724,0.049573,0.227397,0.740786,0.181686,0.256388,0.709583,0.091877,0.547044,0.629075,0.911317,0.989168,0.123691,0.738364,0.464473,0.833158,0.763591,0.338149,0.226896,0.310513,0.743512,0.155540,0.689259,0.028420],
[0.347651,0.038588,0.324012,0.533284,0.912859,0.718947,0.468706,0.991583,0.768520,0.696103,0.732369,0.950206,0.952491,0.441952,0.042083,0.499535,0.071027,0.953400,0.488703,0.194718,0.691764,0.953177,0.027876,0.455355,0.291326,0.254771,0.765868,0.034838,0.410311,0.455127,0.063258,0.757962,0.493715,0.387270,0.291247,0.406574,0.106217,0.759952,0.398157,0.874737],
[0.456055,0.130527,0.824943,0.408546,0.572478,0.867026,0.908081,0.643505,0.820426,0.396784,0.838223,0.512190,0.349960,0.866098,0.967545,0.641286,0.120869,0.733413,0.676124,0.531180,0.188539,0.739382,0.289143,0.682254,0.126652,0.580389,0.088828,0.232869,0.340342,0.486986,0.107606,0.796397,0.617512,0.932548,0.204943,0.189991,0.799575,0.113024,0.833496,0.620001],
[0.509807,0.671718,0.132191,0.859768,0.537816,0.099736,0.501054,0.658686,0.833149,0.177178,0.189866,0.021688,0.916561,0.479009,0.703943,0.043213,0.059398,0.792771,0.276082,0.399740,0.279757,0.383687,0.196137,0.897269,0.316236,0.401080,0.087260,0.115810,0.514103,0.920756,0.735811,0.023911,0.592474,0.868002,0.883678,0.130290,0.967739,0.384732,0.788976,0.800887],
[0.561911,0.978842,0.822576,0.478472,0.457851,0.526518,0.521685,0.517249,0.319289,0.797766,0.916989,0.599046,0.181453,0.113126,0.496316,0.497689,0.514206,0.583576,0.613499,0.028309,0.504331,0.349310,0.052219,0.096805,0.217313,0.935898,0.227096,0.185051,0.320630,0.016072,0.985939,0.882541,0.994914,0.808515,0.361013,0.452765,0.335033,0.882697,0.970014,0.654323],
[0.680463,0.887003,0.253369,0.861917,0.000129,0.749685,0.359605,0.514335,0.333260,0.973105,0.542643,0.837592,0.322415,0.594863,0.934397,0.539728,0.530760,0.161493,0.724779,0.851390,0.177565,0.710718,0.733931,0.172479,0.519233,0.094944,0.625244,0.854266,0.977642,0.595258,0.508589,0.658105,0.482261,0.761958,0.520022,0.482390,0.511642,0.879627,0.996724,0.844903],
[0.852732,0.539368,0.682494,0.175147,0.134230,0.616892,0.714875,0.664990,0.778385,0.439654,0.516381,0.955949,0.150372,0.250312,0.128428,0.669605,0.345257,0.753672,0.523871,0.322898,0.348929,0.032459,0.981003,0.831190,0.794417,0.501025,0.313580,0.306059,0.380652,0.310304,0.150962,0.233384,0.849672,0.833456,0.408530,0.983902,0.450348,0.123405,0.648892,0.228733],
[0.563059,0.165273,0.184682,0.713431,0.415586,0.313110,0.383035,0.760842,0.066782,0.906906,0.083740,0.415711,0.939365,0.064743,0.246901,0.733782,0.565768,0.560481,0.039841,0.946420,0.870786,0.190803,0.179804,0.720458,0.024260,0.588334,0.704360,0.474608,0.711739,0.353252,0.703340,0.274798,0.518525,0.888022,0.988229,0.934111,0.201132,0.371264,0.694953,0.267914],
[0.278170,0.778693,0.683625,0.217535,0.843437,0.930527,0.951317,0.409205,0.491008,0.991158,0.355625,0.361794,0.181962,0.535429,0.082251,0.206221,0.123763,0.786611,0.680829,0.835503,0.139863,0.384169,0.110301,0.658388,0.272192,0.098529,0.592499,0.473324,0.469793,0.287452,0.741238,0.747963,0.066145,0.424863,0.965498,0.909581,0.355390,0.916814,0.318786,0.846398],
[0.907973,0.674411,0.208191,0.089934,0.209840,0.290442,0.296156,0.333603,0.077053,0.976985,0.169106,0.216916,0.361154,0.279407,0.875303,0.633346,0.377936,0.467802,0.106670,0.847729,0.755254,0.847907,0.595692,0.821398,0.272771,0.561190,0.730980,0.628160,0.478004,0.049766,0.474558,0.385977,0.724177,0.682749,0.475911,0.934017,0.973192,0.772067,0.267621,0.050245],
[0.749052,0.436727,0.267160,0.110206,0.716134,0.142464,0.743552,0.094070,0.610266,0.850221,0.941799,0.365520,0.698129,0.537491,0.186918,0.970899,0.098681,0.917898,0.599060,0.576685,0.967664,0.073618,0.962662,0.691841,0.756367,0.438573,0.625859,0.729559,0.210640,0.893480,0.779803,0.959692,0.330207,0.046964,0.069898,0.046340,0.189427,0.813450,0.140410,0.799693],
[0.663671,0.082210,0.165213,0.361800,0.619701,0.352131,0.332700,0.718382,0.270029,0.931759,0.295067,0.237693,0.005377,0.257729,0.929535,0.761744,0.696302,0.555393,0.491302,0.906943,0.448873,0.271105,0.866635,0.779079,0.318069,0.936534,0.825420,0.507496,0.749984,0.965830,0.307190,0.413655,0.048040,0.472403,0.775455,0.667741,0.824534,0.108155,0.386123,0.094563],
[0.039914,0.681190,0.332256,0.045291,0.938919,0.261790,0.807034,0.635221,0.817184,0.298337,0.542164,0.266057,0.569442,0.408799,0.045136,0.887511,0.345333,0.870556,0.395008,0.095316,0.836386,0.702198,0.508971,0.884426,0.174600,0.284427,0.552166,0.999134,0.392581,0.938289,0.093697,0.432495,0.619479,0.425953,0.477786,0.558397,0.687743,0.284820,0.193618,0.504927],
[0.583157,0.735782,0.770984,0.152599,0.144582,0.816120,0.040111,0.489914,0.686675,0.435118,0.585231,0.523061,0.137316,0.094202,0.407487,0.311916,0.378629,0.959653,0.311050,0.771210,0.897942,0.404747,0.203705,0.517421,0.830700,0.681491,0.075818,0.518443,0.966312,0.269437,0.023370,0.549469,0.005219,0.794354,0.702068,0.149801,0.610474,0.742179,0.639715,0.297149],
[0.177297,0.224946,0.820210,0.314613,0.319148,0.227697,0.626529,0.697777,0.187351,0.937580,0.468987,0.085293,0.342327,0.672692,0.602714,0.173026,0.354183,0.678532,0.691470,0.320495,0.947969,0.714840,0.869964,0.953188,0.509194,0.572033,0.102989,0.119667,0.314212,0.742704,0.416816,0.491509,0.967650,0.237027,0.806123,0.286798,0.464724,0.432652,0.984574,0.652074],
[0.370232,0.453561,0.737367,0.712558,0.126253,0.340081,0.885585,0.480436,0.018613,0.577054,0.800932,0.966582,0.291894,0.670896,0.919770,0.801088,0.242929,0.022758,0.920755,0.557141,0.765462,0.337571,0.048650,0.733112,0.574598,0.854773,0.019910,0.039322,0.287425,0.004484,0.691396,0.657656,0.458045,0.428763,0.370215,0.584298,0.768844,0.255799,0.064735,0.787457],
[0.832854,0.865666,0.754039,0.124748,0.536562,0.673809,0.925835,0.779491,0.696568,0.846590,0.336632,0.462030,0.184161,0.385282,0.195142,0.758759,0.240054,0.215052,0.798080,0.527479,0.219536,0.489476,0.185135,0.677581,0.918240,0.555350,0.261879,0.687084,0.811150,0.326614,0.474542,0.644003,0.192280,0.228581,0.768751,0.728843,0.902390,0.694586,0.508334,0.598957]],
[[0.541176,0.844966,0.060987,0.725337,0.230247,0.256129,0.484096,0.470302,0.471181,0.282176,0.997781,0.690717,0.771653,0.182916,0.368298,0.689892,0.738267,0.630177,0.376976,0.549416,0.956791,0.851518,0.193420,0.149071,0.080099,0.962170,0.877914,0.982489,0.656757,0.386248,0.581446,0.197933,0.231213,0.642433,0.923270,0.461461,0.898563,0.407366,0.931762,0.369744],
[0.689542,0.929543,0.060461,0.461195,0.112460,0.428758,0.151087,0.850726,0.058935,0.528064,0.400142,0.015726,0.379582,0.593562,0.164798,0.459680,0.555733,0.042711,0.442169,0.212489,0.428959,0.023615,0.410422,0.660172,0.666049,0.333692,0.121633,0.564611,0.741058,0.053395,0.934355,0.430600,0.982939,0.994816,0.891795,0.095398,0.423574,0.042882,0.946124,0.482509],
[0.570945,0.346267,0.498236,0.950527,0.939829,0.663033,0.410208,0.495561,0.705745,0.852377,0.708051,0.134703,0.875992,0.118472,0.794875,0.542041,0.452164,0.916508,0.106652,0.193222,0.969903,0.041007,0.623822,0.952842,0.035823,0.515617,0.048240,0.459397,0.558498,0.994365,0.941906,0.129444,0.340632,0.440142,0.079971,0.280461,0.103176,0.490178,0.776022,0.808920],
[0.342555,0.484073,0.943623,0.218547,0.602545,0.738499,0.760588,0.054709,0.655007,0.867241,0.247931,0.624911,0.908248,0.871753,0.577753,0.944071,0.387370,0.625993,0.403468,0.945868,0.620358,0.345375,0.075312,0.960989,0.785517,0.155283,0.241450,0.888692,0.645461,0.017472,0.697613,0.988017,0.501545,0.641236,0.206564,0.104090,0.379735,0.967152,0.158799,0.034742],
[0.834393,0.406731,0.659653,0.742641,0.278484,0.237405,0.686712,0.665853,0.863398,0.090181,0.611722,0.483756,0.435555,0.687034,0.444745,0.221072,0.842317,0.686195,0.109765,0.487778,0.703667,0.807377,0.475795,0.205212,0.448613,0.682359,0.309302,0.828348,0.649511,0.468101,0.863090,0.483904,0.874832,0.522743,0.226545,0.153316,0.760148,0.913257,0.819169,0.623547],
[0.003438,0.430891,0.107303,0.438993,0.117924,0.552048,0.660066,0.960241,0.238243,0.769830,0.448019,0.941910,0.577208,0.923813,0.147122,0.025821,0.606172,0.456424,0.854169,0.255683,0.924525,0.717259,0.739586,0.799357,0.240002,0.966131,0.952672,0.000151,0.879389,0.771841,0.623697,0.882827,0.202732,0.731000,0.321820,0.320656,0.283048,0.981885,0.280897,0.521291],
[0.751716,0.728916,0.463201,0.328923,0.652729,0.610323,0.354744,0.258901,0.066747,0.208913,0.514583,0.991272,0.926172,0.254170,0.790629,0.166175,0.220301,0.743302,0.166325,0.099690,0.515143,0.790023,0.982516,0.717875,0.521023,0.304336,0.038531,0.804071,0.286222,0.319428,0.325362,0.037937,0.048344,0.788563,0.366861,0.701072,0.398886,0.721605,0.959973,0.465633],
[0.930518,0.474556,0.456905,0.856690,0.728726,0.247534,0.022865,0.949027,0.990836,0.189191,0.048717,0.505979,0.979213,0.031233,0.223854,0.500236,0.335569,0.262385,0.304307,0.621791,0.581813,0.629669,0.659729,0.630157,0.418231,0.026589,0.331229,0.817117,0.748194,0.291202,0.282750,0.678712,0.765758,0.739655,0.535402,0.494484,0.987190,0.558268,0.443511,0.978026],
[0.747458,0.492227,0.484005,0.726672,0.523460,0.707859,0.226908,0.859030,0.970244,0.531215,0.480821,0.552058,0.160883,0.140550,0.182215,0.579114,0.167139,0.513444,0.396231,0.915333,0.804646,0.678981,0.594045,0.570405,0.418636,0.129447,0.064888,0.405826,0.687715,0.508399,0.383852,0.435173,0.000626,0.867857,0.161845,0.524087,0.575716,0.388752,0.383117,0.545960],
[0.919967,0.863938,0.098018,0.080851,0.004488,0.280233,0.659965,0.171627,0.793677,0.056196,0.086959,0.598324,0.735178,0.681004,0.168728,0.153814,0.810452,0.233617,0.559640,0.498166,0.742016,0.943492,0.933339,0.742642,0.811349,0.095184,0.266729,0.387065,0.483936,0.649846,0.933025,0.403903,0.513784,0.031043,0.484754,0.518271,0.311276,0.144719,0.689898,0.104954],
[0.200916,0.776857,0.703277,0.936093,0.457862,0.872005,0.089907,0.268313,0.105622,0.649548,0.766480,0.847638,0.593040,0.699819,0.590280,0.404389,0.795003,0.857008,0.791453,0.278939,0.506854,0.724478,0.682843,0.020638,0.755522,0.167597,0.538909,0.066798,0.312316,0.228806,0.171751,0.513232,0.005664,0.875029,0.449325,0.463525,0.747034,0.539232,0.731838,0.852656],
[0.188780,0.498318,0.700293,0.781820,0.198137,0.290573,0.186209,0.993140,0.147581,0.977662,0.272080,0.654436,0.702141,0.954922,0.675073,0.457662,0.122519,0.213982,0.524460,0.434835,0.442789,0.696212,0.948067,0.448452,0.571240,0.397392,0.911977,0.318274,0.936624,0.643816,0.170930,0.125404,0.142134,0.871223,0.907224,0.340271,0.161796,0.093433,0.333411,0.309378],
[0.071095,0.605491,0.963813,0.773235,0.560413,0.638887,0.230898,0.682933,0.852869,0.755358,0.117768,0.295657,0.451569,0.065835,0.744109,0.022810,0.463227,0.656087,0.341084,0.399851,0.299902,0.512014,0.525255,0.442036,0.383237,0.432479,0.782307,0.545034,0.525912,0.115718,0.854412,0.597006,0.721209,0.818225,0.370242,0.281622,0.457112,0.601139,0.964555,0.309980],
[0.356497,0.082323,0.605638,0.808066,0.148158,0.349747,0.830876,0.611385,0.005834,0.171960,0.011236,0.305736,0.683974,0.536491,0.747772,0.067211,0.968970,0.530079,0.612245,0.494881,0.645797,0.466657,0.091887,0.367006,0.284882,0.462129,0.648629,0.741993,0.063268,0.613184,0.051974,0.419765,0.695507,0.657611,0.227831,0.843665,0.007359,0.058707,0.455050,0.013192],
[0.230667,0.466286,0.318929,0.914641,0.002776,0.066701,0.981852,0.971746,0.596780,0.594097,0.466627,0.242577,0.060754,0.558515,0.609583,0.345635,0.020644,0.258212,0.087628,0.083912,0.871396,0.139602,0.503677,0.566903,0.797213,0.731508,0.410568,0.804572,0.790215,0.865618,0.817764,0.020881,0.331903,0.136693,0.935522,0.334680,0.203394,0.917374,0.306426,0.800174],
[0.511471,0.773053,0.042751,0.572225,0.331568,0.652334,0.917860,0.352211,0.910546,0.005488,0.436123,0.781942,0.145090,0.939800,0.348844,0.942304,0.671307,0.759412,0.746876,0.461522,0.625029,0.564640,0.482403,0.956933,0.701333,0.417925,0.291613,0.904727,0.335300,0.598038,0.704900,0.846771,0.371091,0.747651,0.418996,0.702659,0.399985,0.336856,0.054870,0.310531],
[0.342344,0.490993,0.092473,0.487435,0.430793,0.441317,0.429738,0.102100,0.200729,0.176614,0.563622,0.825758,0.741254,0.046025,0.782691,0.442587,0.463951,0.074304,0.347314,0.799250,0.672342,0.052214,0.646021,0.043433,0.799866,0.065017,0.746092,0.199851,0.401873,0.800962,0.510382,0.744217,0.291955,0.602854,0.231651,0.722748,0.044171,0.661390,0.824848,0.244900],
[0.838004,0.388470,0.070658,0.579258,0.434495,0.853349,0.021845,0.898446,0.927653,0.369159,0.697696,0.599995,0.421373,0.343718,0.643428,0.221239,0.408735,0.389519,0.421089,0.810607,0.190481,0.931471,0.554824,0.482436,0.534326,0.786476,0.205183,0.578497,0.447866,0.030031,0.823397,0.285869,0.418501,0.894055,0.865127,0.852996,0.747404,0.886971,0.751442,0.675057],
[0.256130,0.449138,0.275052,0.677503,0.792856,0.918480,0.898742,0.201591,0.307999,0.319831,0.012198,0.498480,0.251302,0.567022,0.980915,0.785628,0.353498,0.186099,0.364125,0.801364,0.216130,0.187522,0.087233,0.634631,0.081577,0.952359,0.487627,0.828981,0.839331,0.239069,0.504039,0.095461,0.688207,0.779091,0.772964,0.481063,0.697570,0.671706,0.682654,0.005569],
[0.991537,0.694852,0.504048,0.242839,0.261874,0.484964,0.028467,0.615372,0.671062,0.392592,0.416736,0.887192,0.580113,0.503968,0.521823,0.661690,0.456328,0.009449,0.490672,0.295659,0.248518,0.994710,0.391120,0.936725,0.773801,0.164084,0.417788,0.471371,0.835789,0.100442,0.476940,0.827326,0.795293,0.980989,0.070165,0.057167,0.465952,0.098632,0.672539,0.137015],
[0.491224,0.089275,0.024207,0.071337,0.593243,0.546029,0.733027,0.049571,0.555478,0.223699,0.345230,0.803996,0.218409,0.736349,0.740722,0.992210,0.900433,0.158510,0.463581,0.736222,0.258951,0.940521,0.563548,0.054245,0.921510,0.633713,0.111412,0.387462,0.732345,0.783951,0.524477,0.223569,0.873225,0.548684,0.294906,0.466468,0.094713,0.027933,0.516039,0.650191],
[0.251632,0.861269,0.454188,0.470041,0.597618,0.194909,0.462252,0.498050,0.353419,0.925833,0.234272,0.612370,0.866354,0.797820,0.666615,0.787864,0.431534,0.778026,0.175327,0.163879,0.561977,0.699804,0.387448,0.435202,0.248488,0.682354,0.901671,0.343200,0.710287,0.417710,0.993392,0.961919,0.278978,0.447579,0.431961,0.876596,0.642489,0.894212,0.374646,0.995907],
[0.820045,0.608919,0.608278,0.686400,0.406739,0.274892,0.474264,0.838272,0.052919,0.649591,0.002151,0.614896,0.349395,0.389599,0.050098,0.597882,0.071953,0.951769,0.941083,0.782240,0.369479,0.934474,0.744159,0.648457,0.382054,0.176120,0.525053,0.024542,0.070332,0.899699,0.020450,0.890377,0.508618,0.628727,0.576777,0.915357,0.903620,0.051041,0.753629,0.956539],
[0.700632,0.755780,0.571435,0.050027,0.145379,0.621533,0.647909,0.217332,0.573302,0.588992,0.999572,0.942781,0.523466,0.743731,0.591238,0.905519,0.919851,0.116291,0.930062,0.990183,0.015990,0.950511,0.880560,0.524608,0.579239,0.457337,0.439965,0.482859,0.508378,0.193594,0.439397,0.209009,0.949374,0.010832,0.259036,0.094753,0.632366,0.906945,0.312085,0.205668],
[0.495936,0.311657,0.148449,0.019402,0.055388,0.739687,0.924921,0.975238,0.855978,0.854983,0.965421,0.871968,0.805495,0.845981,0.396576,0.384733,0.303318,0.836541,0.867592,0.811695,0.030134,0.306990,0.020705,0.979508,0.317822,0.279740,0.074261,0.950187,0.186685,0.386346,0.155855,0.682621,0.698003,0.304304,0.702023,0.753391,0.043991,0.626945,0.728629,0.899969],
[0.481928,0.694050,0.771937,0.287423,0.540032,0.168513,0.672156,0.843349,0.005054,0.539748,0.655045,0.035188,0.846738,0.675749,0.014696,0.164560,0.955490,0.088958,0.114747,0.142175,0.475304,0.270602,0.824796,0.173307,0.574906,0.526820,0.926698,0.618897,0.153764,0.655327,0.518866,0.635692,0.349377,0.290803,0.923115,0.889409,0.459316,0.595271,0.732758,0.464370],
[0.135019,0.387803,0.499558,0.981757,0.063552,0.514254,0.146317,0.019042,0.603211,0.261063,0.161217,0.078515,0.531666,0.986013,0.251822,0.106572,0.512833,0.178520,0.725469,0.666597,0.833847,0.244335,0.302289,0.183224,0.535138,0.225404,0.072633,0.994454,0.820675,0.805391,0.458824,0.955694,0.193194,0.958381,0.937451,0.256746,0.472635,0.083768,0.275788,0.075846],
[0.344831,0.437005,0.154361,0.876497,0.423018,0.406183,0.983069,0.935851,0.584703,0.708538,0.602448,0.418550,0.952873,0.904737,0.601773,0.488011,0.130141,0.674406,0.482465,0.950816,0.479797,0.941289,0.906511,0.672991,0.899670,0.843962,0.929737,0.372305,0.927730,0.205525,0.448151,0.272561,0.642531,0.602512,0.149058,0.065549,0.008696,0.132127,0.001399,0.593399],
[0.840665,0.603847,0.011948,0.793538,0.508584,0.613722,0.281549,0.638725,0.288128,0.764014,0.589542,0.767925,0.705303,0.496053,0.440916,0.604973,0.340015,0.370653,0.977278,0.267745,0.576179,0.425429,0.540307,0.218709,0.027941,0.689365,0.284258,0.036637,0.821492,0.285657,0.630036,0.662158,0.889505,0.641984,0.455696,0.398089,0.255706,0.737245,0.036814,0.543834],
[0.501259,0.626356,0.311759,0.206562,0.122409,0.752675,0.811535,0.462424,0.123328,0.788813,0.730169,0.699507,0.214241,0.270475,0.918216,0.242182,0.959840,0.202474,0.278819,0.781333,0.488132,0.908855,0.443490,0.377636,0.550839,0.899186,0.775725,0.806545,0.636431,0.812539,0.350378,0.137690,0.438895,0.662137,0.344253,0.561303,0.414811,0.155788,0.023727,0.538139],
[0.944601,0.753896,0.237646,0.158842,0.024371,0.155862,0.401025,0.984211,0.358336,0.679844,0.765544,0.846468,0.588699,0.209034,0.224104,0.139538,0.108220,0.999829,0.946082,0.744652,0.812368,0.296460,0.882342,0.251263,0.958597,0.226595,0.812566,0.373408,0.382383,0.836293,0.911548,0.326984,0.590189,0.149194,0.485826,0.614560,0.305056,0.886850,0.598771,0.663392],
[0.566694,0.364315,0.509859,0.155393,0.573350,0.733963,0.294930,0.681570,0.733791,0.241013,0.426222,0.546159,0.537473,0.308564,0.797422,0.496070,0.535158,0.609988,0.869479,0.917541,0.446281,0.781026,0.244525,0.036469,0.930220,0.730350,0.651029,0.235275,0.617201,0.249800,0.898667,0.183895,0.614115,0.408526,0.339287,0.187465,0.142489,0.634218,0.869035,0.876280],
[0.875231,0.295257,0.422439,0.412704,0.603820,0.219861,0.908774,0.138978,0.829849,0.778252,0.056520,0.276130,0.559278,0.301044,0.312599,0.489498,0.031394,0.963628,0.724773,0.648595,0.213428,0.623440,0.832490,0.827544,0.031966,0.171777,0.015009,0.174455,0.805995,0.884044,0.050736,0.681225,0.179301,0.473175,0.093929,0.783121,0.693036,0.002703,0.922099,0.522885],
[0.780955,0.978619,0.799014,0.340234,0.279663,0.111613,0.829732,0.311058,0.075241,0.554505,0.959653,0.288670,0.177946,0.792142,0.116214,0.209912,0.963919,0.131223,0.384367,0.769914,0.015267,0.435103,0.451140,0.194568,0.908278,0.545069,0.977689,0.601314,0.547771,0.899788,0.124199,0.328727,0.878407,0.923213,0.668960,0.158070,0.034827,0.498692,0.469128,0.110068],
[0.053197,0.428781,0.398738,0.231143,0.220923,0.514952,0.441055,0.184842,0.646174,0.825422,0.954756,0.661441,0.260525,0.405896,0.856009,0.168803,0.950965,0.833697,0.770117,0.498736,0.733486,0.894315,0.827463,0.611893,0.817529,0.496423,0.769963,0.852355,0.995115,0.239091,0.962423,0.048312,0.667871,0.361161,0.279455,0.888794,0.876113,0.720509,0.073636,0.522287],
[0.545931,0.028393,0.183728,0.806456,0.434288,0.039737,0.975259,0.385253,0.873434,0.745375,0.883989,0.606920,0.639691,0.711452,0.218812,0.457219,0.207874,0.988775,0.309574,0.202989,0.227866,0.271997,0.251301,0.895738,0.633158,0.530755,0.784532,0.509271,0.251265,0.858168,0.031557,0.797196,0.886561,0.215285,0.603652,0.320849,0.255022,0.578911,0.706102,0.128456],
[0.324286,0.590091,0.735376,0.963977,0.301543,0.954188,0.421196,0.509417,0.942964,0.730770,0.712406,0.170830,0.002767,0.963707,0.066568,0.635925,0.494462,0.851099,0.145196,0.745727,0.709267,0.176753,0.542923,0.595828,0.392039,0.146575,0.916677,0.647061,0.725485,0.622779,0.775517,0.049771,0.212870,0.510893,0.013748,0.514413,0.465081,0.434944,0.023830,0.408045],
[0.165714,0.736236,0.578875,0.168481,0.699943,0.645442,0.804406,0.194406,0.496542,0.949602,0.940133,0.205809,0.126355,0.483056,0.801637,0.518393,0.629630,0.718315,0.165454,0.355116,0.341094,0.940971,0.404887,0.553964,0.451864,0.418635,0.068377,0.916946,0.853579,0.092207,0.324991,0.019292,0.828444,0.903866,0.187773,0.528387,0.549308,0.992179,0.722793,0.045850],
[0.941780,0.662926,0.251660,0.068135,0.145981,0.053297,0.586528,0.775611,0.771612,0.751983,0.130727,0.112706,0.692954,0.535614,0.666670,0.144818,0.954249,0.735047,0.061764,0.807828,0.827254,0.386755,0.827121,0.655698,0.290621,0.014894,0.184085,0.839930,0.007073,0.906878,0.885780,0.948853,0.569804,0.137440,0.016988,0.715785,0.190737,0.603517,0.491396,0.962349],
[0.355499,0.622123,0.075054,0.048453,0.157737,0.741724,0.193272,0.111987,0.476771,0.255036,0.919815,0.304025,0.641791,0.746935,0.959723,0.932412,0.761829,0.143808,0.772342,0.768902,0.050685,0.658122,0.717755,0.620489,0.795562,0.734743,0.336274,0.986298,0.338260,0.827670,0.948647,0.693759,0.449793,0.023701,0.742212,0.607530,0.765425,0.935484,0.719517,0.242196]],
[[0.190520,0.639332,0.546221,0.832311,0.386267,0.505944,0.764723,0.148096,0.649751,0.537065,0.916997,0.700437,0.195186,0.634752,0.320926,0.990748,0.369495,0.657199,0.977046,0.707755,0.484869,0.925693,0.401514,0.934662,0.949395,0.143726,0.542193,0.714820,0.079210,0.261710,0.957016,0.269729,0.901042,0.503237,0.102040,0.287309,0.009181,0.866763,0.435404,0.658932],
[0.403827,0.352402,0.359369,0.599014,0.987154,0.680295,0.589761,0.356649,0.337494,0.566808,0.064403,0.822363,0.492501,0.465917,0.757025,0.441895,0.609643,0.299218,0.156716,0.688853,0.560928,0.113732,0.958582,0.461969,0.616969,0.060622,0.749278,0.626150,0.927385,0.184682,0.285083,0.331212,0.537084,0.644452,0.930226,0.524238,0.324746,0.519987,0.880887,0.662240],
[0.086795,0.945290,0.484603,0.579296,0.411208,0.241628,0.021191,0.020851,0.540846,0.177907,0.709704,0.101774,0.291639,0.668286,0.563743,0.908608,0.728908,0.313020,0.534758,0.656294,0.497703,0.819841,0.987506,0.034787,0.464293,0.917732,0.559025,0.789039,0.437719,0.439912,0.451280,0.524514,0.385202,0.935883,0.103809,0.796409,0.177511,0.125001,0.817260,0.718357],
[0.302907,0.526964,0.820131,0.594546,0.195250,0.383874,0.503154,0.924158,0.696894,0.037912,0.580452,0.194597,0.857753,0.567958,0.229383,0.322045,0.485689,0.788408,0.111085,0.923408,0.228320,0.562364,0.447922,0.613522,0.498247,0.551732,0.409931,0.675758,0.676732,0.227191,0.394116,0.979639,0.754155,0.214247,0.574185,0.949405,0.598121,0.077339,0.873563,0.295015],
[0.115250,0.454015,0.489612,0.973003,0.021973,0.718995,0.295049,0.507662,0.507403,0.406133,0.431071,0.735723,0.968497,0.878993,0.349245,0.466744,0.430724,0.759176,0.142503,0.107456,0.986367,0.536618,0.087096,0.740522,0.750865,0.661281,0.689927,0.348986,0.738620,0.563490,0.644001,0.853870,0.017505,0.133612,0.826873,0.039478,0.852608,0.121922,0.547140,0.360011],
[0.528055,0.978211,0.095734,0.496553,0.857203,0.444978,0.963297,0.287928,0.204154,0.105800,0.395384,0.190521,0.642418,0.482480,0.931042,0.393283,0.143761,0.620969,0.742269,0.882381,0.184459,0.386269,0.736251,0.201964,0.519882,0.563124,0.241442,0.372489,0.685046,0.788582,0.732500,0.213101,0.766792,0.828234,0.709654,0.623996,0.273212,0.672951,0.911924,0.477366],
[0.778751,0.307308,0.667887,0.421169,0.789788,0.598930,0.814452,0.933549,0.219899,0.556721,0.815930,0.404358,0.942990,0.552181,0.606322,0.462871,0.115305,0.847763,0.835360,0.800351,0.636345,0.567860,0.013452,0.403137,0.396094,0.723106,0.027133,0.669307,0.396057,0.939057,0.146673,0.174807,0.246364,0.814560,0.595976,0.036153,0.413490,0.410428,0.969702,0.633389],
[0.967149,0.785632,0.037746,0.910138,0.337812,0.644068,0.373010,0.453117,0.491831,0.208370,0.253468,0.128176,0.776231,0.266919,0.531314,0.172325,0.990025,0.558447,0.841632,0.386082,0.497503,0.988305,0.560889,0.743868,0.802866,0.156866,0.780020,0.216356,0.567294,0.749722,0.849744,0.534443,0.535353,0.887491,0.444581,0.873166,0.531559,0.817591,0.326283,0.023390],
[0.025961,0.579750,0.151567,0.802191,0.846670,0.682881,0.974516,0.836695,0.241327,0.816148,0.222777,0.738831,0.804454,0.783666,0.482698,0.607319,0.940532,0.262719,0.823675,0.507826,0.012440,0.673419,0.042268,0.547794,0.560910,0.486849,0.420960,0.092469,0.304440,0.747242,0.115859,0.330401,0.326993,0.267426,0.132592,0.173662,0.950307,0.107108,0.010357,0.191634],
[0.923257,0.233134,0.930464,0.727710,0.016800,0.413163,0.335029,0.957332,0.675881,0.158704,0.465158,0.688322,0.832123,0.507426,0.236116,0.393033,0.994275,0.657075,0.485502,0.298715,0.404318,0.601362,0.629115,0.731310,0.868788,0.761707,0.904973,0.819094,0.868815,0.915330,0.010728,0.792072,0.148464,0.941193,0.519782,0.165264,0.354355,0.854811,0.122596,0.030237],
[0.013516,0.587754,0.718558,0.845639,0.095180,0.954674,0.238672,0.089454,0.611750,0.724175,0.388169,0.016067,0.325536,0.017284,0.747378,0.194324,0.778991,0.652350,0.013418,0.647807,0.567680,0.024147,0.439879,0.716145,0.965339,0.959661,0.881409,0.319695,0.814472,0.004006,0.349931,0.827988,0.591759,0.068490,0.673627,0.686939,0.023164,0.912299,0.776393,0.634914],
[0.636474,0.164562,0.650981,0.962010,0.181846,0.398359,0.156334,0.960837,0.050709,0.169752,0.608644,0.618389,0.193899,0.048522,0.334534,0.159238,0.008183,0.215943,0.478932,0.822655,0.219949,0.828864,0.650643,0.811708,0.897353,0.324269,0.498647,0.920517,0.236568,0.275041,0.555431,0.873042,0.439603,0.206412,0.835052,0.621449,0.604770,0.991385,0.582286,0.655479],
[0.161137,0.190930,0.273869,0.355036,0.239453,0.608402,0.514274,0.247636,0.824345,0.993206,0.070291,0.044294,0.822070,0.720933,0.856002,0.719423,0.045203,0.354649,0.639940,0.281771,0.629690,0.195371,0.154813,0.069293,0.401783,0.989865,0.690742,0.006554,0.981250,0.273028,0.662033,0.142387,0.463959,0.935901,0.497423,0.703411,0.544304,0.011697,0.951047,0.368649],
[0.004903,0.021338,0.412943,0.826973,0.742271,0.268946,0.546395,0.787474,0.623595,0.186336,0.069245,0.253285,0.381707,0.224058,0.322578,0.783490,0.213922,0.013319,0.790044,0.195172,0.286348,0.452077,0.337560,0.750306,0.387978,0.834983,0.453717,0.932282,0.846680,0.404764,0.300931,0.851583,0.426102,0.713874,0.678556,0.168373,0.982820,0.224951,0.955847,0.606415],
[0.411287,0.025092,0.859700,0.792994,0.249150,0.182277,0.576484,0.463072,0.195596,0.366528,0.658245,0.481944,0.818604,0.995804,0.232250,0.206582,0.830787,0.685967,0.138864,0.677467,0.090731,0.439795,0.529050,0.516833,0.153669,0.207606,0.685206,0.136489,0.432557,0.641053,0.742903,0.843844,0.666146,0.602603,0.636837,0.915296,0.784880,0.213321,0.378368,0.980476],
[0.579849,0.036613,0.462420,0.398453,0.032417,0.694670,0.605035,0.863204,0.380637,0.743899,0.540672,0.471369,0.183694,0.069722,0.988202,0.337363,0.277328,0.673409,0.473851,0.709885,0.314462,0.216754,0.553728,0.980608,0.819357,0.190566,0.895903,0.604237,0.403887,0.274271,0.584713,0.983736,0.310884,0.047133,0.382189,0.343301,0.741804,0.987225,0.206505,0.122441],
[0.731124,0.747177,0.593810,0.914818,0.816899,0.582012,0.252181,0.094227,0.255421,0.726032,0.804112,0.569883,0.942786,0.357840,0.550491,0.762144,0.548406,0.446394,0.366381,0.952293,0.720666,0.951094,0.936029,0.031550,0.998227,0.318219,0.374850,0.740031,0.305444,0.581356,0.862472,0.036568,0.328533,0.456282,0.951386,0.145432,0.038294,0.203566,0.239659,0.293716],
[0.929598,0.043771,0.863599,0.872384,0.401612,0.414090,0.634528,0.950018,0.860484,0.000909,0.902311,0.581150,0.952003,0.838340,0.612700,0.950230,0.156559,0.987550,0.690261,0.462003,0.568906,0.552733,0.498571,0.897438,0.009015,0.449956,0.042870,0.047310,0.653522,0.282529,0.341025,0.583121,0.326301,0.204624,0.455505,0.727912,0.618714,0.090033,0.677930,0.479198],
[0.090942,0.580241,0.060348,0.042944,0.418582,0.673048,0.993174,0.575141,0.660598,0.683435,0.037143,0.229504,0.236169,0.535714,0.126942,0.245184,0.985670,0.169812,0.292494,0.639193,0.452342,0.633519,0.222313,0.778642,0.838144,0.677818,0.506555,0.456858,0.767851,0.184485,0.936056,0.858793,0.764726,0.996404,0.901737,0.183308,0.669452,0.894911,0.758448,0.330050],
[0.578346,0.795592,0.559554,0.814515,0.331306,0.686496,0.059699,0.316976,0.856308,0.352193,0.956168,0.308650,0.985712,0.178481,0.087292,0.823856,0.856299,0.593847,0.280713,0.624151,0.778332,0.216769,0.482943,0.543058,0.213174,0.384680,0.726365,0.882626,0.279591,0.484814,0.212677,0.857938,0.280405,0.772230,0.672453,0.611711,0.458726,0.732152,0.928687,0.315034],
[0.084345,0.884855,0.623684,0.070057,0.063336,0.710976,0.893913,0.919636,0.304823,0.174626,0.543787,0.083155,0.391396,0.026730,0.626213,0.604570,0.411410,0.352578,0.487196,0.691001,0.837392,0.699873,0.548939,0.117798,0.472103,0.221391,0.729509,0.930830,0.953543,0.658195,0.245864,0.037888,0.543050,0.869548,0.107945,0.606387,0.580524,0.001858,0.526023,0.885348],
[0.176484,0.069809,0.968503,0.567880,0.096539,0.594716,0.172450,0.507949,0.947294,0.659646,0.198950,0.784686,0.359519,0.747888,0.902484,0.831622,0.969280,0.631993,0.762452,0.922823,0.290188,0.008316,0.960710,0.833238,0.877864,0.068655,0.439625,0.458388,0.070513,0.965648,0.343736,0.246997,0.035458,0.312238,0.814877,0.131997,0.906954,0.987327,0.639946,0.854248],
[0.646973,0.838896,0.638934,0.006492,0.586784,0.541418,0.838114,0.556064,0.173411,0.600566,0.478886,0.463599,0.608882,0.439597,0.296837,0.486745,0.508252,0.736462,0.945133,0.578765,0.702111,0.288869,0.825762,0.737569,0.601107,0.640639,0.869566,0.508061,0.627967,0.509511,0.362309,0.274940,0.348407,0.001243,0.281432,0.935191,0.542661,0.119546,0.491255,0.716072],
[0.720112,0.970141,0.179671,0.328993,0.409738,0.476508,0.815738,0.917990,0.212970,0.760872,0.496755,0.915081,0.049740,0.322517,0.652650,0.650847,0.963157,0.522215,0.158908,0.591123,0.031727,0.521217,0.866063,0.380134,0.522460,0.147495,0.315325,0.065121,0.267041,0.806580,0.781194,0.987152,0.776721,0.960864,0.316146,0.186460,0.437372,0.131884,0.104450,0.650342],
[0.892756,0.601205,0.565423,0.942496,0.923722,0.218073,0.593343,0.886879,0.740288,0.752251,0.478002,0.772015,0.273468,0.344066,0.152149,0.795928,0.491560,0.467474,0.861050,0.758601,0.274054,0.642243,0.745753,0.050775,0.603108,0.061899,0.237235,0.040480,0.193783,0.341684,0.690822,0.086539,0.942889,0.256245,0.029035,0.866611,0.474318,0.622378,0.753490,0.214606],
[0.374629,0.231493,0.986621,0.648097,0.575558,0.138769,0.444026,0.067118,0.606243,0.305076,0.825719,0.880297,0.947319,0.571473,0.931072,0.550426,0.633372,0.168306,0.590906,0.827155,0.509990,0.281728,0.913693,0.452879,0.537973,0.942728,0.319490,0.012291,0.565106,0.072981,0.226897,0.939735,0.304473,0.213518,0.587833,0.880031,0.352288,0.031859,0.947150,0.958531],
[0.336934,0.772869,0.838827,0.284253,0.344342,0.769899,0.834679,0.977713,0.938205,0.425585,0.804868,0.448195,0.707313,0.718561,0.901075,0.245286,0.661289,0.220565,0.257577,0.226396,0.293546,0.484474,0.166131,0.598019,0.697992,0.753964,0.478050,0.050279,0.785822,0.425200,0.008810,0.122756,0.198069,0.847637,0.407009,0.542411,0.617536,0.241689,0.520125,0.555741],
[0.667274,0.324993,0.003936,0.374587,0.043554,0.905011,0.619872,0.704843,0.125577,0.877449,0.931239,0.419122,0.361923,0.097370,0.017141,0.059915,0.851334,0.495192,0.110194,0.637156,0.920392,0.119004,0.759912,0.118461,0.966641,0.166922,0.660872,0.584177,0.408610,0.180997,0.139918,0.075884,0.505989,0.143855,0.450471,0.549543,0.048866,0.070343,0.254386,0.174442],
[0.947792,0.185625,0.593565,0.309715,0.282995,0.610706,0.369630,0.134329,0.105898,0.479824,0.771485,0.026289,0.598829,0.531397,0.144750,0.565470,0.698319,0.805622,0.149647,0.106929,0.986619,0.289565,0.182814,0.492608,0.433420,0.633285,0.042151,0.482286,0.703628,0.296538,0.656728,0.651420,0.482163,0.250293,0.961135,0.765158,0.860999,0.330766,0.899487,0.966897],
[0.810590,0.670972,0.993186,0.409419,0.202369,0.137937,0.974889,0.900688,0.943559,0.124536,0.007617,0.930178,0.414101,0.190431,0.422786,0.847521,0.823716,0.464938,0.329807,0.527343,0.761475,0.986535,0.178764,0.243638,0.236829,0.139899,0.008796,0.097828,0.470665,0.908283,0.064725,0.281255,0.579255,0.057911,0.690674,0.781624,0.195848,0.665562,0.682312,0.139407],
[0.790098,0.689929,0.069586,0.204199,0.880360,0.492372,0.051720,0.704076,0.957310,0.381527,0.231419,0.718785,0.368063,0.410183,0.962423,0.604891,0.550082,0.971219,0.702719,0.020747,0.879502,0.767444,0.302002,0.458757,0.825356,0.992675,0.240380,0.021204,0.658237,0.922692,0.160611,0.448335,0.612621,0.230197,0.652535,0.492981,0.722569,0.704255,0.197057,0.679878],
[0.085782,0.428477,0.398663,0.453845,0.838660,0.361086,0.058736,0.388742,0.332305,0.761456,0.409489,0.211807,0.528900,0.711491,0.670563,0.354255,0.704166,0.910943,0.375459,0.362403,0.833635,0.536070,0.810739,0.446256,0.766267,0.463273,0.939238,0.488835,0.167528,0.136295,0.168713,0.253310,0.564772,0.567376,0.707155,0.403432,0.928462,0.765891,0.792174,0.260767],
[0.527347,0.201662,0.472573,0.056247,0.913153,0.143136,0.410503,0.617319,0.054080,0.785962,0.979722,0.887715,0.322032,0.790461,0.333972,0.088298,0.253734,0.273209,0.577134,0.421262,0.409504,0.745847,0.674572,0.974276,0.313224,0.381727,0.377708,0.241686,0.147618,0.169881,0.502452,0.674966,0.371544,0.975026,0.731213,0.284697,0.118162,0.141715,0.902016,0.172242],
[0.927677,0.881738,0.059957,0.249709,0.672198,0.393929,0.338007,0.925932,0.667138,0.915141,0.347194,0.076643,0.660988,0.021766,0.050919,0.974212,0.403493,0.428626,0.215898,0.551111,0.598508,0.718350,0.226076,0.970051,0.693376,0.957289,0.254748,0.811538,0.099004,0.156764,0.983780,0.026681,0.038501,0.043737,0.276390,0.710699,0.437666,0.614398,0.636631,0.104804],
[0.529539,0.983825,0.181446,0.190527,0.005591,0.232365,0.164739,0.409083,0.660991,0.380637,0.960194,0.259499,0.098987,0.186271,0.229551,0.792363,0.143560,0.484299,0.603901,0.242564,0.641063,0.587680,0.269246,0.679564,0.631417,0.545636,0.390263,0.069083,0.160034,0.026895,0.173887,0.689573,0.010720,0.355333,0.880100,0.016311,0.587698,0.044840,0.425394,0.248689],
[0.425477,0.385589,0.508189,0.524464,0.571860,0.737739,0.316826,0.715419,0.222038,0.920727,0.957984,0.863101,0.508407,0.227229,0.542664,0.139824,0.772866,0.932928,0.208907,0.932900,0.959822,0.382794,0.622473,0.970542,0.738127,0.502573,0.986853,0.325825,0.547413,0.412248,0.574514,0.972889,0.797836,0.082703,0.497353,0.369696,0.820442,0.814179,0.085115,0.042480],
[0.734906,0.043099,0.905580,0.243313,0.270328,0.448245,0.383137,0.043194,0.381172,0.592044,0.976094,0.340995,0.974838,0.598566,0.311537,0.712965,0.101140,0.298390,0.038790,0.648552,0.710638,0.613304,0.621442,0.508474,0.696006,0.118795,0.878170,0.516448,0.932974,0.963285,0.558928,0.667880,0.006384,0.464508,0.911193,0.276712,0.912753,0.294331,0.319906,0.293926],
[0.886375,0.296000,0.634920,0.861213,0.894566,0.946458,0.574178,0.995706,0.244848,0.612968,0.644258,0.955486,0.226272,0.265700,0.463960,0.922278,0.384495,0.342130,0.438726,0.317469,0.305416,0.997654,0.985349,0.311800,0.462163,0.896543,0.588512,0.374916,0.190874,0.908418,0.668841,0.077249,0.204418,0.303762,0.938462,0.098985,0.250220,0.512640,0.094691,0.495068],
[0.125608,0.738949,0.450554,0.351880,0.004649,0.914514,0.274158,0.389144,0.256645,0.712884,0.706613,0.562060,0.710539,0.691962,0.873860,0.172702,0.588505,0.462372,0.547618,0.779378,0.370790,0.216459,0.856627,0.575209,0.520221,0.795089,0.674193,0.770440,0.307730,0.768884,0.265508,0.433338,0.507833,0.716062,0.785217,0.512481,0.630576,0.059375,0.901625,0.887221],
[0.772260,0.608238,0.449281,0.482799,0.300200,0.323141,0.655500,0.888704,0.785512,0.203118,0.668083,0.156303,0.419577,0.524710,0.731511,0.939798,0.319800,0.405705,0.710238,0.627529,0.174589,0.975746,0.060867,0.682421,0.691808,0.846084,0.194902,0.322385,0.905459,0.096527,0.209605,0.677719,0.704765,0.658886,0.160518,0.004964,0.982027,0.816018,0.893669,0.767539]],
[[0.019136,0.561752,0.923842,0.438712,0.086462,0.655353,0.378510,0.406262,0.061058,0.088748,0.033791,0.235647,0.064495,0.094657,0.918068,0.756303,0.940741,0.112970,0.078688,0.846201,0.209497,0.288293,0.523920,0.914262,0.947179,0.684438,0.919226,0.929205,0.500456,0.812895,0.696745,0.519591,0.374647,0.620586,0.958304,0.461109,0.275940,0.336814,0.867370,0.336998],
[0.425562,0.901161,0.572644,0.490057,0.995818,0.490712,0.246360,0.936560,0.603682,0.325047,0.782760,0.813179,0.613340,0.306680,0.727441,0.560519,0.991118,0.646667,0.489724,0.491574,0.459562,0.186469,0.011165,0.834209,0.807055,0.969468,0.295318,0.082995,0.306282,0.162688,0.419993,0.731844,0.063849,0.992637,0.221901,0.059667,0.483349,0.468260,0.996227,0.087031],
[0.793308,0.778988,0.900210,0.406648,0.085668,0.627651,0.967166,0.076786,0.274318,0.456890,0.568360,0.733880,0.643359,0.579524,0.568088,0.450414,0.548993,0.863406,0.533409,0.855275,0.026094,0.953402,0.587119,0.089943,0.946039,0.809020,0.149611,0.429388,0.277280,0.145838,0.516419,0.070588,0.924826,0.416628,0.477235,0.010494,0.044279,0.444401,0.087280,0.318596],
[0.901292,0.655639,0.052476,0.544651,0.235164,0.620564,0.995065,0.784156,0.483970,0.528475,0.639431,0.510064,0.481877,0.226550,0.600007,0.427916,0.035570,0.749618,0.857304,0.312850,0.895456,0.373722,0.383438,0.820281,0.790351,0.860673,0.830775,0.834629,0.305074,0.918055,0.153226,0.206366,0.573694,0.205702,0.751017,0.808858,0.826266,0.746083,0.593014,0.310236],
[0.274557,0.232445,0.820300,0.756434,0.458995,0.420307,0.184350,0.494565,0.169925,0.041654,0.807415,0.065381,0.415376,0.190853,0.885662,0.205727,0.051526,0.716437,0.040356,0.356600,0.634492,0.193582,0.562966,0.208186,0.399283,0.313984,0.017044,0.225549,0.060066,0.610058,0.535785,0.334624,0.842503,0.356085,0.091058,0.301498,0.776392,0.275408,0.796063,0.946317],
[0.317062,0.603478,0.011698,0.732438,0.794331,0.897360,0.938164,0.845857,0.613797,0.978520,0.202457,0.248289,0.172102,0.765423,0.456475,0.571385,0.079407,0.473519,0.796934,0.139474,0.083577,0.332719,0.474097,0.926079,0.688803,0.565155,0.227578,0.465195,0.840563,0.023641,0.411512,0.157625,0.627119,0.423210,0.890062,0.421451,0.320570,0.828227,0.267308,0.934368],
[0.806747,0.469765,0.182657,0.978849,0.235188,0.639132,0.550235,0.314595,0.112651,0.347169,0.454069,0.196227,0.679888,0.928166,0.122307,0.368691,0.493321,0.349885,0.833886,0.333885,0.373526,0.245398,0.491509,0.000645,0.668608,0.381572,0.422096,0.989179,0.209799,0.689403,0.923546,0.016546,0.159168,0.106203,0.995395,0.394356,0.745335,0.545630,0.708952,0.857986],
[0.892799,0.163021,0.054213,0.572686,0.091187,0.176520,0.941377,0.584509,0.526405,0.775264,0.918393,0.899930,0.020662,0.409903,0.900576,0.689271,0.791475,0.322671,0.678449,0.001273,0.012075,0.601995,0.017819,0.171243,0.708198,0.013214,0.565599,0.453533,0.558844,0.274551,0.311519,0.451643,0.437572,0.365733,0.024329,0.528759,0.542253,0.965706,0.113268,0.068658],
[0.740970,0.031661,0.968588,0.761632,0.441564,0.869164,0.450903,0.233038,0.191835,0.129352,0.234312,0.203910,0.731348,0.252131,0.375153,0.439546,0.265345,0.940752,0.893080,0.824190,0.215303,0.204599,0.275832,0.652876,0.570332,0.300161,0.181635,0.112585,0.265867,0.294902,0.181242,0.006837,0.326563,0.149830,0.768470,0.768127,0.018994,0.219373,0.001165,0.210829],
[0.348725,0.235477,0.414739,0.080073,0.487608,0.789891,0.519619,0.752953,0.730644,0.412699,0.577143,0.945947,0.617298,0.852975,0.598823,0.187630,0.153136,0.780457,0.300214,0.419003,0.075360,0.481457,0.425841,0.401923,0.631287,0.194311,0.170050,0.650281,0.413683,0.171215,0.861109,0.762409,0.406692,0.275848,0.842482,0.894300,0.065739,0.362101,0.647253,0.796383],
[0.774801,0.224395,0.742330,0.392099,0.077370,0.341152,0.579729,0.230506,0.121610,0.879943,0.649510,0.196969,0.361399,0.075350,0.598892,0.992686,0.269661,0.768942,0.642967,0.683344,0.940157,0.504076,0.445753,0.346849,0.779924,0.288235,0.241148,0.845664,0.650336,0.888401,0.642047,0.425137,0.112796,0.384377,0.817236,0.190167,0.725529,0.396964,0.420673,0.847139],
[0.276907,0.070182,0.044108,0.638306,0.145533,0.643000,0.630993,0.415194,0.411943,0.273959,0.098538,0.352100,0.778036,0.544291,0.698949,0.557960,0.832526,0.940097,0.403624,0.482862,0.828498,0.045671,0.907999,0.941294,0.430047,0.725235,0.131461,0.155577,0.122199,0.552134,0.002715,0.399106,0.622316,0.046824,0.037412,0.767849,0.689824,0.668405,0.183042,0.101767],
[0.942364,0.281580,0.453866,0.720400,0.825871,0.152815,0.278360,0.658397,0.092912,0.681984,0.141259,0.921410,0.727654,0.049258,0.862704,0.157702,0.774493,0.994165,0.313278,0.896691,0.546299,0.315994,0.295797,0.168615,0.362817,0.333209,0.936464,0.052641,0.001613,0.119506,0.154408,0.943977,0.401087,0.608274,0.664377,0.226958,0.761089,0.942737,0.885355,0.854001],
[0.624720,0.026614,0.775411,0.352375,0.075872,0.638115,0.510076,0.850365,0.632280,0.823354,0.747056,0.178579,0.139348,0.042853,0.347194,0.502165,0.376062,0.283658,0.554806,0.377675,0.403164,0.709214,0.321652,0.804251,0.317489,0.986029,0.031209,0.078578,0.928766,0.916564,0.932579,0.553487,0.943178,0.707990,0.905861,0.019050,0.346105,0.415938,0.869414,0.978385],
[0.239292,0.616470,0.156964,0.378640,0.659323,0.504159,0.880805,0.035385,0.787817,0.435612,0.413060,0.190981,0.144826,0.734712,0.995232,0.462315,0.720742,0.026441,0.540893,0.649508,0.943005,0.473472,0.202994,0.886182,0.181462,0.108856,0.905232,0.527568,0.524793,0.774646,0.505953,0.764086,0.391116,0.662917,0.142726,0.050439,0.167076,0.023531,0.085824,0.954893],
[0.459143,0.498884,0.145874,0.603969,0.233596,0.141106,0.066283,0.954338,0.167547,0.607176,0.603846,0.110551,0.080648,0.806840,0.996734,0.262110,0.915696,0.901965,0.789678,0.440489,0.676611,0.295631,0.204575,0.067728,0.958548,0.347301,0.118167,0.125624,0.370832,0.203991,0.080517,0.829974,0.702875,0.226390,0.433943,0.936471,0.367496,0.500226,0.890809,0.535043],
[0.107402,0.494654,0.645594,0.188051,0.301494,0.642328,0.450161,0.217190,0.544293,0.239839,0.657679,0.220905,0.535470,0.862254,0.288632,0.494018,0.209555,0.406799,0.619642,0.580386,0.610790,0.700159,0.410360,0.313665,0.926549,0.844303,0.250136,0.294045,0.344530,0.140945,0.829088,0.451932,0.635599,0.474683,0.639983,0.937093,0.117011,0.090144,0.154282,0.661304],
[0.329983,0.811962,0.882209,0.865453,0.674215,0.170841,0.359471,0.883770,0.577641,0.979113,0.464156,0.188431,0.679272,0.874516,0.502096,0.605821,0.718820,0.752232,0.899866,0.063349,0.893177,0.728954,0.515281,0.528775,0.203637,0.155264,0.465868,0.320648,0.245408,0.620150,0.981952,0.575391,0.432112,0.864160,0.440844,0.106327,0.035002,0.800315,0.990097,0.612642],
[0.779428,0.454253,0.801073,0.458700,0.328769,0.303169,0.064521,0.047589,0.055401,0.964387,0.110938,0.948578,0.693341,0.626220,0.477353,0.896978,0.781484,0.943220,0.217626,0.026892,0.563370,0.199578,0.602283,0.995482,0.063738,0.043127,0.101809,0.098740,0.843442,0.091906,0.711382,0.622870,0.546159,0.512455,0.081569,0.874928,0.815624,0.146090,0.922517,0.871025],
[0.110477,0.033456,0.819603,0.803818,0.659676,0.296956,0.700796,0.441160,0.240176,0.918423,0.468052,0.803547,0.118000,0.070335,0.799029,0.181738,0.113463,0.900838,0.280478,0.956905,0.992744,0.991860,0.579774,0.538903,0.504315,0.661344,0.413831,0.319939,0.807433,0.336349,0.190965,0.917910,0.369804,0.010568,0.721728,0.029480,0.307524,0.422525,0.470640,0.547700],
[0.340947,0.938692,0.351247,0.458947,0.009027,0.150276,0.640686,0.122490,0.051114,0.921164,0.079395,0.043857,0.913024,0.659169,0.582760,0.417339,0.320512,0.996592,0.737279,0.127946,0.332940,0.928244,0.045856,0.702745,0.938812,0.767584,0.732225,0.246335,0.190109,0.202865,0.794036,0.531056,0.141557,0.145282,0.990004,0.150584,0.295558,0.630690,0.273074,0.346672],
[0.551854,0.352469,0.390529,0.464878,0.011638,0.973290,0.882217,0.332150,0.969881,0.619495,0.460096,0.302822,0.547739,0.505952,0.005566,0.486551,0.273536,0.737791,0.732886,0.463645,0.940656,0.526922,0.994702,0.082212,0.672204,0.984706,0.232796,0.967762,0.615395,0.505870,0.314434,0.167249,0.858339,0.704963,0.632126,0.869977,0.678253,0.514343,0.202127,0.648134],
[0.133839,0.662223,0.950956,0.681578,0.168175,0.956522,0.168128,0.441711,0.694313,0.901015,0.905357,0.634969,0.427936,0.900059,0.717181,0.100141,0.884764,0.949978,0.067903,0.500160,0.455848,0.382337,0.667409,0.314187,0.087300,0.299535,0.184164,0.765553,0.813878,0.386291,0.413687,0.947717,0.048513,0.364643,0.629295,0.216688,0.321165,0.797423,0.658400,0.015479],
[0.698438,0.563757,0.650447,0.126374,0.463815,0.367629,0.226515,0.348580,0.317606,0.294418,0.848740,0.773454,0.676755,0.516148,0.087641,0.764055,0.815683,0.271805,0.529608,0.629562,0.658096,0.943296,0.577279,0.706609,0.307939,0.206574,0.923298,0.629104,0.003997,0.581698,0.644583,0.702435,0.145454,0.295030,0.828810,0.609270,0.662659,0.055325,0.957850,0.980266],
[0.349742,0.806589,0.753720,0.026497,0.322737,0.841361,0.790552,0.138421,0.113167,0.320160,0.767982,0.771262,0.263456,0.345261,0.477872,0.571395,0.551835,0.401169,0.200499,0.555832,0.982867,0.845082,0.258267,0.128321,0.140112,0.087077,0.737591,0.802772,0.142401,0.695441,0.783037,0.492144,0.502030,0.536757,0.518641,0.824767,0.378118,0.309193,0.963188,0.491285],
[0.629354,0.731170,0.262547,0.892810,0.076431,0.740419,0.464205,0.628266,0.141588,0.664704,0.184098,0.124455,0.509786,0.442366,0.252776,0.649899,0.529442,0.990367,0.452670,0.671844,0.685808,0.235707,0.163988,0.187838,0.772464,0.682628,0.012605,0.150583,0.991822,0.975793,0.641867,0.621175,0.706963,0.904414,0.513985,0.783395,0.644833,0.978190,0.411661,0.786421],
[0.642894,0.595759,0.910875,0.152681,0.038125,0.163651,0.802580,0.567567,0.154018,0.255250,0.239411,0.839826,0.490957,0.403399,0.027663,0.263422,0.086027,0.040268,0.414004,0.077849,0.016061,0.055872,0.699024,0.723025,0.960286,0.213009,0.506419,0.605119,0.191199,0.918080,0.391540,0.834093,0.513840,0.302416,0.986774,0.551965,0.466067,0.789354,0.119532,0.620085],
[0.044604,0.358943,0.459911,0.535561,0.762341,0.487575,0.798983,0.848368,0.527843,0.212987,0.926217,0.543904,0.268859,0.625241,0.266929,0.229145,0.838250,0.773348,0.834265,0.029449,0.691428,0.225805,0.863542,0.205268,0.528220,0.850316,0.757233,0.994287,0.639670,0.876765,0.614373,0.684274,0.235708,0.074284,0.219835,0.998049,0.561859,0.018818,0.846417,0.089702],
[0.231805,0.772635,0.633606,0.500664,0.397876,0.900535,0.729810,0.236125,0.673883,0.564075,0.265574,0.365311,0.789879,0.129117,0.570579,0.318100,0.979433,0.327812,0.312387,0.619102,0.204577,0.926760,0.303376,0.440284,0.001044,0.523211,0.438333,0.562903,0.542028,0.284751,0.652604,0.773834,0.057385,0.286210,0.274498,0.455261,0.186745,0.004308,0.691386,0.860627],
[0.568382,0.956961,0.225938,0.358262,0.086077,0.796518,0.676362,0.065510,0.124329,0.988749,0.684612,0.328906,0.915509,0.987988,0.769190,0.916553,0.511199,0.207523,0.479456,0.053227,0.492274,0.132060,0.827061,0.549659,0.418270,0.101559,0.004920,0.605015,0.105867,0.696306,0.465642,0.674249,0.653267,0.691580,0.032511,0.739344,0.488098,0.708872,0.804853,0.612427],
[0.697621,0.489466,0.941333,0.613131,0.477454,0.710523,0.529684,0.988653,0.918047,0.009140,0.041880,0.410320,0.141199,0.868941,0.959980,0.559469,0.970500,0.964899,0.164484,0.076366,0.661206,0.630126,0.750615,0.314472,0.321706,0.783126,0.053816,0.809804,0.491998,0.858669,0.422231,0.189620,0.348135,0.363565,0.802751,0.825589,0.074088,0.332434,0.814242,0.992135],
[0.341574,0.856122,0.402455,0.482773,0.725063,0.362435,0.042243,0.695562,0.327334,0.206727,0.771929,0.988540,0.836853,0.522544,0.303012,0.158559,0.305670,0.356828,0.968363,0.797669,0.215497,0.390595,0.987289,0.563632,0.754159,0.790039,0.389221,0.828247,0.122474,0.203463,0.820382,0.464047,0.059584,0.222837,0.946821,0.784647,0.585272,0.989064,0.480209,0.912606],
[0.195790,0.252138,0.901146,0.032643,0.774682,0.204157,0.191202,0.080352,0.560985,0.159565,0.878021,0.776482,0.550160,0.865309,0.340114,0.304319,0.655349,0.729336,0.132567,0.777822,0.932798,0.952949,0.241870,0.992383,0.175786,0.188690,0.777030,0.761058,0.177754,0.257240,0.673664,0.373544,0.509378,0.574809,0.406187,0.284060,0.778966,0.597389,0.364412,0.339952],
[0.756955,0.242433,0.116434,0.307115,0.107742,0.456548,0.611434,0.763091,0.185884,0.744001,0.540913,0.118682,0.696950,0.782783,0.111065,0.872736,0.971473,0.888095,0.633794,0.149227,0.145335,0.307457,0.522771,0.654713,0.882267,0.928958,0.938772,0.661233,0.526348,0.303185,0.001185,0.283302,0.545618,0.117618,0.590417,0.653360,0.574167,0.201851,0.416451,0.760051],
[0.945852,0.957364,0.878733,0.642802,0.740147,0.989798,0.515538,0.711620,0.877894,0.149332,0.860847,0.023228,0.456790,0.383618,0.677941,0.339056,0.312576,0.616713,0.000289,0.838924,0.919898,0.001474,0.122226,0.465516,0.119092,0.712643,0.118876,0.693259,0.914494,0.535327,0.453309,0.860347,0.492691,0.332042,0.503149,0.232838,0.321840,0.018687,0.944458,0.199734],
[0.168019,0.805305,0.222962,0.624809,0.188923,0.900903,0.963865,0.501500,0.517617,0.964154,0.340423,0.437515,0.965628,0.462649,0.903031,0.084720,0.175293,0.021907,0.777979,0.089787,0.557234,0.231288,0.950133,0.049925,0.563330,0.453282,0.282764,0.885171,0.471970,0.227222,0.084905,0.639989,0.032528,0.307867,0.264798,0.221451,0.208770,0.228663,0.722951,0.726387],
[0.192817,0.063374,0.163902,0.158445,0.526023,0.066933,0.243165,0.701316,0.088839,0.021144,0.791103,0.646073,0.252432,0.741236,0.695998,0.815762,0.194518,0.978762,0.700933,0.666488,0.205984,0.785838,0.306477,0.238512,0.093705,0.571275,0.459963,0.302476,0.799938,0.182914,0.028863,0.992755,0.246288,0.192765,0.151201,0.772311,0.259698,0.394366,0.473627,0.348537],
[0.415510,0.264730,0.994610,0.667942,0.005966,0.690608,0.483705,0.200485,0.669370,0.184638,0.866973,0.875355,0.970476,0.173450,0.113867,0.064181,0.744725,0.573830,0.366657,0.544663,0.756744,0.395520,0.537419,0.003031,0.588284,0.688619,0.775342,0.847982,0.082985,0.248970,0.196519,0.498495,0.513700,0.191129,0.166438,0.519666,0.881737,0.650142,0.720151,0.551107],
[0.834780,0.587123,0.426462,0.805256,0.760573,0.540329,0.869437,0.505298,0.114159,0.236094,0.049961,0.870902,0.631613,0.587380,0.873934,0.219898,0.275999,0.649276,0.067880,0.358985,0.898246,0.264399,0.857480,0.411946,0.455527,0.023918,0.931611,0.337264,0.674060,0.651762,0.888371,0.508840,0.238885,0.314833,0.314096,0.999459,0.855162,0.183533,0.504757,0.969321],
[0.419627,0.554718,0.840223,0.051240,0.142098,0.714157,0.271138,0.418098,0.363433,0.339018,0.777083,0.261679,0.603417,0.634563,0.673624,0.058944,0.658481,0.605236,0.396208,0.332541,0.256998,0.284579,0.841381,0.495883,0.599412,0.155477,0.495342,0.454574,0.339011,0.000098,0.423895,0.758638,0.554817,0.264118,0.809878,0.696915,0.978274,0.081016,0.115013,0.341707]],
[[0.420035,0.892095,0.603386,0.023451,0.526658,0.277010,0.082396,0.185139,0.882245,0.478604,0.517680,0.139243,0.763183,0.359061,0.635126,0.362595,0.514538,0.130468,0.817169,0.853549,0.130566,0.241064,0.612186,0.685383,0.505181,0.422064,0.382298,0.483456,0.503081,0.497311,0.825163,0.923115,0.389406,0.428548,0.946567,0.916064,0.705558,0.028962,0.101203,0.587803],
[0.507566,0.618883,0.727046,0.270749,0.977944,0.362173,0.633344,0.492482,0.492640,0.450513,0.346031,0.623207,0.691577,0.958217,0.308590,0.196758,0.380281,0.690887,0.680214,0.883362,0.188198,0.505376,0.806477,0.577604,0.933924,0.753044,0.493668,0.639482,0.782006,0.594871,0.227285,0.289573,0.213754,0.954332,0.560321,0.191698,0.316504,0.193665,0.684180,0.809144],
[0.644178,0.030210,0.432351,0.335755,0.988427,0.740941,0.532513,0.368709,0.431828,0.212727,0.252071,0.620026,0.718103,0.058548,0.197630,0.652027,0.811592,0.691297,0.291509,0.593599,0.286168,0.518794,0.883171,0.499922,0.473126,0.443493,0.691620,0.789630,0.637158,0.375800,0.598774,0.281336,0.406010,0.031125,0.617091,0.394437,0.772066,0.149604,0.763146,0.203894],
[0.362330,0.015217,0.823919,0.080433,0.073765,0.021549,0.732460,0.885357,0.712846,0.023969,0.478956,0.999015,0.542763,0.362127,0.498937,0.015888,0.805620,0.190556,0.805518,0.442778,0.566356,0.404292,0.724114,0.972366,0.435418,0.341205,0.366803,0.207483,0.490809,0.129950,0.411377,0.853139,0.145167,0.235297,0.933572,0.218932,0.256846,0.666032,0.104289,0.969692],
[0.690000,0.583245,0.968707,0.232763,0.945372,0.467643,0.248651,0.750992,0.658200,0.054169,0.193770,0.224556,0.458462,0.917884,0.196922,0.893879,0.259088,0.563725,0.101363,0.749897,0.693675,0.512740,0.603036,0.838841,0.748037,0.536608,0.057773,0.004882,0.202640,0.162062,0.974574,0.892640,0.745307,0.943281,0.125403,0.690680,0.410924,0.374054,0.441672,0.069124],
[0.428223,0.635442,0.293680,0.886685,0.553325,0.490602,0.780564,0.812414,0.054327,0.881927,0.562311,0.748002,0.394667,0.165347,0.586843,0.142703,0.701955,0.644616,0.147586,0.904595,0.806678,0.122160,0.797235,0.551985,0.065441,0.922638,0.242665,0.476365,0.296692,0.684337,0.545489,0.724915,0.319778,0.839169,0.611601,0.873104,0.329770,0.392165,0.685517,0.384097],
[0.274092,0.247828,0.132099,0.668759,0.413175,0.718941,0.811462,0.115130,0.363557,0.959048,0.019725,0.170235,0.081207,0.816960,0.722221,0.146648,0.739598,0.964885,0.623013,0.036290,0.649222,0.168502,0.761205,0.969000,0.007670,0.372806,0.842104,0.337440,0.764971,0.527621,0.721537,0.039063,0.775449,0.853636,0.707821,0.188625,0.572577,0.519283,0.303755,0.936135],
[0.478331,0.323480,0.106370,0.559539,0.140440,0.828591,0.706187,0.880038,0.793476,0.329200,0.916328,0.442698,0.497701,0.677533,0.411698,0.505371,0.050339,0.253802,0.842811,0.815310,0.781423,0.564349,0.854372,0.556872,0.417985,0.562194,0.745497,0.990562,0.081477,0.049252,0.926696,0.559808,0.372731,0.033066,0.119347,0.513171,0.861657,0.825534,0.393209,0.655133],
[0.154733,0.309536,0.097830,0.652434,0.987069,0.509528,0.157805,0.037408,0.763330,0.000617,0.852718,0.544753,0.564966,0.707090,0.101625,0.982950,0.269283,0.847121,0.973512,0.350760,0.896373,0.900209,0.910569,0.269104,0.933275,0.029915,0.782275,0.794932,0.855449,0.175484,0.450065,0.010182,0.485020,0.547895,0.662616,0.472090,0.057423,0.820422,0.509498,0.820753],
[0.821039,0.362216,0.365506,0.386004,0.069305,0.467131,0.368955,0.338589,0.314252,0.342467,0.689349,0.210625,0.242675,0.599918,0.479729,0.175951,0.629833,0.262004,0.970882,0.485282,0.437488,0.420947,0.495465,0.922509,0.968842,0.158081,0.394599,0.026266,0.978503,0.904096,0.847019,0.799542,0.266312,0.212525,0.185546,0.335617,0.679655,0.554501,0.674206,0.993907],
[0.896967,0.363555,0.204532,0.139643,0.963473,0.684261,0.315593,0.593307,0.946265,0.286476,0.078589,0.383754,0.707423,0.574054,0.306262,0.676265,0.732135,0.700861,0.702531,0.710638,0.604958,0.549550,0.510179,0.871269,0.762075,0.695725,0.206887,0.441730,0.250226,0.881093,0.435638,0.147193,0.244649,0.640170,0.286836,0.208122,0.324430,0.602429,0.801429,0.270696],
[0.888905,0.880018,0.654449,0.596328,0.454072,0.960712,0.272593,0.186207,0.661573,0.975124,0.896844,0.266530,0.524674,0.407024,0.137800,0.286749,0.102749,0.344686,0.728479,0.352975,0.225780,0.164117,0.500168,0.470428,0.804286,0.787004,0.678550,0.128717,0.389433,0.479978,0.399412,0.278338,0.359996,0.053861,0.874667,0.814068,0.014573,0.147260,0.000274,0.676146],
[0.122384,0.897119,0.942676,0.647058,0.304142,0.080475,0.933807,0.406891,0.425162,0.662286,0.759866,0.650941,0.826403,0.260034,0.121369,0.630689,0.047038,0.799919,0.759406,0.436471,0.279898,0.158818,0.714810,0.639894,0.212680,0.589476,0.453962,0.227253,0.736736,0.454236,0.903398,0.859120,0.351354,0.846074,0.506179,0.655497,0.926549,0.439986,0.062388,0.351711],
[0.102272,0.822254,0.002653,0.928675,0.082288,0.124022,0.559365,0.129326,0.923941,0.318771,0.565797,0.203839,0.477589,0.280607,0.843733,0.690269,0.870083,0.297695,0.917522,0.606819,0.751930,0.820920,0.465940,0.103285,0.666994,0.972118,0.758781,0.593544,0.412104,0.821169,0.945255,0.514376,0.643423,0.947908,0.443051,0.725711,0.071930,0.002416,0.855037,0.995871],
[0.321187,0.420834,0.199710,0.798777,0.701441,0.043443,0.489046,0.571524,0.341138,0.406568,0.178344,0.093068,0.227488,0.644283,0.196353,0.894483,0.616402,0.955134,0.488027,0.028506,0.776303,0.433282,0.542882,0.419726,0.381189,0.985933,0.145437,0.453119,0.988349,0.000474,0.448990,0.309536,0.421308,0.648700,0.108313,0.122749,0.692144,0.597358,0.694274,0.033281],
[0.003926,0.872617,0.126349,0.231415,0.516901,0.322702,0.125897,0.133302,0.277836,0.613924,0.161808,0.054139,0.047205,0.704690,0.473865,0.428395,0.690623,0.619302,0.881514,0.678972,0.619776,0.330504,0.988508,0.041085,0.979204,0.096820,0.163834,0.671348,0.694179,0.858108,0.704630,0.698105,0.730725,0.830979,0.929520,0.247626,0.153681,0.055417,0.380928,0.431517],
[0.669341,0.542736,0.485656,0.716546,0.247426,0.959521,0.144940,0.938049,0.578823,0.026454,0.617020,0.198599,0.356958,0.605528,0.239684,0.336163,0.702349,0.403518,0.007511,0.396528,0.261626,0.712140,0.094633,0.992351,0.543120,0.024152,0.239977,0.696801,0.079569,0.620906,0.128318,0.748910,0.163642,0.613974,0.465455,0.411068,0.573496,0.610396,0.349117,0.152319],
[0.636850,0.966138,0.350918,0.993808,0.571666,0.590602,0.329971,0.274015,0.994120,0.337482,0.670542,0.255746,0.049622,0.765175,0.248098,0.592742,0.789327,0.488075,0.289543,0.868896,0.108980,0.417861,0.617806,0.272623,0.031835,0.083262,0.683691,0.605331,0.693658,0.032808,0.757650,0.330508,0.998946,0.108568,0.324316,0.570611,0.699170,0.654287,0.844626,0.693291],
[0.991768,0.515168,0.949037,0.041390,0.280343,0.197135,0.634132,0.069670,0.685210,0.923675,0.938567,0.794190,0.341536,0.556373,0.066813,0.373371,0.639635,0.750504,0.978702,0.333292,0.783311,0.736352,0.663800,0.782257,0.844920,0.988116,0.352868,0.544090,0.642402,0.197494,0.237381,0.634171,0.712663,0.186418,0.675561,0.993006,0.383553,0.309693,0.062676,0.068762],
[0.233368,0.001243,0.862952,0.574903,0.557616,0.929765,0.948274,0.197251,0.680268,0.926976,0.530543,0.463580,0.663328,0.194343,0.245837,0.508248,0.182459,0.598705,0.052338,0.824861,0.796200,0.289718,0.459032,0.508862,0.476136,0.134593,0.501868,0.859689,0.444286,0.564544,0.928451,0.677653,0.565787,0.791403,0.252557,0.123403,0.721168,0.200831,0.320654,0.401436],
[0.127807,0.851197,0.865016,0.791135,0.045540,0.110853,0.299383,0.227999,0.709558,0.351721,0.052861,0.505758,0.641439,0.511893,0.014620,0.117576,0.646486,0.516488,0.977265,0.090772,0.081032,0.905715,0.768425,0.646819,0.697119,0.020982,0.770222,0.418286,0.221813,0.090875,0.819722,0.349620,0.942072,0.684738,0.140756,0.987613,0.795591,0.440139,0.215612,0.505149],
[0.791860,0.268473,0.010906,0.433299,0.780366,0.025526,0.550875,0.426852,0.542014,0.528139,0.517624,0.623045,0.433855,0.286049,0.269864,0.130973,0.307031,0.040085,0.549260,0.528844,0.130961,0.368982,0.878464,0.073033,0.053720,0.019220,0.060646,0.849311,0.459359,0.276258,0.354460,0.251218,0.544732,0.365366,0.684518,0.325098,0.390893,0.235392,0.751950,0.932906],
[0.763532,0.269574,0.555951,0.197387,0.555623,0.825815,0.328360,0.862653,0.865900,0.877620,0.391497,0.996861,0.246602,0.269961,0.069894,0.300323,0.289180,0.130540,0.149634,0.748539,0.406798,0.504094,0.999757,0.951530,0.869461,0.684275,0.276628,0.260353,0.919667,0.028578,0.193259,0.683199,0.298151,0.749211,0.880586,0.853774,0.575026,0.208946,0.716427,0.440926],
[0.086567,0.107924,0.437787,0.333169,0.377885,0.507681,0.633491,0.667065,0.638220,0.783125,0.415604,0.045018,0.287220,0.415361,0.996548,0.156680,0.099636,0.273176,0.417033,0.019303,0.301753,0.610292,0.702503,0.599905,0.359503,0.583089,0.453678,0.934529,0.792035,0.170105,0.375454,0.878602,0.278029,0.813241,0.211771,0.655914,0.320922,0.845262,0.322979,0.959142],
[0.628388,0.738583,0.004160,0.915607,0.153944,0.000708,0.072287,0.253580,0.273884,0.489320,0.272883,0.575638,0.099613,0.975386,0.175542,0.459116,0.558475,0.629220,0.393644,0.350510,0.799326,0.769099,0.229112,0.077355,0.582340,0.440882,0.733268,0.903261,0.286145,0.056247,0.862403,0.914532,0.794829,0.866563,0.830139,0.948773,0.867272,0.902426,0.202353,0.141156],
[0.391747,0.475236,0.716793,0.491359,0.450622,0.892335,0.950475,0.009097,0.521556,0.344119,0.359607,0.320882,0.113218,0.588719,0.398236,0.695557,0.029601,0.131504,0.598818,0.315746,0.187751,0.461221,0.230278,0.982580,0.327785,0.060417,0.931353,0.195056,0.962843,0.133706,0.336212,0.354590,0.608943,0.053005,0.845949,0.059565,0.945341,0.796424,0.068662,0.466897],
[0.140543,0.428269,0.787778,0.253761,0.016988,0.186014,0.949318,0.046589,0.317519,0.548137,0.362335,0.505270,0.009358,0.592613,0.487850,0.337142,0.653030,0.419204,0.532199,0.615873,0.552910,0.868411,0.970463,0.161853,0.921416,0.816412,0.221418,0.866757,0.612836,0.290080,0.333654,0.753379,0.718349,0.121432,0.007139,0.735337,0.307447,0.956457,0.781927,0.624966],
[0.504594,0.144262,0.130235,0.513952,0.736875,0.618086,0.851094,0.389905,0.037289,0.383293,0.005778,0.590199,0.251704,0.976240,0.752052,0.173120,0.792652,0.973470,0.039877,0.405488,0.263550,0.373531,0.158866,0.981900,0.494963,0.166005,0.717237,0.802410,0.122463,0.499164,0.427376,0.627057,0.643426,0.557611,0.141009,0.380300,0.175697,0.992103,0.770205,0.212986],
[0.375396,0.775983,0.803185,0.627099,0.752223,0.555237,0.800219,0.544875,0.528707,0.840096,0.950363,0.792258,0.213627,0.109229,0.774158,0.708590,0.275234,0.491395,0.511000,0.397697,0.990559,0.938375,0.024754,0.633984,0.495986,0.165762,0.014285,0.671683,0.157865,0.784490,0.884669,0.533261,0.560472,0.687854,0.160360,0.312695,0.243091,0.960579,0.857570,0.771799],
[0.800674,0.807933,0.564056,0.014301,0.917161,0.338214,0.722891,0.192396,0.829609,0.233890,0.590093,0.820167,0.172265,0.614846,0.454152,0.668252,0.780608,0.468437,0.339934,0.938473,0.252927,0.224603,0.471734,0.813399,0.912457,0.632094,0.126094,0.155548,0.592672,0.983665,0.927347,0.393346,0.791598,0.491403,0.407647,0.708759,0.829617,0.130538,0.901155,0.659226],
[0.364428,0.491247,0.479394,0.536694,0.106093,0.933545,0.204945,0.886702,0.401982,0.544880,0.825175,0.654909,0.769483,0.296909,0.468308,0.681940,0.929003,0.594402,0.837488,0.521675,0.578067,0.764835,0.915021,0.369665,0.256238,0.322668,0.078424,0.085856,0.453206,0.979578,0.745082,0.817634,0.470825,0.224475,0.354328,0.576919,0.158021,0.559273,0.463620,0.560003],
[0.104152,0.288796,0.214912,0.873635,0.585705,0.683220,0.555575,0.514707,0.277622,0.393063,0.036382,0.855689,0.157898,0.951403,0.225354,0.414136,0.274071,0.303777,0.499992,0.727277,0.283356,0.245073,0.544911,0.754181,0.469549,0.899239,0.331100,0.627569,0.458512,0.794720,0.187572,0.562664,0.083515,0.402484,0.436299,0.669220,0.085704,0.991874,0.183927,0.363326],
[0.384937,0.220309,0.219015,0.542835,0.171712,0.444369,0.956972,0.445783,0.748146,0.456963,0.173060,0.031502,0.702037,0.717971,0.785683,0.171585,0.617210,0.116782,0.799155,0.075721,0.911502,0.986727,0.638385,0.995018,0.389211,0.074685,0.664238,0.474915,0.066559,0.848165,0.838241,0.451496,0.068474,0.057256,0.994332,0.240185,0.501625,0.951303,0.685968,0.249771],
[0.408266,0.859028,0.281273,0.110303,0.576999,0.066955,0.281888,0.194209,0.183738,0.081043,0.269930,0.095240,0.067770,0.908316,0.090257,0.456981,0.983000,0.754495,0.931896,0.049559,0.602659,0.770137,0.501056,0.671133,0.827393,0.495387,0.911319,0.329018,0.446691,0.597287,0.578789,0.854957,0.456315,0.860062,0.965260,0.033314,0.927017,0.247148,0.227523,0.110755],
[0.328191,0.497454,0.205994,0.395960,0.405769,0.296251,0.852941,0.388770,0.050746,0.784837,0.438329,0.653406,0.554973,0.939385,0.324539,0.382366,0.434772,0.235857,0.711384,0.881463,0.833144,0.290173,0.736420,0.289459,0.150235,0.701680,0.322774,0.077252,0.948828,0.550297,0.188006,0.277019,0.047751,0.394001,0.672980,0.453520,0.690252,0.525921,0.842290,0.740998],
[0.310757,0.280619,0.394404,0.865731,0.220004,0.718942,0.248097,0.654776,0.954799,0.959481,0.536238,0.787943,0.249654,0.272658,0.077403,0.399889,0.974339,0.400176,0.477140,0.923167,0.950473,0.665146,0.200186,0.998224,0.059147,0.873166,0.451744,0.749399,0.399086,0.294034,0.490397,0.709844,0.574653,0.884801,0.575574,0.794657,0.603743,0.823672,0.449432,0.558542],
[0.783153,0.985671,0.346486,0.032807,0.258329,0.423888,0.432695,0.232668,0.824065,0.909835,0.155835,0.774538,0.574982,0.356021,0.772762,0.634129,0.229187,0.224506,0.383528,0.628273,0.518540,0.873925,0.338117,0.093194,0.758725,0.913691,0.887850,0.362468,0.737363,0.337283,0.921010,0.520515,0.322954,0.267496,0.553322,0.581283,0.691384,0.986017,0.813951,0.515448],
[0.895853,0.969786,0.289986,0.470835,0.325807,0.062748,0.104964,0.554994,0.287254,0.488492,0.183267,0.805795,0.362416,0.521384,0.898988,0.121142,0.435075,0.786839,0.483610,0.172438,0.124122,0.404620,0.692953,0.447075,0.672115,0.246276,0.028359,0.363499,0.232293,0.842310,0.878948,0.128146,0.812095,0.168934,0.598981,0.137902,0.231682,0.703945,0.692896,0.518936],
[0.192436,0.876163,0.324731,0.554853,0.397547,0.223719,0.675994,0.832622,0.010558,0.159604,0.005060,0.134679,0.564223,0.698013,0.581755,0.236339,0.944289,0.610113,0.599838,0.176582,0.452423,0.478786,0.304728,0.264518,0.647720,0.903709,0.402421,0.879402,0.607653,0.095317,0.398338,0.800090,0.971480,0.723069,0.354942,0.369027,0.946788,0.030936,0.201650,0.957346],
[0.190540,0.206710,0.092025,0.754763,0.904723,0.673780,0.991102,0.849012,0.283893,0.590940,0.025594,0.736316,0.069726,0.330322,0.000834,0.717446,0.234031,0.403255,0.596848,0.841684,0.498572,0.995186,0.641774,0.470052,0.718254,0.996716,0.839079,0.665042,0.027652,0.040729,0.622388,0.218192,0.247439,0.714413,0.972955,0.152162,0.388193,0.964057,0.001174,0.672086]]];

c=[[6,8,7,10,2,9,1,3,3,1,3,3,9,4,6,4,2,1,6,5,8,10,7,4,3,4,1,6,3,1,4,9,9,2,10,10,10,10,4,4],
[3,6,7,3,9,4,8,1,6,4,5,4,5,4,9,9,7,9,4,9,9,7,9,7,1,8,8,10,10,1,4,4,6,2,6,7,7,5,7,3],
[8,3,6,4,6,6,2,4,6,5,3,4,4,1,3,4,1,2,5,2,3,10,5,10,3,2,6,10,6,4,2,6,9,9,1,4,4,3,8,9],
[9,2,4,4,4,8,9,6,10,6,7,2,5,3,1,10,4,9,9,2,2,10,9,10,8,9,6,3,3,5,3,4,6,8,9,1,6,8,7,7],
[5,3,8,9,8,10,8,1,10,8,4,4,7,4,3,6,5,10,10,7,6,2,2,1,10,1,4,7,10,10,3,4,4,2,4,1,3,4,4,3],
[1,7,6,10,3,10,7,7,2,7,5,7,10,9,10,9,9,3,7,10,2,9,3,5,10,8,6,5,3,1,7,4,9,2,5,1,3,1,9,4],
[9,4,1,9,2,10,9,2,2,6,1,5,6,5,1,8,4,8,2,7,8,8,2,7,1,6,7,5,8,8,9,7,1,1,7,4,10,5,5,3],
[2,7,7,10,3,7,7,6,5,8,2,4,7,3,10,9,10,9,3,8,6,1,6,8,1,4,1,2,10,7,6,2,5,4,1,7,3,9,2,9],
[8,6,2,4,10,2,4,10,2,6,9,9,9,6,6,1,9,8,5,8,6,10,1,10,4,3,6,6,1,9,4,10,4,7,5,6,10,8,7,1],
[6,7,9,4,2,6,6,2,3,10,1,8,2,4,9,5,6,4,2,9,5,7,8,10,3,3,5,3,10,1,5,5,9,6,10,10,1,8,3,6],
[9,4,5,10,9,4,6,4,9,7,2,3,5,2,5,10,4,9,4,5,2,8,2,10,3,3,2,6,10,6,1,9,1,7,8,9,10,4,3,1],
[2,6,5,9,7,9,8,2,10,1,7,3,8,8,2,3,2,5,10,2,1,2,2,1,8,9,10,10,4,4,10,8,9,4,6,8,5,3,9,4],
[5,5,6,2,4,9,6,6,4,5,9,6,8,10,6,6,8,7,5,4,10,6,1,1,1,8,8,5,2,6,8,6,3,5,9,6,4,7,3,9],
[1,1,4,9,10,1,6,10,10,10,3,1,7,5,1,7,4,8,2,5,6,1,10,8,6,10,5,1,6,8,1,9,10,6,9,10,8,4,9,7],
[5,3,8,1,9,10,7,2,8,10,8,5,1,7,4,8,8,10,10,4,9,10,2,9,5,10,8,2,3,8,1,9,10,8,9,10,7,7,1,6],
[7,8,2,9,6,5,8,3,7,7,8,5,6,9,3,2,10,2,5,4,9,5,2,10,2,2,9,1,9,1,8,7,10,10,5,7,6,4,2,2],
[10,9,7,7,10,1,8,9,3,2,3,3,9,6,5,2,8,3,2,6,6,10,4,7,1,10,4,6,3,5,8,2,5,6,8,4,6,7,5,8],
[10,9,3,8,4,7,10,1,1,3,8,6,2,1,5,4,10,8,10,2,4,9,5,10,4,2,6,1,8,10,9,10,10,3,7,3,9,6,6,9],
[9,5,7,2,6,1,6,7,10,7,1,3,5,5,2,10,9,7,10,6,8,10,7,7,2,4,2,10,1,9,1,1,3,7,3,10,9,10,7,8],
[6,7,10,2,3,3,3,1,2,2,9,9,4,5,8,7,8,9,9,9,7,9,9,1,7,3,1,5,4,7,2,1,5,3,4,7,5,6,10,8],
[10,8,7,3,2,4,9,2,4,7,2,2,7,2,2,3,7,2,9,10,10,10,1,6,4,4,5,1,10,4,8,1,3,6,3,4,1,3,7,4],
[2,8,5,8,2,9,3,8,2,1,7,2,3,7,9,6,3,3,8,4,8,6,4,10,3,6,6,4,10,2,7,1,2,4,9,3,4,3,10,5],
[3,6,8,5,5,7,3,9,1,10,2,9,7,7,8,10,4,3,3,3,7,1,4,8,6,4,10,9,6,1,4,10,8,1,5,4,7,9,2,8],
[10,5,8,9,1,5,8,4,10,2,9,8,4,2,5,10,7,6,8,4,8,3,3,5,4,9,9,2,7,2,1,7,7,8,5,9,5,4,5,6],
[7,3,3,10,6,9,9,4,4,9,7,3,1,9,7,6,8,7,8,4,9,10,2,7,8,8,7,4,1,1,9,9,5,3,9,10,1,9,3,6],
[9,1,8,10,10,6,7,9,3,4,2,3,6,6,9,5,3,7,8,6,8,8,4,4,2,4,6,2,5,8,9,3,1,8,4,10,3,1,8,7],
[6,1,9,1,8,9,5,3,6,4,8,5,1,3,8,2,9,3,5,3,3,5,5,3,2,9,4,7,1,1,5,6,3,4,9,1,4,3,3,9],
[7,2,5,9,6,3,3,4,7,7,6,9,2,3,3,5,3,6,3,3,8,8,10,3,3,8,3,6,1,7,7,9,8,1,7,5,3,9,9,2],
[8,6,10,1,8,5,7,2,10,10,4,10,9,4,2,1,1,6,8,3,2,4,1,1,5,10,5,9,10,5,10,7,3,2,9,2,6,6,4,7],
[7,9,6,5,2,9,7,5,4,6,9,5,10,2,7,6,1,4,4,2,8,6,1,10,7,9,2,4,6,7,10,2,5,8,8,9,6,6,5,10],
[2,3,6,3,4,3,8,6,8,3,8,7,8,10,7,6,8,10,9,6,6,9,9,2,8,7,10,3,4,4,2,5,7,10,7,2,4,6,8,1],
[9,7,7,8,8,5,4,7,6,4,2,1,4,1,5,1,9,4,4,2,8,7,9,6,6,7,9,9,3,8,1,3,4,8,2,1,2,7,10,8],
[1,1,10,4,1,6,5,1,10,8,3,9,6,1,6,2,7,4,2,1,2,3,3,7,2,5,10,5,1,9,2,3,1,4,7,4,9,3,4,10],
[10,6,10,7,8,5,8,5,1,2,7,2,6,10,10,7,6,1,1,8,9,5,1,2,10,9,5,10,1,8,10,2,6,9,8,3,6,8,9,6],
[9,6,9,4,5,10,2,2,1,2,1,1,6,1,2,5,1,6,5,1,4,6,2,9,6,2,1,1,9,2,8,9,7,8,4,1,8,5,4,8],
[8,4,10,4,7,2,10,7,7,6,8,2,1,1,2,9,2,5,9,2,6,9,2,2,6,5,4,3,1,7,2,9,2,2,4,8,3,5,7,1],
[1,6,5,3,8,6,1,2,10,2,3,5,10,7,6,5,1,1,10,4,7,1,4,1,4,9,10,6,3,6,9,5,1,3,8,9,8,8,10,10],
[9,4,4,10,10,2,5,3,2,4,6,1,6,1,1,10,9,10,7,1,8,5,6,8,9,5,8,9,4,9,8,3,3,1,4,2,4,8,6,8],
[3,3,8,1,3,10,10,1,1,8,4,8,5,1,8,3,5,5,1,8,4,8,2,8,1,6,1,6,5,7,3,10,9,10,2,4,1,3,6,2],
[10,9,9,4,1,6,9,5,3,9,5,8,9,8,5,1,5,7,6,2,3,9,3,4,10,4,7,1,6,2,2,7,3,2,1,3,10,9,10,2],
];
