m=40;
n=40;
p=3;
q=3;

alpha=[0.857093,0.913848,0.761165,0.761118,0.736968,0.981241];

proba=[[[0.918007,0.721657,0.741803,0.825374,0.300518,0.433926,0.255300,0.556023,0.001529,0.414588,0.398415,0.492802,0.971989,0.060191,0.403255,0.520967,0.580662,0.161778,0.144267,0.292751,0.421726,0.933095,0.383631,0.025938,0.800135,0.097817,0.853635,0.322465,0.620052,0.327570,0.284948,0.538059,0.049227,0.026751,0.363433,0.349745,0.460676,0.618733,0.905767,0.462205],
[0.033321,0.304182,0.955007,0.005310,0.364374,0.358262,0.526277,0.945036,0.520040,0.670544,0.237786,0.941766,0.603640,0.621417,0.967704,0.403775,0.719234,0.821339,0.726240,0.339286,0.148909,0.011188,0.877345,0.198136,0.037938,0.240779,0.547880,0.498615,0.859512,0.453648,0.960820,0.892833,0.757830,0.915827,0.898143,0.122204,0.274089,0.424420,0.067239,0.794130],
[0.094965,0.305026,0.735896,0.698605,0.926443,0.703600,0.102380,0.645677,0.524939,0.828620,0.984963,0.673848,0.839808,0.862308,0.871984,0.877746,0.103087,0.419864,0.376361,0.962598,0.873512,0.337181,0.855431,0.631342,0.253008,0.753574,0.753545,0.527097,0.177995,0.820785,0.321227,0.272960,0.125810,0.057123,0.971564,0.052253,0.760723,0.073944,0.697930,0.285662],
[0.902564,0.682893,0.959510,0.742372,0.545201,0.831494,0.620118,0.648287,0.251358,0.996479,0.610886,0.124870,0.333660,0.466317,0.756212,0.586669,0.219891,0.509757,0.113766,0.397886,0.330542,0.434993,0.670846,0.456352,0.492116,0.642410,0.508605,0.252839,0.716354,0.206535,0.538501,0.618918,0.889428,0.498012,0.361289,0.434628,0.329506,0.981408,0.082916,0.580864],
[0.977887,0.693802,0.705734,0.311548,0.160119,0.461946,0.898216,0.380010,0.971703,0.011982,0.777896,0.302245,0.446975,0.448742,0.758597,0.939091,0.091152,0.267202,0.191930,0.807506,0.473738,0.730431,0.426423,0.363165,0.228443,0.787713,0.797794,0.557949,0.769121,0.880709,0.138813,0.747008,0.574511,0.844547,0.058555,0.734629,0.306493,0.956771,0.114640,0.278196],
[0.968753,0.892536,0.580440,0.415728,0.341278,0.339038,0.354819,0.432430,0.606240,0.546749,0.239936,0.079978,0.277180,0.666359,0.443143,0.505623,0.454072,0.240936,0.063572,0.223192,0.121646,0.202384,0.970200,0.696157,0.046931,0.028755,0.430786,0.353424,0.985526,0.545426,0.631619,0.954279,0.437962,0.212060,0.370008,0.779239,0.551097,0.724827,0.211669,0.157337],
[0.271576,0.451605,0.237315,0.548757,0.117964,0.680458,0.054380,0.572035,0.921394,0.117952,0.795227,0.043040,0.320336,0.765427,0.739197,0.367267,0.794182,0.169983,0.720691,0.779708,0.715409,0.352310,0.733988,0.153370,0.564370,0.103995,0.932610,0.115467,0.828822,0.144279,0.272805,0.100399,0.595884,0.510120,0.649155,0.713847,0.190578,0.703535,0.285882,0.111972],
[0.821487,0.081109,0.155012,0.141823,0.846537,0.894209,0.509090,0.640719,0.064192,0.229781,0.420427,0.779601,0.582092,0.154415,0.932971,0.146462,0.258410,0.865581,0.261929,0.087233,0.009860,0.534734,0.187631,0.605744,0.044854,0.836787,0.319591,0.235431,0.540322,0.605473,0.347403,0.361808,0.686582,0.502416,0.503631,0.533119,0.396625,0.012721,0.173837,0.460817],
[0.242502,0.594264,0.240418,0.824594,0.748679,0.173390,0.971056,0.007089,0.038971,0.232985,0.094321,0.048831,0.767719,0.281953,0.654574,0.812572,0.118739,0.974165,0.048004,0.659061,0.579638,0.395407,0.020870,0.266220,0.897823,0.524501,0.799338,0.294448,0.537222,0.973176,0.755265,0.779724,0.567440,0.995684,0.604318,0.316119,0.169073,0.575374,0.323207,0.208044],
[0.808359,0.417529,0.256875,0.576077,0.699482,0.911449,0.388650,0.818221,0.885614,0.436653,0.477282,0.465252,0.832060,0.498152,0.731472,0.729883,0.022653,0.530810,0.024331,0.559875,0.503986,0.779596,0.339599,0.071426,0.775280,0.943918,0.387544,0.944353,0.519291,0.710752,0.152398,0.327650,0.128281,0.409273,0.903727,0.827762,0.320722,0.292377,0.645983,0.206336],
[0.729030,0.123266,0.671588,0.561090,0.621418,0.403060,0.290974,0.644070,0.933870,0.315305,0.203945,0.437856,0.094902,0.543544,0.509282,0.870182,0.487462,0.896826,0.814535,0.006753,0.607578,0.966933,0.334403,0.735859,0.376205,0.238130,0.563621,0.696927,0.530507,0.209604,0.903263,0.259537,0.332870,0.574852,0.820627,0.954288,0.977912,0.111601,0.598358,0.911782],
[0.426906,0.802303,0.349638,0.521807,0.345847,0.858919,0.391989,0.833308,0.755745,0.206524,0.840061,0.363323,0.173457,0.174464,0.099182,0.549662,0.412594,0.662802,0.246589,0.943101,0.872407,0.149852,0.202638,0.205277,0.724704,0.023265,0.159565,0.702616,0.134866,0.757922,0.614397,0.561772,0.560225,0.964035,0.083579,0.906072,0.822954,0.475568,0.739380,0.578699],
[0.682092,0.579441,0.942022,0.855549,0.753906,0.041204,0.405211,0.166500,0.704006,0.651800,0.109601,0.576413,0.801652,0.312238,0.781690,0.526356,0.335503,0.941255,0.228972,0.470369,0.699177,0.843369,0.032141,0.259402,0.807403,0.115720,0.165474,0.630357,0.591288,0.904854,0.209056,0.273380,0.484296,0.151078,0.128929,0.238201,0.192282,0.534140,0.404701,0.896288],
[0.185939,0.514302,0.472701,0.987591,0.826540,0.254391,0.513947,0.162044,0.195645,0.742919,0.632413,0.894823,0.586287,0.664553,0.154225,0.393691,0.780273,0.319699,0.024048,0.371561,0.224553,0.233104,0.644941,0.708849,0.384183,0.773870,0.947051,0.576465,0.308010,0.351752,0.472753,0.493949,0.866054,0.945454,0.481540,0.692594,0.199845,0.995487,0.854638,0.395490],
[0.738406,0.487050,0.290313,0.324694,0.151603,0.444537,0.718384,0.931876,0.764236,0.742432,0.303437,0.988790,0.975537,0.948378,0.697639,0.359719,0.722248,0.644690,0.936184,0.030257,0.996442,0.408937,0.524206,0.862495,0.354390,0.005746,0.555089,0.554235,0.001234,0.409727,0.949725,0.739640,0.896777,0.240038,0.064333,0.048380,0.684575,0.782718,0.980256,0.448812],
[0.525150,0.283693,0.437601,0.500687,0.232071,0.135241,0.860406,0.954318,0.779930,0.796590,0.984576,0.776372,0.205527,0.508782,0.638867,0.559917,0.514529,0.193956,0.114152,0.515762,0.603683,0.063877,0.255402,0.500459,0.303915,0.319735,0.548839,0.988490,0.102453,0.529095,0.437302,0.627603,0.812788,0.874903,0.128290,0.044859,0.010144,0.988696,0.999177,0.790074],
[0.785286,0.983753,0.566446,0.990813,0.492535,0.205313,0.550730,0.007064,0.399269,0.664882,0.522826,0.002952,0.728759,0.778228,0.503411,0.032674,0.097963,0.052250,0.021164,0.200416,0.581345,0.458465,0.828019,0.394133,0.333369,0.956309,0.438992,0.343512,0.945005,0.438169,0.133587,0.730290,0.421922,0.700032,0.721103,0.914457,0.905345,0.271832,0.921521,0.304614],
[0.936714,0.444346,0.307566,0.665473,0.222574,0.810977,0.698146,0.320537,0.863227,0.719310,0.520953,0.444572,0.177775,0.348972,0.838705,0.511144,0.305281,0.277697,0.854656,0.250285,0.715866,0.988243,0.980576,0.137788,0.688275,0.701679,0.052245,0.593621,0.973511,0.973766,0.898235,0.910225,0.418112,0.205801,0.575698,0.640686,0.016777,0.273844,0.961224,0.880004],
[0.993154,0.482177,0.324576,0.170929,0.831149,0.163281,0.682073,0.136430,0.440978,0.536730,0.386715,0.156845,0.524973,0.367291,0.294633,0.213248,0.068969,0.346878,0.806869,0.042480,0.320644,0.705104,0.952705,0.738756,0.910905,0.528403,0.379442,0.927682,0.802247,0.340666,0.807686,0.795401,0.822843,0.132262,0.966330,0.653992,0.295544,0.648404,0.790421,0.736522],
[0.185133,0.177136,0.893367,0.710106,0.544427,0.188000,0.923354,0.613396,0.534878,0.730222,0.655876,0.855521,0.435326,0.608581,0.594277,0.346230,0.136984,0.973720,0.273912,0.939231,0.314386,0.081599,0.734632,0.137229,0.213861,0.700962,0.791221,0.509405,0.349366,0.581642,0.245927,0.534499,0.758778,0.139293,0.244605,0.303205,0.327293,0.167958,0.916601,0.862170],
[0.898181,0.572477,0.717692,0.333506,0.181058,0.311969,0.679737,0.318043,0.285689,0.953649,0.257274,0.600074,0.035248,0.991906,0.737303,0.249109,0.692868,0.528524,0.758514,0.042234,0.110166,0.004440,0.576733,0.868944,0.143734,0.821338,0.172149,0.471027,0.989296,0.088751,0.333197,0.887477,0.661228,0.050889,0.220983,0.842286,0.362858,0.900720,0.160329,0.648546],
[0.854370,0.417602,0.248621,0.889618,0.409508,0.985924,0.138727,0.102376,0.514448,0.897240,0.144611,0.624613,0.901680,0.721344,0.493558,0.045414,0.542682,0.665707,0.516440,0.531978,0.754458,0.849637,0.419454,0.415686,0.900526,0.640438,0.257972,0.263384,0.541158,0.418301,0.911930,0.395527,0.835903,0.160551,0.285145,0.245411,0.146475,0.423871,0.347788,0.660923],
[0.321111,0.492398,0.285536,0.222792,0.213742,0.779094,0.268206,0.756424,0.444801,0.784646,0.288401,0.199258,0.634283,0.707856,0.614944,0.534810,0.348293,0.872916,0.798193,0.889451,0.291217,0.710124,0.284978,0.127120,0.870675,0.570123,0.372532,0.017150,0.993994,0.720320,0.678072,0.315105,0.212718,0.963608,0.537897,0.426460,0.742702,0.806103,0.182884,0.187503],
[0.590749,0.471285,0.386761,0.225032,0.179141,0.001705,0.759841,0.527435,0.874621,0.558035,0.416886,0.165838,0.268159,0.701864,0.292958,0.138833,0.271986,0.665490,0.155983,0.265980,0.385809,0.834055,0.581086,0.598527,0.797663,0.118983,0.024988,0.540365,0.925086,0.207872,0.727868,0.515834,0.679157,0.114629,0.740866,0.858298,0.116334,0.500708,0.385733,0.990955],
[0.058743,0.802619,0.156793,0.326901,0.504482,0.449751,0.465735,0.776469,0.115241,0.621718,0.042449,0.501051,0.455773,0.623535,0.099578,0.253436,0.742518,0.124566,0.793801,0.667604,0.332437,0.521669,0.183438,0.011594,0.636297,0.924305,0.869893,0.752631,0.425013,0.255626,0.743586,0.483756,0.058244,0.900379,0.810657,0.562726,0.350131,0.276392,0.339195,0.465372],
[0.898109,0.381644,0.966423,0.353882,0.005179,0.066001,0.607318,0.747696,0.190566,0.401119,0.415300,0.523003,0.922788,0.598739,0.534598,0.559085,0.523043,0.404490,0.311716,0.948056,0.660116,0.055302,0.431811,0.718360,0.955682,0.242468,0.281086,0.305813,0.518860,0.620281,0.771185,0.416969,0.001924,0.737608,0.770851,0.007103,0.803608,0.378169,0.754799,0.994174],
[0.779287,0.170100,0.517178,0.702075,0.768838,0.051775,0.261160,0.291881,0.456265,0.572876,0.239937,0.116381,0.628178,0.671749,0.834741,0.583860,0.914217,0.115827,0.889673,0.433077,0.736107,0.660858,0.850046,0.738032,0.398466,0.620897,0.745134,0.202074,0.999066,0.499934,0.196248,0.778353,0.670033,0.713426,0.480428,0.438871,0.765201,0.741588,0.730753,0.221467],
[0.314463,0.970690,0.337848,0.942642,0.642439,0.172589,0.526502,0.556656,0.288415,0.416175,0.989733,0.024523,0.077033,0.839780,0.762554,0.475498,0.460677,0.507689,0.677572,0.459743,0.007622,0.873820,0.238096,0.677656,0.587246,0.718524,0.116527,0.352447,0.460111,0.847280,0.573914,0.774575,0.817970,0.911761,0.717216,0.460409,0.084350,0.243718,0.017065,0.372765],
[0.659893,0.006799,0.397288,0.736926,0.846579,0.159842,0.212424,0.307256,0.667531,0.889997,0.766998,0.675153,0.763817,0.005094,0.352809,0.351063,0.723618,0.469336,0.703510,0.183729,0.316616,0.277424,0.958303,0.134586,0.189185,0.675520,0.594995,0.273535,0.919238,0.612061,0.646300,0.579131,0.618859,0.043587,0.316057,0.465438,0.203430,0.528482,0.772694,0.870961],
[0.418478,0.539692,0.546114,0.182295,0.544786,0.898923,0.533358,0.268403,0.368259,0.236868,0.452132,0.684876,0.514291,0.410435,0.819462,0.703476,0.085955,0.414457,0.977011,0.005193,0.026518,0.623310,0.584324,0.645377,0.666898,0.900381,0.110815,0.870327,0.428863,0.883509,0.741288,0.847341,0.423201,0.287402,0.029636,0.967987,0.186325,0.562994,0.236390,0.554584],
[0.799862,0.688522,0.239460,0.314153,0.098957,0.058922,0.017629,0.184912,0.473379,0.994640,0.190105,0.499897,0.617951,0.774429,0.145274,0.284848,0.674810,0.256090,0.155176,0.103673,0.139599,0.896464,0.951014,0.562800,0.183866,0.980650,0.530786,0.370191,0.543645,0.767176,0.924775,0.343507,0.455698,0.164235,0.657660,0.554655,0.223157,0.675289,0.739567,0.696536],
[0.669929,0.929671,0.196433,0.287880,0.704100,0.341707,0.572728,0.378910,0.597797,0.727904,0.482583,0.737396,0.624368,0.433597,0.300196,0.808234,0.414248,0.830982,0.178425,0.957892,0.598158,0.103200,0.301399,0.053856,0.267435,0.959059,0.608511,0.490592,0.634348,0.348077,0.187128,0.304277,0.277748,0.383561,0.592157,0.981848,0.725268,0.164885,0.360758,0.323065],
[0.892790,0.843341,0.060461,0.517158,0.276938,0.360657,0.325392,0.691186,0.191639,0.503817,0.649078,0.789797,0.607017,0.950477,0.843653,0.874452,0.909535,0.452164,0.365044,0.543883,0.800241,0.552172,0.848160,0.077989,0.935733,0.440317,0.059838,0.661001,0.605203,0.420596,0.984066,0.497993,0.263937,0.044527,0.015151,0.540875,0.405184,0.340543,0.232061,0.596823],
[0.844360,0.881139,0.386621,0.451377,0.831616,0.230274,0.325829,0.741151,0.682438,0.690873,0.285034,0.482679,0.243045,0.133195,0.560668,0.178777,0.573512,0.620505,0.839778,0.178715,0.041101,0.823843,0.676707,0.305038,0.868370,0.691858,0.845913,0.273555,0.032401,0.077974,0.870378,0.876760,0.959113,0.256999,0.328137,0.790728,0.487273,0.653965,0.531879,0.169710],
[0.344838,0.816914,0.652389,0.587883,0.950108,0.213057,0.766660,0.523620,0.833562,0.606437,0.702335,0.874663,0.430281,0.379042,0.179701,0.298651,0.070900,0.025614,0.572206,0.103301,0.103587,0.442584,0.980061,0.062700,0.699583,0.308198,0.853429,0.186855,0.962163,0.385308,0.356566,0.307002,0.202221,0.008955,0.894884,0.152329,0.222011,0.661544,0.675950,0.055573],
[0.267981,0.378284,0.930236,0.698262,0.757327,0.109936,0.996913,0.828227,0.135550,0.569119,0.931528,0.239137,0.011703,0.911590,0.301838,0.711286,0.219788,0.155266,0.898141,0.181951,0.540574,0.254707,0.488953,0.742796,0.263662,0.383837,0.895125,0.485673,0.045381,0.571075,0.541246,0.313362,0.949359,0.471481,0.011624,0.706686,0.581418,0.008537,0.534913,0.716968],
[0.577657,0.466442,0.956105,0.589360,0.378031,0.257943,0.300645,0.597819,0.413209,0.198786,0.779770,0.953783,0.453493,0.268723,0.696579,0.717155,0.652559,0.591704,0.202828,0.697940,0.162778,0.744073,0.011302,0.112137,0.215555,0.022927,0.818823,0.796973,0.031464,0.353736,0.513940,0.609121,0.820178,0.470045,0.198480,0.198209,0.727988,0.499125,0.796028,0.141197],
[0.697912,0.575797,0.094980,0.151405,0.844520,0.791559,0.868560,0.497079,0.383262,0.071388,0.195020,0.546040,0.815462,0.206322,0.658177,0.031016,0.229249,0.477000,0.827989,0.260713,0.830736,0.341929,0.869834,0.650914,0.811975,0.068314,0.849123,0.539963,0.567439,0.645150,0.681160,0.265351,0.220948,0.776140,0.416756,0.065468,0.567698,0.285317,0.562547,0.950960],
[0.356705,0.757567,0.497001,0.172167,0.963889,0.155178,0.203183,0.193137,0.632179,0.031172,0.453850,0.462915,0.373101,0.323684,0.113829,0.185076,0.391997,0.962952,0.725039,0.959437,0.608102,0.406198,0.224788,0.829050,0.182338,0.641544,0.894518,0.750036,0.926861,0.457065,0.700996,0.283566,0.214631,0.197997,0.455732,0.178520,0.353175,0.658915,0.371658,0.985354],
[0.690087,0.825508,0.448269,0.063189,0.149191,0.562098,0.248265,0.541189,0.525050,0.973303,0.500625,0.133153,0.379502,0.725413,0.962203,0.561839,0.366957,0.856721,0.311876,0.293818,0.313785,0.012872,0.577383,0.528417,0.210869,0.033116,0.706937,0.564045,0.692031,0.078595,0.549399,0.382118,0.904102,0.997668,0.445307,0.053294,0.559767,0.693571,0.594483,0.084817]],
[[0.666875,0.095108,0.217970,0.046376,0.820521,0.180172,0.608216,0.187478,0.036893,0.920091,0.481296,0.350679,0.932963,0.058679,0.879096,0.143833,0.091795,0.586033,0.707878,0.783826,0.664627,0.257277,0.165944,0.568730,0.254945,0.611251,0.622023,0.814711,0.304822,0.216506,0.899528,0.971697,0.311614,0.117498,0.018073,0.132135,0.297670,0.626289,0.319613,0.334564],
[0.546380,0.800909,0.685242,0.479344,0.859588,0.564338,0.623177,0.951383,0.150370,0.331054,0.735209,0.814997,0.588331,0.901153,0.383727,0.843275,0.512403,0.005750,0.657987,0.817225,0.222256,0.557515,0.788922,0.533870,0.675013,0.806995,0.666005,0.972684,0.433284,0.985618,0.307247,0.979665,0.786527,0.992489,0.459008,0.646115,0.556827,0.082185,0.597498,0.707197],
[0.413239,0.332707,0.522195,0.001570,0.233859,0.905922,0.844845,0.746263,0.911672,0.502832,0.563488,0.133929,0.060347,0.352410,0.667799,0.735360,0.159405,0.333804,0.708044,0.592689,0.319423,0.015291,0.572354,0.105950,0.007780,0.031362,0.752065,0.564607,0.113547,0.349563,0.271804,0.526787,0.682270,0.793998,0.528356,0.916129,0.699920,0.373202,0.662392,0.611592],
[0.876034,0.225880,0.745520,0.936381,0.578290,0.413319,0.671741,0.737695,0.747124,0.379784,0.330385,0.066546,0.395075,0.902739,0.172496,0.402855,0.934101,0.924561,0.967461,0.047648,0.274124,0.239265,0.574435,0.956394,0.033263,0.102791,0.872523,0.733183,0.475993,0.534915,0.344774,0.352027,0.760795,0.090295,0.288407,0.339085,0.503614,0.960148,0.076780,0.250737],
[0.339932,0.407164,0.317284,0.735007,0.309903,0.489780,0.137861,0.244004,0.414341,0.105322,0.291652,0.688465,0.344587,0.866087,0.644860,0.377850,0.968878,0.517383,0.111033,0.444872,0.052298,0.455807,0.796898,0.813093,0.546102,0.085305,0.152177,0.049716,0.045453,0.228957,0.300453,0.385385,0.636121,0.617737,0.120392,0.946023,0.107517,0.258253,0.190027,0.521858],
[0.363576,0.481679,0.210324,0.708163,0.347766,0.855183,0.086013,0.316644,0.372566,0.197046,0.761516,0.424864,0.652853,0.558414,0.237956,0.198955,0.643720,0.390133,0.248671,0.689173,0.619090,0.549124,0.074558,0.255211,0.166861,0.194950,0.201234,0.274378,0.453203,0.391261,0.796237,0.816778,0.872940,0.006560,0.524941,0.220705,0.861743,0.610954,0.537350,0.234309],
[0.808000,0.298866,0.659173,0.460853,0.857280,0.897129,0.659808,0.501000,0.287263,0.908479,0.190172,0.906353,0.457603,0.264730,0.161564,0.624464,0.459680,0.362798,0.898842,0.912882,0.754058,0.695079,0.729660,0.626998,0.701639,0.254601,0.847704,0.563382,0.865556,0.385053,0.797692,0.673555,0.683919,0.456865,0.134408,0.541199,0.353994,0.794216,0.042199,0.641257],
[0.702695,0.232371,0.547610,0.160298,0.497101,0.709174,0.784762,0.956780,0.071972,0.683604,0.869663,0.826030,0.378683,0.599323,0.453028,0.080322,0.853924,0.300732,0.643704,0.719480,0.685785,0.441396,0.393035,0.369704,0.898261,0.527444,0.910904,0.252255,0.321660,0.953102,0.893512,0.024355,0.185473,0.441122,0.184653,0.682574,0.150296,0.969415,0.639355,0.222268],
[0.653019,0.509017,0.048298,0.031702,0.108340,0.501326,0.112024,0.962265,0.802058,0.755728,0.681745,0.487843,0.197125,0.074780,0.857547,0.095385,0.602224,0.768451,0.347640,0.923884,0.721553,0.241152,0.948239,0.907026,0.682275,0.132892,0.589600,0.832571,0.102306,0.228955,0.054839,0.755325,0.737972,0.103137,0.787027,0.846312,0.604463,0.899051,0.808577,0.406520],
[0.654779,0.490321,0.894363,0.851904,0.565101,0.751911,0.947289,0.167325,0.520361,0.294930,0.091209,0.241914,0.536082,0.039448,0.148940,0.218357,0.172339,0.738541,0.050928,0.274645,0.967496,0.105766,0.029970,0.705467,0.208903,0.816997,0.551780,0.813366,0.716048,0.360356,0.219886,0.370828,0.850678,0.114249,0.222731,0.415779,0.866160,0.170021,0.583104,0.386521],
[0.464950,0.674313,0.628435,0.001032,0.713761,0.777376,0.219389,0.886100,0.515917,0.270316,0.160745,0.483412,0.376083,0.190715,0.188880,0.584986,0.007713,0.740659,0.398352,0.723761,0.101015,0.618238,0.094588,0.951693,0.732487,0.317320,0.367472,0.598647,0.487340,0.950576,0.985168,0.952290,0.624889,0.613604,0.953322,0.338650,0.390980,0.172711,0.224749,0.906896],
[0.443028,0.385494,0.390308,0.819111,0.576210,0.579188,0.404097,0.583922,0.319847,0.802448,0.307683,0.420862,0.420686,0.402272,0.372556,0.153173,0.719591,0.740028,0.751820,0.206932,0.690604,0.736989,0.159222,0.315493,0.350592,0.112544,0.654143,0.741572,0.285256,0.878892,0.648468,0.728283,0.264387,0.038776,0.547394,0.840597,0.617964,0.951491,0.424519,0.937811],
[0.753939,0.732202,0.358673,0.174625,0.134474,0.731229,0.327798,0.854065,0.471257,0.079619,0.060997,0.161860,0.816607,0.220219,0.477354,0.167199,0.332763,0.131496,0.908771,0.618019,0.010389,0.557239,0.346302,0.274775,0.596015,0.893696,0.115372,0.213979,0.845187,0.539891,0.151790,0.599126,0.272093,0.510463,0.773751,0.406567,0.241692,0.101549,0.260632,0.712949],
[0.181168,0.321629,0.874809,0.997775,0.541847,0.352163,0.164975,0.874610,0.483659,0.073746,0.492629,0.494048,0.630985,0.838931,0.768823,0.227000,0.732628,0.884195,0.440979,0.577814,0.424085,0.592769,0.176940,0.696178,0.103233,0.950691,0.102745,0.344925,0.052241,0.363377,0.057874,0.233409,0.685005,0.932683,0.231184,0.226853,0.284845,0.396159,0.101463,0.768504],
[0.469905,0.594092,0.262552,0.100890,0.433024,0.031375,0.327890,0.165651,0.915569,0.768869,0.743466,0.339655,0.361639,0.920406,0.035833,0.464871,0.871097,0.138578,0.809796,0.923338,0.501955,0.867670,0.156746,0.186960,0.800352,0.387930,0.413813,0.085198,0.784089,0.515276,0.853702,0.253994,0.109368,0.116254,0.354884,0.542392,0.147628,0.682774,0.708043,0.063197],
[0.451643,0.451508,0.402852,0.813281,0.371914,0.438685,0.278153,0.243012,0.577263,0.087949,0.166349,0.079218,0.955619,0.323096,0.266178,0.755971,0.711026,0.679991,0.841168,0.495115,0.195267,0.694870,0.749109,0.304635,0.811124,0.103993,0.847026,0.958752,0.786766,0.555069,0.021949,0.238409,0.006577,0.424801,0.051690,0.378492,0.863486,0.329843,0.621503,0.440749],
[0.417792,0.787852,0.519967,0.373411,0.110948,0.786145,0.129381,0.821974,0.466136,0.970550,0.317090,0.661403,0.665420,0.066199,0.966037,0.476544,0.170192,0.813064,0.435296,0.956958,0.368132,0.457245,0.195367,0.374710,0.882047,0.247057,0.753201,0.745533,0.576901,0.374704,0.186282,0.994692,0.162557,0.706249,0.368103,0.273505,0.492394,0.497484,0.095480,0.958530],
[0.468034,0.412569,0.619933,0.133454,0.478768,0.585970,0.609998,0.648960,0.399034,0.045294,0.605917,0.767166,0.502540,0.801284,0.141876,0.384586,0.048342,0.895077,0.130119,0.625242,0.269782,0.316401,0.619935,0.432339,0.022650,0.988038,0.705844,0.515044,0.485522,0.801323,0.473574,0.953556,0.213893,0.093507,0.087011,0.692661,0.679477,0.697009,0.341620,0.078511],
[0.742304,0.947538,0.845677,0.244843,0.748822,0.987553,0.629429,0.797164,0.882630,0.759548,0.422406,0.152412,0.075949,0.042341,0.584751,0.098599,0.030378,0.290594,0.613642,0.515900,0.091918,0.087216,0.469457,0.305810,0.180723,0.556467,0.998471,0.860200,0.253477,0.340091,0.938711,0.995780,0.287629,0.784388,0.240623,0.036451,0.771941,0.870053,0.833614,0.654572],
[0.629601,0.256020,0.806983,0.705550,0.298361,0.391734,0.804148,0.328739,0.682328,0.417791,0.844639,0.774246,0.505007,0.314096,0.080056,0.685730,0.870563,0.078527,0.545931,0.124040,0.418618,0.484642,0.119820,0.706247,0.269030,0.360443,0.742698,0.040971,0.230496,0.576312,0.695543,0.860097,0.832332,0.502526,0.565647,0.130693,0.894260,0.369795,0.459432,0.576589],
[0.787586,0.304071,0.350835,0.292593,0.618167,0.430891,0.978324,0.488730,0.509418,0.524254,0.612770,0.928036,0.008896,0.732590,0.634283,0.277926,0.093033,0.376981,0.318897,0.323529,0.953292,0.014440,0.183626,0.785625,0.516966,0.749273,0.916317,0.411227,0.119069,0.375749,0.987815,0.906655,0.679820,0.338650,0.199248,0.297987,0.769541,0.177572,0.786717,0.278959],
[0.701826,0.399487,0.206995,0.710722,0.132077,0.841278,0.988648,0.225110,0.218258,0.307545,0.548639,0.171551,0.321985,0.732266,0.957176,0.838952,0.481539,0.873493,0.250178,0.600607,0.249242,0.237994,0.507262,0.929062,0.576644,0.706510,0.227049,0.346184,0.884082,0.013766,0.625143,0.585907,0.413252,0.832138,0.296629,0.545329,0.673416,0.285277,0.770439,0.891674],
[0.592822,0.319078,0.063225,0.914808,0.051344,0.020401,0.753759,0.532883,0.893894,0.003938,0.133491,0.143136,0.241932,0.640753,0.072198,0.818575,0.347263,0.299247,0.164760,0.231344,0.313012,0.789903,0.817252,0.726265,0.622041,0.113881,0.271594,0.295457,0.399158,0.042033,0.187131,0.991980,0.361111,0.250357,0.906788,0.412456,0.270757,0.660547,0.945339,0.164651],
[0.664485,0.078829,0.307786,0.906417,0.719582,0.379984,0.724992,0.066844,0.679231,0.889752,0.298189,0.992243,0.679655,0.115440,0.718508,0.301696,0.229321,0.990102,0.597153,0.628479,0.032135,0.784285,0.620459,0.393246,0.034641,0.527247,0.805702,0.305398,0.187794,0.751040,0.470049,0.852280,0.829869,0.777836,0.758697,0.549451,0.157820,0.483689,0.616296,0.837051],
[0.373441,0.914484,0.829294,0.053097,0.029924,0.547801,0.354793,0.259245,0.537903,0.951947,0.887724,0.570038,0.736231,0.508183,0.963284,0.770872,0.035430,0.768985,0.076271,0.223225,0.520026,0.546320,0.075504,0.349895,0.324156,0.834201,0.899346,0.481976,0.317890,0.515642,0.319026,0.691331,0.430126,0.148320,0.744428,0.460051,0.696121,0.099222,0.719296,0.234024],
[0.051168,0.607020,0.804062,0.787399,0.115204,0.767346,0.558272,0.150634,0.536331,0.634543,0.373858,0.056357,0.180863,0.449363,0.406252,0.505019,0.283563,0.305598,0.986994,0.601453,0.821240,0.306021,0.292785,0.251367,0.454341,0.037213,0.711417,0.150462,0.136435,0.430713,0.384487,0.187603,0.037734,0.188549,0.975002,0.152937,0.955895,0.533274,0.303571,0.492226],
[0.167817,0.677429,0.548583,0.348680,0.126792,0.954835,0.853698,0.410355,0.260433,0.840693,0.011809,0.081673,0.146714,0.304594,0.333040,0.601055,0.341807,0.044458,0.751517,0.478241,0.475171,0.136004,0.665844,0.512905,0.324552,0.640846,0.665842,0.280447,0.174121,0.969413,0.772673,0.341937,0.646842,0.321255,0.690617,0.773634,0.276090,0.544316,0.183989,0.536523],
[0.385008,0.195798,0.618196,0.531722,0.500392,0.951236,0.132777,0.842198,0.995694,0.884294,0.320440,0.470865,0.020297,0.986284,0.983770,0.344850,0.627130,0.649612,0.625297,0.801251,0.619025,0.397969,0.143188,0.265867,0.719225,0.833805,0.039501,0.995314,0.378121,0.223490,0.531837,0.763129,0.419288,0.150034,0.294851,0.919680,0.101270,0.427628,0.761878,0.096964],
[0.311922,0.082318,0.567829,0.332219,0.068602,0.551599,0.677068,0.695732,0.201210,0.302365,0.496982,0.820235,0.700334,0.640171,0.086102,0.419559,0.473976,0.125603,0.414873,0.852097,0.349094,0.946711,0.615226,0.768382,0.096744,0.910077,0.688062,0.198014,0.337705,0.449940,0.294978,0.649627,0.532258,0.862807,0.981845,0.600859,0.414405,0.658914,0.296591,0.615616],
[0.961279,0.793574,0.435851,0.661613,0.433744,0.521953,0.081172,0.907720,0.647556,0.496045,0.759817,0.996650,0.442756,0.375043,0.765031,0.539500,0.285120,0.453093,0.737514,0.622825,0.903033,0.032491,0.272452,0.435291,0.895298,0.254297,0.036151,0.309703,0.913211,0.332742,0.925319,0.874490,0.126315,0.361169,0.536103,0.560060,0.883122,0.617274,0.467780,0.530678],
[0.113319,0.227597,0.527328,0.556075,0.602640,0.292359,0.095575,0.887760,0.745452,0.833088,0.510585,0.648486,0.865579,0.783037,0.083777,0.760877,0.037335,0.119928,0.070580,0.950546,0.452669,0.995899,0.825036,0.578985,0.357068,0.361139,0.139045,0.240191,0.978413,0.606825,0.770869,0.091732,0.834422,0.298197,0.647807,0.437062,0.590556,0.743382,0.324822,0.336008],
[0.576470,0.835407,0.984494,0.442049,0.618445,0.068271,0.202926,0.655780,0.188198,0.273507,0.606326,0.640868,0.269406,0.431361,0.219853,0.626474,0.792500,0.358897,0.866664,0.770913,0.965722,0.637533,0.862646,0.800144,0.935730,0.510453,0.237206,0.526285,0.253835,0.562028,0.862294,0.830305,0.397435,0.846788,0.272354,0.015880,0.915059,0.475281,0.671659,0.103257],
[0.748787,0.277985,0.744125,0.018193,0.709346,0.963978,0.644667,0.501846,0.322875,0.511331,0.272760,0.288597,0.148864,0.135405,0.088741,0.084594,0.645858,0.325946,0.610879,0.899693,0.887974,0.473173,0.729998,0.285409,0.319961,0.002352,0.301289,0.235019,0.477633,0.972948,0.338276,0.226421,0.250933,0.082401,0.244614,0.960279,0.046379,0.889280,0.462126,0.369254],
[0.400611,0.734885,0.657851,0.549476,0.870290,0.746591,0.634070,0.516149,0.072538,0.244949,0.415842,0.960511,0.718122,0.145840,0.245920,0.038082,0.148192,0.547209,0.273102,0.625826,0.520157,0.611378,0.852246,0.771090,0.693779,0.096860,0.731369,0.740158,0.986140,0.193495,0.109411,0.386751,0.928380,0.767262,0.936227,0.798671,0.513853,0.570297,0.314819,0.586391],
[0.815245,0.730661,0.546902,0.533367,0.876501,0.792823,0.571450,0.024693,0.340031,0.844551,0.650519,0.860188,0.455929,0.502765,0.631278,0.149708,0.599625,0.362648,0.889866,0.585765,0.556143,0.999278,0.972516,0.484523,0.766540,0.908743,0.283194,0.280393,0.479039,0.598013,0.866784,0.294285,0.328674,0.413686,0.827652,0.205175,0.206508,0.399102,0.229868,0.546540],
[0.243653,0.880387,0.406728,0.699582,0.383152,0.038006,0.849290,0.982777,0.400654,0.739156,0.568541,0.956797,0.738434,0.541057,0.441320,0.504973,0.449800,0.724514,0.785366,0.928840,0.322527,0.652150,0.223125,0.651201,0.065835,0.050777,0.856376,0.272344,0.449878,0.086245,0.818883,0.693531,0.966632,0.225612,0.393113,0.349784,0.263618,0.242403,0.332561,0.664272],
[0.981560,0.901102,0.621069,0.719993,0.442160,0.062389,0.224967,0.891960,0.786902,0.010333,0.820800,0.109429,0.662483,0.043925,0.760630,0.728318,0.094701,0.617006,0.000662,0.544579,0.703251,0.819545,0.238111,0.669882,0.045157,0.631224,0.019667,0.308775,0.873627,0.352228,0.973047,0.855187,0.253330,0.594116,0.575180,0.695490,0.656504,0.800147,0.587450,0.443406],
[0.810480,0.408250,0.552835,0.472962,0.452175,0.313465,0.201281,0.546876,0.930471,0.201942,0.091455,0.633722,0.021487,0.329566,0.303605,0.066644,0.960789,0.323271,0.375419,0.834416,0.675499,0.348466,0.689603,0.928829,0.942581,0.264783,0.624318,0.599085,0.064930,0.211768,0.042492,0.875410,0.620018,0.595327,0.348373,0.072193,0.908793,0.549653,0.619069,0.839264],
[0.751595,0.710524,0.472986,0.773083,0.040090,0.776591,0.839727,0.000880,0.099862,0.215146,0.835296,0.775360,0.563611,0.524899,0.704189,0.506192,0.789682,0.328507,0.105277,0.854612,0.540276,0.147769,0.730022,0.160294,0.743097,0.078395,0.232487,0.651889,0.628048,0.851556,0.491153,0.379643,0.562081,0.964139,0.152726,0.602171,0.740730,0.992453,0.603050,0.840592],
[0.207598,0.438346,0.615952,0.771209,0.963245,0.320141,0.277401,0.752928,0.648649,0.382679,0.607540,0.188925,0.530448,0.337562,0.349219,0.273545,0.415957,0.581706,0.925434,0.044005,0.433262,0.416587,0.423649,0.995343,0.380726,0.576375,0.597514,0.121456,0.568827,0.200564,0.962048,0.776426,0.638910,0.578000,0.547635,0.602156,0.898141,0.825036,0.355084,0.546790]],
[[0.207715,0.962624,0.735714,0.738163,0.300186,0.084933,0.011708,0.716143,0.666639,0.937142,0.760149,0.099902,0.353729,0.183798,0.095245,0.734455,0.760172,0.692759,0.855911,0.329000,0.893323,0.817959,0.105425,0.532233,0.395959,0.653060,0.134389,0.294101,0.478097,0.489473,0.840890,0.685812,0.452096,0.576605,0.423976,0.752282,0.661538,0.435684,0.468426,0.328177],
[0.372825,0.228575,0.428079,0.726554,0.412372,0.523324,0.461009,0.172545,0.216083,0.316920,0.501544,0.109405,0.134880,0.606970,0.641639,0.530839,0.260030,0.776028,0.824940,0.738127,0.265500,0.665830,0.423939,0.717597,0.242435,0.847915,0.469879,0.903972,0.283598,0.938305,0.232150,0.656423,0.166880,0.660229,0.382977,0.579252,0.183553,0.843987,0.751797,0.399635],
[0.160907,0.253341,0.509040,0.295787,0.860310,0.150679,0.826626,0.120340,0.926707,0.651565,0.858467,0.192207,0.317395,0.282406,0.909804,0.559830,0.130320,0.379683,0.463802,0.413919,0.317988,0.695952,0.070342,0.484868,0.356181,0.453319,0.064120,0.539733,0.297306,0.815916,0.939368,0.458213,0.069257,0.448409,0.754000,0.929567,0.599088,0.580626,0.049908,0.525795],
[0.232191,0.908375,0.718002,0.549586,0.190780,0.627806,0.109416,0.321101,0.007489,0.573218,0.735019,0.325477,0.269170,0.805361,0.810345,0.625351,0.258681,0.874465,0.165084,0.555987,0.690382,0.104452,0.014200,0.759639,0.552861,0.768199,0.689206,0.151949,0.348825,0.739114,0.677743,0.581016,0.647488,0.395745,0.130602,0.838269,0.023551,0.240018,0.159370,0.031040],
[0.813236,0.894389,0.356518,0.082407,0.699750,0.166863,0.707758,0.958431,0.041328,0.872842,0.514418,0.731709,0.977294,0.528617,0.491348,0.530155,0.296817,0.180554,0.682104,0.645642,0.919668,0.359847,0.226658,0.567156,0.755592,0.357260,0.405424,0.779143,0.597278,0.564794,0.810184,0.410514,0.459183,0.166701,0.492921,0.158933,0.333564,0.200679,0.117364,0.374892],
[0.073521,0.631782,0.106601,0.050815,0.160399,0.597949,0.580970,0.457216,0.778503,0.263074,0.102858,0.698171,0.622921,0.329516,0.265327,0.378513,0.686776,0.670751,0.157657,0.284054,0.235545,0.967840,0.694568,0.694728,0.134542,0.187489,0.853661,0.468106,0.388168,0.971025,0.842998,0.461689,0.602807,0.949599,0.512504,0.763206,0.547548,0.093474,0.220422,0.326051],
[0.356548,0.323280,0.024222,0.979469,0.652796,0.289549,0.357983,0.339572,0.960300,0.515639,0.623626,0.195845,0.483480,0.318194,0.890573,0.618022,0.505684,0.744233,0.086127,0.893852,0.715258,0.929125,0.355541,0.318065,0.878724,0.868046,0.081271,0.426272,0.961520,0.301693,0.752323,0.318068,0.624973,0.776545,0.297538,0.277770,0.066094,0.655520,0.617342,0.026394],
[0.171160,0.240968,0.222238,0.654640,0.559162,0.112811,0.272661,0.064846,0.857044,0.358789,0.958698,0.572303,0.287914,0.314239,0.890368,0.166637,0.182285,0.971639,0.592909,0.143805,0.273332,0.345232,0.461874,0.898305,0.121777,0.759412,0.176074,0.187871,0.414932,0.793416,0.214264,0.586092,0.034384,0.436503,0.240732,0.593546,0.549314,0.513393,0.658391,0.406358],
[0.872182,0.617089,0.978661,0.160095,0.931328,0.869028,0.326733,0.113613,0.840667,0.919641,0.257419,0.113999,0.264873,0.719292,0.012304,0.386650,0.478704,0.188378,0.574521,0.893636,0.981794,0.788785,0.479728,0.016178,0.225288,0.720460,0.609724,0.774601,0.233853,0.268115,0.180959,0.106034,0.885204,0.159620,0.266130,0.816532,0.028649,0.592862,0.930145,0.869316],
[0.512504,0.187564,0.983314,0.777377,0.906856,0.995618,0.164027,0.385560,0.183996,0.738547,0.279196,0.165790,0.527332,0.758924,0.181968,0.752620,0.479383,0.791692,0.527221,0.713236,0.059806,0.708181,0.819270,0.945010,0.867801,0.085400,0.761542,0.896449,0.678263,0.691688,0.765765,0.190766,0.879252,0.749079,0.968143,0.786108,0.744697,0.132170,0.171668,0.928693],
[0.870717,0.450864,0.094483,0.398049,0.209788,0.276451,0.150668,0.689171,0.068143,0.677890,0.402407,0.127949,0.386070,0.221677,0.072959,0.253871,0.307078,0.834502,0.150320,0.985340,0.526189,0.916085,0.176106,0.405441,0.665165,0.144249,0.191548,0.409862,0.276419,0.363216,0.338554,0.147136,0.814080,0.433037,0.545184,0.023868,0.709489,0.695853,0.713039,0.777631],
[0.373742,0.115446,0.905580,0.759812,0.337124,0.978540,0.013683,0.644201,0.813041,0.164004,0.629541,0.339230,0.080089,0.805648,0.744671,0.745253,0.949897,0.936220,0.155115,0.226316,0.299436,0.493669,0.373452,0.113516,0.926707,0.918636,0.137384,0.636195,0.614489,0.850423,0.413827,0.988231,0.965870,0.319407,0.748043,0.302993,0.297947,0.761727,0.947195,0.110988],
[0.925730,0.576736,0.450218,0.005819,0.382384,0.194889,0.751073,0.332281,0.131109,0.906187,0.558597,0.430545,0.399857,0.932049,0.544061,0.326564,0.850684,0.681445,0.962759,0.465173,0.531869,0.376586,0.453404,0.497739,0.695993,0.201447,0.800732,0.993940,0.963174,0.747926,0.104927,0.888904,0.324663,0.555146,0.894723,0.707047,0.750035,0.645796,0.039328,0.881144],
[0.551983,0.597925,0.311689,0.951840,0.529973,0.855750,0.278404,0.380658,0.537195,0.241163,0.845831,0.069064,0.617749,0.299235,0.566802,0.313742,0.500682,0.367534,0.307682,0.463856,0.115461,0.412609,0.352760,0.440123,0.967755,0.247483,0.147170,0.717790,0.893278,0.186498,0.598933,0.445261,0.784423,0.910622,0.397101,0.314396,0.766371,0.675505,0.695054,0.303567],
[0.916668,0.540885,0.372630,0.534417,0.840119,0.939433,0.848159,0.340801,0.306967,0.155840,0.804657,0.422428,0.568449,0.157416,0.862551,0.536204,0.404899,0.009721,0.253994,0.298177,0.196219,0.852927,0.743438,0.980641,0.763549,0.140539,0.295037,0.529920,0.816044,0.990091,0.833487,0.732712,0.530976,0.206117,0.267129,0.371095,0.145550,0.115288,0.711896,0.452517],
[0.271129,0.516552,0.874945,0.839578,0.673968,0.737496,0.375782,0.078867,0.747217,0.629776,0.377044,0.943436,0.482703,0.120482,0.924078,0.246252,0.261022,0.219115,0.776172,0.077066,0.209206,0.609659,0.809778,0.740182,0.815776,0.076908,0.111276,0.961327,0.192196,0.823172,0.413844,0.463325,0.339724,0.288789,0.302903,0.013693,0.026285,0.678685,0.092560,0.773502],
[0.308461,0.469604,0.716939,0.791164,0.590086,0.641016,0.037416,0.851108,0.860131,0.813588,0.928174,0.069337,0.423247,0.737953,0.809519,0.239023,0.814860,0.920795,0.200350,0.007056,0.743968,0.614194,0.470381,0.083692,0.902982,0.773284,0.097385,0.929267,0.451969,0.189945,0.702770,0.760430,0.659549,0.419709,0.551594,0.249635,0.060725,0.589010,0.100743,0.920856],
[0.402598,0.028918,0.990194,0.825845,0.766870,0.799713,0.064868,0.581730,0.720508,0.265218,0.588787,0.464476,0.879412,0.059168,0.548168,0.782394,0.832451,0.645553,0.711662,0.284420,0.835498,0.414432,0.044850,0.495047,0.834140,0.596444,0.744682,0.894865,0.185454,0.845426,0.815721,0.588052,0.874343,0.805915,0.413896,0.641213,0.605627,0.478765,0.222944,0.326136],
[0.743983,0.811731,0.790611,0.623395,0.870898,0.338779,0.405789,0.703350,0.984332,0.117451,0.987770,0.819830,0.531883,0.032620,0.314877,0.366023,0.629064,0.059560,0.260888,0.814518,0.904985,0.076610,0.402569,0.779329,0.882524,0.816466,0.420542,0.488152,0.295230,0.643486,0.814287,0.039213,0.455216,0.604899,0.662608,0.326115,0.943678,0.068398,0.029464,0.928011],
[0.185849,0.017234,0.747841,0.717732,0.049854,0.062718,0.083755,0.678918,0.122278,0.344643,0.493436,0.027263,0.421253,0.896005,0.806592,0.303777,0.712471,0.227134,0.791929,0.007702,0.870620,0.606217,0.046915,0.325836,0.211116,0.709523,0.651951,0.154794,0.777921,0.681415,0.082804,0.963770,0.698650,0.830645,0.681502,0.748504,0.893364,0.765257,0.427422,0.015642],
[0.109900,0.920859,0.042905,0.531153,0.816864,0.849497,0.834931,0.529335,0.076631,0.626860,0.537037,0.947250,0.233076,0.583952,0.273086,0.444192,0.293475,0.925037,0.598986,0.071396,0.606452,0.681790,0.035166,0.305102,0.512436,0.716667,0.053606,0.405799,0.481924,0.481028,0.421441,0.591824,0.401887,0.464346,0.122978,0.218751,0.313843,0.957908,0.748086,0.390474],
[0.584768,0.285122,0.337724,0.817844,0.869074,0.610810,0.262036,0.162549,0.535848,0.861022,0.233944,0.142300,0.542812,0.269110,0.447402,0.055248,0.985777,0.501008,0.461048,0.467701,0.982036,0.882489,0.059526,0.383923,0.346835,0.182503,0.602673,0.660678,0.140411,0.350759,0.051152,0.725179,0.635882,0.388876,0.543024,0.504956,0.999686,0.805060,0.667504,0.535534],
[0.666082,0.901449,0.677834,0.208895,0.170559,0.125235,0.264143,0.156336,0.626243,0.725190,0.624038,0.608279,0.607679,0.683563,0.992202,0.954514,0.866067,0.594875,0.615192,0.006478,0.945634,0.666344,0.731658,0.581516,0.055219,0.274681,0.086471,0.054905,0.079741,0.753976,0.590439,0.745823,0.655425,0.268272,0.954718,0.825983,0.393508,0.218861,0.982319,0.019751],
[0.944051,0.606357,0.628030,0.551730,0.289920,0.620232,0.506244,0.155987,0.215107,0.121436,0.162465,0.160742,0.787779,0.894123,0.742257,0.842998,0.168804,0.828729,0.897904,0.248546,0.582705,0.488343,0.994369,0.238129,0.756615,0.949087,0.064112,0.150123,0.167948,0.046432,0.169874,0.111999,0.652789,0.797904,0.663729,0.942709,0.418137,0.169973,0.098697,0.633244],
[0.291408,0.261162,0.793985,0.079188,0.155285,0.536243,0.922186,0.324090,0.364971,0.820090,0.572635,0.947676,0.308432,0.567005,0.185805,0.065047,0.516092,0.249917,0.215170,0.684040,0.296349,0.385045,0.796038,0.949138,0.182949,0.459767,0.891848,0.601086,0.629740,0.990544,0.234329,0.921148,0.251706,0.028315,0.000336,0.406992,0.564557,0.922522,0.731081,0.929528],
[0.742612,0.303716,0.877204,0.051045,0.870721,0.063009,0.116092,0.386813,0.312927,0.331263,0.070853,0.609276,0.716307,0.866891,0.558414,0.899256,0.326658,0.450262,0.500342,0.956398,0.440806,0.734671,0.877546,0.692512,0.762986,0.877882,0.099504,0.327543,0.800405,0.830585,0.257071,0.543017,0.134301,0.134276,0.594062,0.005022,0.197285,0.710154,0.391835,0.510212],
[0.041417,0.462688,0.119488,0.757724,0.329579,0.677902,0.656980,0.656238,0.128163,0.157322,0.612636,0.568969,0.891994,0.490182,0.261481,0.654979,0.368065,0.360985,0.982522,0.168469,0.191570,0.239594,0.711486,0.325871,0.373869,0.305548,0.330893,0.571154,0.015702,0.722729,0.081366,0.057119,0.185417,0.200854,0.814843,0.514996,0.878756,0.471823,0.171234,0.006919],
[0.629145,0.783870,0.575888,0.521139,0.274053,0.837369,0.176118,0.642117,0.198354,0.158640,0.810587,0.389924,0.398234,0.522073,0.715795,0.772103,0.827621,0.046688,0.343258,0.843323,0.769417,0.424624,0.900442,0.954834,0.625478,0.715285,0.469830,0.504233,0.187107,0.641064,0.511152,0.816253,0.424935,0.087040,0.337391,0.698987,0.924409,0.513509,0.341105,0.122763],
[0.672150,0.151692,0.512687,0.070384,0.673765,0.228482,0.842487,0.501387,0.275169,0.185744,0.344710,0.044586,0.610368,0.245152,0.999420,0.235846,0.960437,0.469250,0.740079,0.147544,0.110314,0.251232,0.963797,0.535249,0.338272,0.301188,0.234236,0.262681,0.814697,0.575341,0.385444,0.486847,0.727033,0.898131,0.557230,0.400798,0.126612,0.399717,0.902184,0.401782],
[0.585462,0.246895,0.446368,0.195830,0.492047,0.445788,0.431676,0.452483,0.915038,0.171755,0.600027,0.025352,0.422987,0.563824,0.560601,0.761259,0.865012,0.794837,0.023939,0.679709,0.370178,0.409383,0.166556,0.097210,0.307514,0.723786,0.498008,0.434127,0.123503,0.400193,0.835908,0.708965,0.647087,0.282276,0.904795,0.139134,0.728064,0.336471,0.591617,0.643102],
[0.508226,0.191645,0.668454,0.931213,0.755469,0.229054,0.692472,0.620480,0.023891,0.716411,0.300189,0.394069,0.125795,0.466745,0.491280,0.433309,0.190531,0.989288,0.867435,0.314034,0.389481,0.703344,0.022999,0.036568,0.985620,0.927794,0.175702,0.713684,0.264265,0.767319,0.356786,0.772492,0.958964,0.025240,0.703705,0.714433,0.254294,0.396177,0.334913,0.278185],
[0.112588,0.635102,0.672254,0.238383,0.101847,0.163534,0.671692,0.292378,0.152822,0.539127,0.606412,0.542303,0.242471,0.629411,0.578871,0.228091,0.557206,0.754573,0.941775,0.821471,0.521892,0.298561,0.593962,0.480856,0.323800,0.297667,0.195289,0.578094,0.693844,0.530202,0.856280,0.806433,0.165304,0.528534,0.044815,0.267151,0.692068,0.716507,0.559528,0.844890],
[0.255634,0.165941,0.387193,0.498105,0.795352,0.966063,0.726195,0.352558,0.720636,0.667970,0.174028,0.242528,0.966531,0.767991,0.723384,0.290331,0.065658,0.918673,0.868426,0.759502,0.448875,0.724706,0.565935,0.614179,0.253240,0.610750,0.881330,0.945308,0.327258,0.440858,0.790199,0.582892,0.606799,0.177391,0.080996,0.402151,0.143455,0.807192,0.754708,0.864091],
[0.475162,0.928737,0.106619,0.441693,0.696727,0.830003,0.732024,0.762385,0.748676,0.600450,0.521888,0.197552,0.325156,0.087823,0.811731,0.578396,0.698573,0.693060,0.523704,0.025831,0.133918,0.313903,0.608722,0.740717,0.491294,0.689719,0.142868,0.634749,0.496910,0.897576,0.498839,0.972072,0.826313,0.605458,0.413765,0.523040,0.435461,0.145789,0.285426,0.184138],
[0.746239,0.807313,0.381689,0.071395,0.895136,0.193420,0.649790,0.593709,0.886480,0.173494,0.619540,0.020398,0.487397,0.228262,0.761116,0.978691,0.917981,0.903983,0.613439,0.414891,0.801560,0.112279,0.386964,0.627873,0.717737,0.800729,0.150913,0.153198,0.946518,0.436338,0.337335,0.692757,0.243652,0.719024,0.764152,0.138788,0.912444,0.413942,0.732497,0.798924],
[0.587436,0.352037,0.819322,0.074833,0.580300,0.580437,0.053523,0.498280,0.484421,0.666963,0.913172,0.285981,0.779241,0.300135,0.913853,0.496978,0.100864,0.064766,0.650175,0.047382,0.501105,0.987511,0.740139,0.744756,0.706535,0.504291,0.883544,0.618979,0.918233,0.616042,0.417903,0.505669,0.968079,0.237225,0.580501,0.548379,0.817662,0.634025,0.046659,0.302083],
[0.300987,0.959831,0.588064,0.080228,0.259966,0.501917,0.577206,0.360830,0.566683,0.227382,0.408212,0.067788,0.214892,0.148351,0.812544,0.921428,0.652642,0.696089,0.540407,0.570875,0.312131,0.958309,0.076543,0.280210,0.195534,0.657045,0.828588,0.013196,0.291069,0.875248,0.315279,0.592057,0.835078,0.903343,0.672285,0.095045,0.405260,0.249491,0.455875,0.971943],
[0.476873,0.864087,0.039731,0.691765,0.012438,0.852275,0.613193,0.665080,0.548364,0.153599,0.235955,0.860495,0.111909,0.312498,0.140704,0.307443,0.969542,0.969293,0.320639,0.260612,0.844540,0.635918,0.852668,0.679619,0.539261,0.524953,0.774664,0.944521,0.774444,0.230538,0.916465,0.251317,0.094625,0.956196,0.943082,0.107063,0.808471,0.556275,0.772143,0.356835],
[0.709874,0.008098,0.217330,0.821783,0.320596,0.358034,0.129226,0.290138,0.327327,0.449865,0.550750,0.171868,0.085783,0.403418,0.851487,0.625044,0.928371,0.626150,0.569565,0.702816,0.856689,0.486030,0.954133,0.951314,0.442225,0.897215,0.058377,0.250696,0.453490,0.830521,0.607532,0.163364,0.838619,0.824862,0.985147,0.159214,0.182896,0.114373,0.449352,0.510223],
[0.564238,0.000102,0.682091,0.650021,0.403520,0.533577,0.275065,0.331892,0.159727,0.844630,0.034707,0.016416,0.330659,0.988840,0.967730,0.772885,0.886055,0.026107,0.023581,0.339545,0.856628,0.631112,0.502910,0.695247,0.455974,0.488057,0.854461,0.638870,0.602430,0.303813,0.149093,0.166668,0.303916,0.831184,0.816689,0.707436,0.364761,0.091753,0.039327,0.524488]],
[[0.936383,0.074035,0.540904,0.267042,0.062875,0.508634,0.039927,0.948930,0.534741,0.063508,0.288475,0.391369,0.694620,0.791385,0.086615,0.150594,0.279442,0.941076,0.789464,0.881872,0.244890,0.938557,0.048541,0.548805,0.769740,0.865230,0.256241,0.134501,0.956983,0.295569,0.658990,0.893366,0.369603,0.199894,0.160408,0.432478,0.708527,0.200335,0.381407,0.243268],
[0.263843,0.669882,0.634637,0.958463,0.461267,0.721252,0.109057,0.740709,0.662328,0.898521,0.622581,0.907218,0.837078,0.671122,0.456023,0.606818,0.536352,0.712264,0.741320,0.493335,0.007833,0.400309,0.386701,0.377436,0.600203,0.547109,0.809914,0.308730,0.747444,0.191321,0.551998,0.011287,0.861204,0.186635,0.969750,0.322471,0.907887,0.078807,0.063180,0.570216],
[0.977328,0.685761,0.477434,0.814405,0.356883,0.933457,0.421224,0.893235,0.645721,0.162543,0.386569,0.653554,0.562852,0.773270,0.030990,0.163055,0.320379,0.840904,0.471785,0.067823,0.032225,0.023784,0.079110,0.893429,0.210419,0.048860,0.215900,0.118307,0.127667,0.279080,0.688522,0.104995,0.964841,0.165956,0.919401,0.321724,0.099413,0.340624,0.214959,0.745134],
[0.503168,0.601528,0.398688,0.066020,0.374798,0.429678,0.229075,0.695177,0.270582,0.700860,0.763001,0.302808,0.724644,0.842111,0.196237,0.935064,0.890972,0.412137,0.053370,0.018639,0.691217,0.741893,0.123634,0.656058,0.907849,0.043035,0.977782,0.007262,0.383659,0.192740,0.752396,0.886827,0.794268,0.151084,0.952847,0.169067,0.580762,0.181922,0.864244,0.851345],
[0.882783,0.627244,0.154153,0.607427,0.469356,0.350390,0.542490,0.360327,0.762526,0.595861,0.378966,0.453743,0.337753,0.502600,0.109801,0.245602,0.545635,0.087582,0.252864,0.929295,0.280323,0.005260,0.816122,0.074591,0.156344,0.768969,0.243658,0.737106,0.950891,0.107902,0.588451,0.833673,0.735146,0.742604,0.441100,0.204502,0.092993,0.983590,0.564829,0.855520],
[0.579451,0.943795,0.309263,0.917205,0.446396,0.419063,0.162807,0.992031,0.506646,0.415671,0.921326,0.786969,0.420931,0.737448,0.861560,0.577274,0.506416,0.105218,0.314381,0.457307,0.213119,0.902832,0.290980,0.948265,0.645435,0.732080,0.152767,0.738428,0.715671,0.717596,0.593948,0.295122,0.661391,0.903211,0.212326,0.107786,0.322274,0.375133,0.099817,0.828920],
[0.790804,0.021143,0.615889,0.211735,0.758591,0.477448,0.789009,0.265007,0.582666,0.103390,0.722314,0.795786,0.006221,0.013294,0.744051,0.651657,0.745374,0.896818,0.390085,0.461045,0.614414,0.984033,0.756167,0.275805,0.887243,0.968493,0.383591,0.209517,0.343626,0.483409,0.038437,0.134431,0.504552,0.654326,0.346165,0.263143,0.131774,0.135175,0.528150,0.714440],
[0.238564,0.250464,0.510226,0.244786,0.263758,0.254277,0.896442,0.009132,0.151095,0.286527,0.470177,0.765509,0.270560,0.226344,0.041314,0.157803,0.194837,0.424905,0.367320,0.538463,0.908314,0.405757,0.672894,0.412866,0.060083,0.019059,0.676009,0.191857,0.154234,0.204159,0.906297,0.392798,0.454622,0.416523,0.637584,0.718380,0.670800,0.534026,0.727512,0.821895],
[0.820554,0.197689,0.587404,0.091113,0.424032,0.628718,0.248916,0.618869,0.053623,0.616237,0.157332,0.961937,0.021994,0.830226,0.374803,0.082077,0.849285,0.050812,0.273933,0.003518,0.254971,0.180231,0.396316,0.709594,0.596754,0.033900,0.427974,0.267554,0.567927,0.155486,0.089449,0.388480,0.353174,0.676853,0.479594,0.777207,0.305571,0.728510,0.396075,0.359194],
[0.344747,0.553407,0.321131,0.366740,0.383633,0.695935,0.448817,0.232918,0.746747,0.722750,0.236436,0.001719,0.902981,0.632753,0.711312,0.499735,0.666653,0.139286,0.767288,0.234580,0.294772,0.856737,0.623060,0.647947,0.533590,0.102654,0.425153,0.839161,0.831164,0.821229,0.198355,0.175910,0.374636,0.519486,0.542651,0.758269,0.215421,0.991468,0.991187,0.962168],
[0.714218,0.227624,0.963887,0.617199,0.860376,0.675200,0.116933,0.527029,0.814486,0.884222,0.761609,0.109258,0.740959,0.384669,0.757205,0.274549,0.487323,0.182358,0.113710,0.318487,0.003587,0.312065,0.494397,0.378223,0.831551,0.037048,0.136492,0.046972,0.028516,0.127680,0.009141,0.742734,0.355303,0.973028,0.359932,0.215679,0.648228,0.476866,0.742709,0.462713],
[0.361087,0.504318,0.571972,0.102046,0.888987,0.329176,0.376595,0.376310,0.511534,0.490304,0.694797,0.515121,0.802369,0.189194,0.893344,0.633920,0.226243,0.029836,0.680892,0.254758,0.157516,0.690033,0.997492,0.512819,0.663061,0.357424,0.728499,0.311289,0.834290,0.471207,0.774002,0.195377,0.975525,0.345974,0.297423,0.864513,0.675150,0.674018,0.240823,0.186684],
[0.164322,0.935620,0.701805,0.966691,0.124815,0.595149,0.600611,0.351057,0.624986,0.281503,0.605815,0.782502,0.971537,0.603307,0.295321,0.634598,0.960732,0.023820,0.945887,0.795022,0.495027,0.719890,0.990399,0.470553,0.065864,0.287822,0.335065,0.741014,0.961840,0.575888,0.927698,0.126162,0.511509,0.629504,0.092853,0.636323,0.224653,0.693464,0.987380,0.849639],
[0.974967,0.593196,0.632141,0.946504,0.196503,0.927462,0.581102,0.157235,0.951281,0.526989,0.952256,0.446308,0.246879,0.942655,0.916861,0.312742,0.230478,0.251926,0.053756,0.192318,0.827815,0.981454,0.318479,0.339323,0.610958,0.411332,0.975647,0.835611,0.104796,0.963027,0.685250,0.079763,0.556223,0.317391,0.026267,0.752725,0.244852,0.607369,0.909960,0.196134],
[0.134359,0.862216,0.642442,0.381238,0.804872,0.559303,0.693980,0.035350,0.811230,0.747736,0.227667,0.639044,0.729191,0.546147,0.978368,0.340149,0.957479,0.954014,0.175760,0.062275,0.917041,0.861010,0.142038,0.473263,0.178400,0.168305,0.225989,0.423253,0.775674,0.135949,0.619386,0.910032,0.998166,0.261829,0.291270,0.803037,0.821132,0.985250,0.838387,0.632361],
[0.732986,0.066054,0.271405,0.462177,0.612201,0.249773,0.802325,0.569679,0.203787,0.978085,0.631954,0.120828,0.839095,0.773992,0.594092,0.017495,0.942296,0.820080,0.440748,0.717970,0.956029,0.060135,0.628002,0.954195,0.321963,0.919272,0.757232,0.143095,0.904522,0.595619,0.775456,0.637508,0.661673,0.046862,0.099685,0.273874,0.296635,0.902011,0.843553,0.500422],
[0.880096,0.475507,0.621250,0.719191,0.249499,0.215341,0.736687,0.191795,0.035422,0.177435,0.909765,0.991451,0.237570,0.537767,0.945646,0.559533,0.457039,0.702879,0.702628,0.361562,0.298498,0.478084,0.999070,0.960171,0.524946,0.098756,0.234045,0.821580,0.000766,0.077599,0.322002,0.880862,0.553106,0.943252,0.600054,0.802605,0.158594,0.336740,0.994400,0.194015],
[0.514175,0.904164,0.185467,0.751745,0.441932,0.131113,0.311278,0.898971,0.833992,0.013906,0.260533,0.132490,0.491990,0.259603,0.092661,0.016936,0.358358,0.326706,0.838516,0.359125,0.404305,0.160518,0.239987,0.957411,0.103771,0.840041,0.760015,0.262364,0.176781,0.754415,0.456380,0.690956,0.658579,0.641846,0.442701,0.100511,0.772960,0.753978,0.999482,0.606951],
[0.767884,0.260015,0.739441,0.259874,0.519617,0.832103,0.276810,0.877976,0.158809,0.115326,0.237101,0.563114,0.275844,0.477088,0.520525,0.379614,0.317129,0.280540,0.641979,0.493910,0.034955,0.098358,0.184866,0.693534,0.740205,0.627566,0.794045,0.513164,0.381545,0.793527,0.120116,0.149428,0.053541,0.859557,0.409302,0.573159,0.691660,0.686112,0.451135,0.850469],
[0.801437,0.688235,0.413583,0.077281,0.165323,0.934107,0.456896,0.482452,0.214648,0.098875,0.976362,0.249603,0.197233,0.161227,0.943137,0.937437,0.788794,0.737182,0.450601,0.170338,0.530708,0.570717,0.319767,0.584250,0.430274,0.729069,0.157408,0.121934,0.415181,0.608543,0.972402,0.216618,0.296778,0.385985,0.293900,0.462101,0.320092,0.750796,0.944553,0.534740],
[0.849670,0.920915,0.784343,0.046903,0.082143,0.727479,0.984340,0.870936,0.464661,0.434942,0.041275,0.995369,0.005659,0.361041,0.579619,0.435933,0.090110,0.737027,0.557867,0.505291,0.345570,0.530269,0.721910,0.642348,0.916254,0.015809,0.104449,0.236347,0.766605,0.049003,0.771087,0.616275,0.969918,0.555429,0.663178,0.052060,0.282908,0.647519,0.922997,0.747569],
[0.082460,0.964271,0.742939,0.088119,0.325313,0.322558,0.524052,0.415423,0.059585,0.081919,0.920714,0.405155,0.612188,0.642624,0.047503,0.528442,0.658433,0.151953,0.764788,0.425038,0.200955,0.535875,0.041314,0.170873,0.091304,0.704492,0.222934,0.374212,0.352011,0.145930,0.121782,0.434471,0.110202,0.864720,0.522590,0.435514,0.187278,0.046642,0.850937,0.246863],
[0.128560,0.771652,0.652018,0.740748,0.414276,0.699521,0.269189,0.072709,0.851473,0.033977,0.497748,0.052429,0.569852,0.539061,0.223302,0.661156,0.243553,0.446235,0.035368,0.595564,0.592166,0.157150,0.030035,0.702367,0.021870,0.552625,0.137882,0.209148,0.599266,0.988819,0.456010,0.727827,0.760471,0.108028,0.468574,0.174747,0.807549,0.737764,0.247456,0.659022],
[0.771741,0.745203,0.711450,0.341593,0.284264,0.934752,0.002749,0.527818,0.380987,0.038117,0.123382,0.973153,0.195266,0.153416,0.675520,0.217136,0.706041,0.813402,0.426284,0.305307,0.802221,0.882294,0.033134,0.562692,0.990321,0.501708,0.737438,0.797870,0.239472,0.984894,0.456892,0.011213,0.730097,0.168342,0.352806,0.014362,0.103094,0.355555,0.542179,0.484082],
[0.393671,0.665561,0.457235,0.588938,0.818977,0.132755,0.806074,0.525018,0.946157,0.232357,0.830325,0.748378,0.114651,0.863459,0.311069,0.104972,0.365167,0.048508,0.902842,0.604639,0.033402,0.359734,0.615852,0.763499,0.528076,0.968657,0.777861,0.631171,0.324212,0.320040,0.115252,0.717884,0.985601,0.572487,0.306821,0.804579,0.705242,0.112895,0.329597,0.651398],
[0.345252,0.159922,0.399776,0.459903,0.023381,0.710845,0.564876,0.388548,0.759353,0.467718,0.993187,0.792755,0.827452,0.609038,0.556254,0.355529,0.577696,0.334114,0.986699,0.901908,0.654154,0.101952,0.619792,0.639756,0.674439,0.926613,0.444334,0.379681,0.039508,0.773931,0.031079,0.384760,0.933853,0.430855,0.844663,0.957234,0.141700,0.409539,0.345783,0.901053],
[0.877257,0.338969,0.693808,0.704709,0.948008,0.250061,0.060238,0.525704,0.584176,0.046937,0.427612,0.238330,0.148889,0.047404,0.878086,0.823328,0.974017,0.322420,0.203009,0.013525,0.096351,0.234088,0.398285,0.030204,0.664943,0.242948,0.987439,0.806643,0.652487,0.333221,0.707697,0.529745,0.672191,0.401504,0.234454,0.620199,0.651566,0.294692,0.145903,0.235741],
[0.341629,0.573515,0.474071,0.490518,0.620918,0.352157,0.313846,0.594935,0.674577,0.516855,0.608459,0.770928,0.750943,0.006744,0.801132,0.415886,0.249693,0.788571,0.222529,0.902180,0.121792,0.930226,0.431925,0.793983,0.331730,0.666379,0.414182,0.983296,0.961070,0.560084,0.219037,0.302699,0.133599,0.693108,0.793217,0.754517,0.045265,0.107063,0.349452,0.719841],
[0.623918,0.957911,0.490769,0.374861,0.964656,0.291901,0.790747,0.214349,0.080471,0.013276,0.116529,0.202264,0.943502,0.548454,0.996247,0.275232,0.214832,0.410428,0.258527,0.175903,0.970513,0.477564,0.478602,0.104112,0.170672,0.271819,0.858629,0.215937,0.378883,0.208081,0.935778,0.002801,0.165993,0.426547,0.377662,0.130648,0.718448,0.168409,0.344997,0.798919],
[0.181685,0.461526,0.001182,0.125186,0.009980,0.997429,0.400418,0.224812,0.407857,0.658945,0.400715,0.378370,0.136509,0.879316,0.482482,0.307181,0.151135,0.341111,0.523118,0.530018,0.549192,0.458896,0.532819,0.715185,0.885443,0.910481,0.845833,0.603891,0.078890,0.190830,0.402810,0.260575,0.652356,0.403992,0.385761,0.662336,0.401421,0.786179,0.887148,0.809278],
[0.445124,0.287863,0.187649,0.581634,0.167179,0.670131,0.888815,0.318315,0.011242,0.411933,0.848333,0.560435,0.870829,0.381151,0.275620,0.756272,0.291632,0.121453,0.360163,0.370522,0.312283,0.762973,0.631097,0.964640,0.166965,0.016858,0.626976,0.568385,0.803037,0.514124,0.377664,0.248161,0.801987,0.565313,0.829795,0.969167,0.235443,0.718610,0.287481,0.246686],
[0.130543,0.135814,0.807120,0.001372,0.516965,0.082740,0.757645,0.808597,0.204193,0.117808,0.179119,0.516476,0.880780,0.810216,0.481116,0.047745,0.827073,0.108092,0.616130,0.630110,0.622217,0.993794,0.878271,0.424204,0.559107,0.708066,0.393371,0.794550,0.426676,0.680852,0.041236,0.557219,0.816666,0.848356,0.558591,0.333632,0.931095,0.316236,0.142229,0.135288],
[0.434044,0.321348,0.651764,0.314824,0.131564,0.132880,0.362569,0.958638,0.240973,0.978699,0.588748,0.863189,0.972494,0.467019,0.287393,0.531600,0.175085,0.680764,0.326150,0.601761,0.361617,0.367386,0.158979,0.178283,0.215742,0.717570,0.511915,0.146837,0.033806,0.654144,0.282126,0.467850,0.975492,0.933890,0.782674,0.107056,0.066770,0.145243,0.065694,0.307743],
[0.123942,0.654442,0.170932,0.096436,0.121461,0.458326,0.628036,0.296546,0.139090,0.954187,0.898307,0.500707,0.321573,0.057286,0.678990,0.537315,0.774856,0.190904,0.684152,0.808663,0.845048,0.966278,0.276513,0.820540,0.900168,0.059187,0.927597,0.966938,0.204430,0.993291,0.274681,0.328372,0.647733,0.445613,0.424808,0.769193,0.903939,0.052844,0.065739,0.043028],
[0.007031,0.964046,0.543735,0.328604,0.021332,0.222725,0.865918,0.796188,0.413629,0.550070,0.604851,0.258677,0.516348,0.881364,0.079217,0.416516,0.940551,0.006814,0.383453,0.144980,0.000105,0.658134,0.473352,0.647837,0.103747,0.898160,0.417031,0.007686,0.951004,0.482770,0.050714,0.958035,0.446816,0.594449,0.286638,0.468148,0.817174,0.152557,0.264336,0.230803],
[0.702627,0.869188,0.489480,0.218975,0.750551,0.568697,0.635491,0.691102,0.575512,0.018944,0.836082,0.575617,0.677079,0.309434,0.223454,0.780826,0.207594,0.640485,0.788511,0.158598,0.123255,0.839226,0.116633,0.570071,0.433675,0.403272,0.038219,0.250849,0.555829,0.302555,0.481652,0.258456,0.171743,0.971132,0.477431,0.922294,0.539829,0.112922,0.613396,0.115341],
[0.131866,0.449478,0.690957,0.808945,0.758913,0.914411,0.589770,0.966507,0.554896,0.378282,0.125105,0.678151,0.217508,0.241738,0.248222,0.651183,0.645010,0.286441,0.902031,0.200839,0.588996,0.383683,0.459294,0.760739,0.354815,0.936726,0.683033,0.894644,0.049648,0.296430,0.009985,0.181514,0.745908,0.700942,0.990459,0.504820,0.615354,0.580229,0.471327,0.170250],
[0.958511,0.596433,0.848401,0.176019,0.838171,0.096623,0.827201,0.483181,0.383064,0.729232,0.684020,0.972061,0.112916,0.143314,0.732800,0.467730,0.080040,0.415833,0.362374,0.129688,0.712263,0.372359,0.311201,0.458171,0.073301,0.301660,0.962991,0.688655,0.881889,0.434318,0.858905,0.840400,0.030751,0.707306,0.016419,0.868922,0.803929,0.843620,0.352104,0.186993],
[0.572852,0.036124,0.159053,0.685768,0.179438,0.891853,0.153498,0.259478,0.307687,0.515873,0.389166,0.019949,0.888232,0.700367,0.478120,0.961533,0.002027,0.441111,0.650188,0.883916,0.875429,0.509093,0.724316,0.906180,0.216398,0.740734,0.775103,0.020327,0.584354,0.127206,0.207320,0.157206,0.163330,0.366373,0.842974,0.342768,0.258227,0.996472,0.602246,0.565913],
[0.512344,0.991412,0.585862,0.400576,0.691779,0.063982,0.362109,0.693806,0.505093,0.012298,0.577721,0.380522,0.521391,0.302037,0.286703,0.737789,0.042771,0.061805,0.758116,0.627125,0.189012,0.965436,0.784331,0.352342,0.331809,0.627304,0.695110,0.590036,0.623776,0.297356,0.155949,0.136121,0.288768,0.741811,0.536697,0.980547,0.805793,0.898806,0.674352,0.310886]],
[[0.911104,0.252073,0.691408,0.432495,0.554110,0.978111,0.170284,0.596881,0.039916,0.928400,0.224006,0.228928,0.893836,0.008336,0.581269,0.225645,0.635641,0.276379,0.815680,0.259417,0.573735,0.971629,0.395538,0.862503,0.713440,0.932235,0.843049,0.519233,0.831041,0.517401,0.830119,0.742145,0.769474,0.521528,0.174640,0.323584,0.499639,0.344924,0.920465,0.539555],
[0.273324,0.144471,0.768482,0.167159,0.152807,0.349752,0.392804,0.788448,0.626131,0.208484,0.047865,0.199866,0.180113,0.443403,0.062368,0.893553,0.375638,0.905418,0.412787,0.206679,0.422819,0.242906,0.948824,0.192293,0.764433,0.123464,0.515878,0.264072,0.468388,0.436343,0.803627,0.741711,0.580814,0.572109,0.908870,0.733621,0.921861,0.301674,0.522069,0.547992],
[0.510159,0.569934,0.747857,0.690272,0.013337,0.810226,0.583826,0.388974,0.715644,0.996612,0.595653,0.138462,0.239518,0.544477,0.330756,0.003951,0.667941,0.846633,0.268023,0.136328,0.282976,0.071650,0.878039,0.863790,0.643759,0.786910,0.597411,0.565620,0.088584,0.119479,0.113612,0.598743,0.689413,0.861469,0.289015,0.702750,0.671695,0.872840,0.091724,0.387339],
[0.869452,0.687377,0.525801,0.108970,0.231854,0.856557,0.112922,0.899794,0.703190,0.380945,0.036122,0.986167,0.452595,0.914161,0.849956,0.096354,0.701071,0.447367,0.661974,0.789655,0.566846,0.775585,0.388398,0.256259,0.637054,0.677413,0.959009,0.308749,0.550253,0.050733,0.696088,0.419705,0.738110,0.221889,0.528675,0.969963,0.078446,0.641597,0.869757,0.781637],
[0.022542,0.905879,0.767803,0.475137,0.820041,0.617760,0.571491,0.521112,0.065127,0.233464,0.310767,0.631973,0.009050,0.699165,0.888232,0.646104,0.376577,0.847241,0.954853,0.926830,0.897974,0.650942,0.346535,0.636083,0.872831,0.875211,0.606047,0.951277,0.516808,0.475804,0.732914,0.539350,0.381683,0.500717,0.014486,0.201724,0.118477,0.585977,0.722836,0.183603],
[0.819441,0.033603,0.815576,0.828491,0.732768,0.703809,0.474595,0.109345,0.551050,0.429448,0.036175,0.449024,0.080390,0.382710,0.085107,0.953221,0.257921,0.691154,0.904498,0.774729,0.166957,0.637412,0.314079,0.548641,0.138129,0.328565,0.750365,0.256605,0.914542,0.473200,0.440209,0.733983,0.506803,0.255785,0.562474,0.239571,0.959593,0.037069,0.348916,0.510643],
[0.466517,0.385091,0.959667,0.546907,0.767801,0.044774,0.500128,0.025722,0.735928,0.404626,0.800451,0.902885,0.042037,0.114530,0.451526,0.180166,0.443095,0.201891,0.436771,0.357637,0.675091,0.876980,0.091620,0.181894,0.132765,0.654095,0.421465,0.092358,0.691164,0.770381,0.603001,0.157681,0.155472,0.562668,0.704588,0.923274,0.607443,0.204716,0.948996,0.343371],
[0.609341,0.749447,0.246256,0.651379,0.863977,0.697782,0.831545,0.307072,0.899673,0.268316,0.664709,0.574764,0.145296,0.756329,0.756658,0.278061,0.410424,0.178123,0.370419,0.101588,0.948505,0.973421,0.259268,0.103977,0.536089,0.963856,0.027251,0.143532,0.168572,0.976247,0.486903,0.777913,0.725694,0.733159,0.429292,0.589671,0.430941,0.260837,0.896743,0.330614],
[0.529153,0.561452,0.905378,0.674449,0.317781,0.662036,0.952510,0.728205,0.840159,0.322929,0.829793,0.788664,0.296350,0.089061,0.892641,0.832439,0.052918,0.919892,0.975971,0.221490,0.896139,0.462874,0.999403,0.621834,0.196033,0.428695,0.211505,0.626974,0.689532,0.108248,0.957588,0.218685,0.669700,0.862965,0.893135,0.987481,0.525001,0.845645,0.715687,0.365160],
[0.168574,0.545479,0.153825,0.464924,0.634541,0.046466,0.297363,0.687458,0.966358,0.273334,0.908948,0.862498,0.736208,0.908351,0.484331,0.932240,0.337046,0.695836,0.559214,0.026578,0.804084,0.516802,0.245264,0.473784,0.379767,0.138399,0.461266,0.904768,0.984043,0.176952,0.269928,0.152618,0.722432,0.423753,0.617542,0.356972,0.470219,0.914905,0.044431,0.436577],
[0.188239,0.953378,0.299075,0.924447,0.861729,0.783406,0.856687,0.198775,0.479243,0.415901,0.225354,0.283327,0.932703,0.470618,0.757111,0.312470,0.609016,0.218377,0.217238,0.593060,0.395330,0.487166,0.745677,0.117761,0.910919,0.363219,0.474734,0.381138,0.278124,0.519164,0.817716,0.466363,0.472543,0.116791,0.390810,0.334272,0.900197,0.247497,0.533047,0.379440],
[0.663398,0.758401,0.662767,0.596102,0.229018,0.419878,0.908571,0.838034,0.638255,0.125809,0.431094,0.033585,0.612976,0.176771,0.151346,0.523895,0.539990,0.626080,0.905034,0.818113,0.145245,0.722749,0.284476,0.617787,0.839540,0.675286,0.952059,0.739738,0.922783,0.485106,0.119178,0.586181,0.243507,0.781945,0.182283,0.472525,0.201823,0.090854,0.310559,0.840078],
[0.216664,0.741653,0.873663,0.829640,0.918424,0.025010,0.353535,0.458414,0.651090,0.258568,0.276527,0.796335,0.981318,0.561003,0.414122,0.820858,0.236289,0.366181,0.560596,0.159072,0.851288,0.679773,0.745253,0.094794,0.461718,0.927536,0.567319,0.663541,0.018391,0.877879,0.503620,0.235054,0.619532,0.377283,0.064694,0.537956,0.402293,0.418229,0.996370,0.053383],
[0.676797,0.272897,0.849717,0.658115,0.833901,0.263840,0.478973,0.070190,0.630021,0.039568,0.229262,0.481309,0.719342,0.974516,0.576103,0.181060,0.902052,0.143422,0.844601,0.920443,0.021301,0.348220,0.155497,0.640833,0.725503,0.220191,0.178789,0.127796,0.638420,0.175158,0.181179,0.315217,0.448056,0.030896,0.973331,0.281956,0.294735,0.452304,0.352146,0.924756],
[0.491872,0.581408,0.406065,0.211214,0.555924,0.982168,0.392274,0.457976,0.125590,0.236875,0.378418,0.146891,0.585095,0.533915,0.787724,0.310598,0.754106,0.966513,0.438394,0.392526,0.141671,0.619573,0.707743,0.589727,0.650469,0.681074,0.871683,0.945204,0.133378,0.223830,0.869960,0.625250,0.805238,0.276025,0.836465,0.361162,0.258193,0.228738,0.819138,0.383784],
[0.465613,0.197556,0.530675,0.050708,0.731472,0.318399,0.361306,0.485578,0.284912,0.799701,0.878104,0.426583,0.419273,0.585847,0.016310,0.069742,0.266921,0.887993,0.014946,0.400299,0.111823,0.884906,0.025550,0.917061,0.160932,0.862014,0.278223,0.419125,0.090753,0.097361,0.802909,0.556366,0.294917,0.333584,0.607074,0.026389,0.651984,0.968380,0.511967,0.936896],
[0.768080,0.390072,0.363479,0.187354,0.975919,0.379789,0.257095,0.242840,0.267782,0.272041,0.643139,0.379605,0.156947,0.668688,0.296666,0.317879,0.530703,0.574890,0.737004,0.621455,0.672251,0.539913,0.177821,0.967168,0.873497,0.784894,0.993557,0.525481,0.753274,0.505525,0.462376,0.521355,0.895597,0.825855,0.708708,0.871515,0.205644,0.965804,0.114355,0.473426],
[0.237845,0.757494,0.853031,0.394792,0.426182,0.149698,0.712671,0.956885,0.724588,0.449675,0.578340,0.396838,0.989588,0.756160,0.364006,0.863086,0.541054,0.357564,0.388566,0.294329,0.863089,0.850943,0.815683,0.758685,0.676798,0.524392,0.630200,0.882442,0.490195,0.744555,0.355868,0.728040,0.502049,0.208899,0.122833,0.928231,0.358597,0.835504,0.885115,0.083185],
[0.285180,0.463455,0.480023,0.274768,0.219615,0.844029,0.137854,0.760669,0.201593,0.526420,0.054998,0.064682,0.377363,0.870681,0.823367,0.054161,0.395073,0.453567,0.936603,0.885268,0.198122,0.292470,0.613309,0.700170,0.501370,0.736141,0.628401,0.859967,0.571646,0.513516,0.943152,0.856825,0.976971,0.423174,0.131593,0.196585,0.267204,0.269447,0.957255,0.468797],
[0.795867,0.012253,0.533478,0.173230,0.882934,0.356845,0.227391,0.278007,0.810412,0.163994,0.163275,0.008533,0.456464,0.776584,0.708704,0.957834,0.512725,0.337105,0.817801,0.084371,0.850621,0.760952,0.941196,0.827591,0.184127,0.072789,0.024177,0.451330,0.342236,0.981431,0.920127,0.138103,0.993684,0.453605,0.311334,0.876618,0.810450,0.538725,0.154624,0.620861],
[0.702719,0.317899,0.629395,0.159183,0.094483,0.338099,0.117017,0.607208,0.675203,0.934818,0.691578,0.525824,0.695770,0.632774,0.353415,0.879897,0.705563,0.377592,0.331227,0.047799,0.359023,0.251354,0.185902,0.352707,0.704959,0.497236,0.229325,0.515409,0.035961,0.383949,0.136270,0.738680,0.701849,0.765665,0.897863,0.796332,0.103763,0.014880,0.403540,0.778966],
[0.949697,0.095118,0.304790,0.645467,0.727892,0.658205,0.525364,0.433455,0.035797,0.856591,0.481254,0.394820,0.107945,0.667157,0.747527,0.812903,0.164393,0.976852,0.328312,0.200354,0.360802,0.464582,0.939034,0.062651,0.230247,0.836897,0.858982,0.334010,0.851776,0.262522,0.112976,0.801474,0.357640,0.417767,0.446941,0.085532,0.075972,0.972305,0.518987,0.111769],
[0.828896,0.000242,0.506589,0.936840,0.667398,0.254117,0.749744,0.831791,0.230969,0.078056,0.032145,0.591771,0.542638,0.971179,0.654422,0.772885,0.808075,0.513404,0.106895,0.659851,0.775926,0.219871,0.461325,0.133566,0.637638,0.908266,0.219098,0.713610,0.880571,0.738086,0.825380,0.709467,0.738328,0.331969,0.646307,0.405726,0.586086,0.396051,0.237517,0.817055],
[0.474107,0.269662,0.408826,0.016745,0.240841,0.063248,0.789630,0.048916,0.576652,0.896525,0.708767,0.352578,0.116396,0.170092,0.486145,0.754035,0.078358,0.705243,0.467645,0.958929,0.443329,0.293024,0.668396,0.181657,0.624993,0.314703,0.587383,0.211079,0.710754,0.824900,0.028135,0.184861,0.094562,0.436961,0.201606,0.335403,0.500209,0.991236,0.384319,0.076861],
[0.887761,0.093086,0.429440,0.004158,0.263178,0.915585,0.758192,0.341536,0.620828,0.225837,0.300466,0.064157,0.518862,0.968862,0.245814,0.143855,0.283565,0.833197,0.354935,0.994320,0.658097,0.383069,0.179181,0.752660,0.820030,0.380787,0.088063,0.320239,0.372024,0.472381,0.397101,0.259785,0.565467,0.826540,0.263943,0.828645,0.742125,0.022135,0.170182,0.362953],
[0.247972,0.470648,0.427110,0.766834,0.439510,0.672924,0.910689,0.723075,0.506121,0.265624,0.717395,0.164218,0.648693,0.896576,0.916877,0.468723,0.277363,0.004940,0.788963,0.649387,0.477321,0.186063,0.909172,0.042789,0.012603,0.173114,0.871434,0.754728,0.195250,0.041616,0.117681,0.443222,0.512264,0.544791,0.210056,0.951774,0.217715,0.120745,0.674849,0.723835],
[0.386369,0.392243,0.888053,0.035062,0.288819,0.804931,0.503786,0.566182,0.809870,0.292748,0.215569,0.287192,0.478811,0.124740,0.329980,0.491415,0.297855,0.201414,0.246143,0.493104,0.243030,0.363824,0.936326,0.755294,0.908615,0.146382,0.707068,0.126330,0.267127,0.381916,0.850165,0.653497,0.774160,0.738218,0.688559,0.062979,0.543149,0.192345,0.629161,0.353019],
[0.485093,0.844729,0.640211,0.963905,0.969470,0.970191,0.455320,0.267324,0.171606,0.701463,0.760428,0.414636,0.065287,0.696754,0.169930,0.973902,0.843136,0.876997,0.100232,0.110264,0.258913,0.950397,0.763761,0.033073,0.688615,0.452320,0.096052,0.231764,0.644665,0.725213,0.584783,0.129758,0.569942,0.224994,0.093663,0.539412,0.195185,0.548983,0.806736,0.366791],
[0.250446,0.567164,0.781427,0.315733,0.263918,0.951356,0.289635,0.107054,0.828354,0.389866,0.217318,0.087267,0.340263,0.981079,0.120340,0.028878,0.433399,0.216392,0.260642,0.078064,0.941605,0.845425,0.207822,0.511547,0.070419,0.301485,0.050959,0.265605,0.850468,0.857694,0.632395,0.100914,0.424858,0.413822,0.416646,0.688776,0.365178,0.706281,0.795831,0.193532],
[0.096147,0.013149,0.280799,0.436410,0.994228,0.401139,0.465288,0.427627,0.617531,0.725930,0.505690,0.559136,0.571355,0.713512,0.070683,0.641774,0.014997,0.121642,0.907379,0.865465,0.979336,0.539774,0.966379,0.404195,0.953596,0.383025,0.092971,0.318775,0.089306,0.888802,0.512307,0.185453,0.901951,0.793106,0.621863,0.896179,0.194245,0.087151,0.323806,0.811776],
[0.813081,0.829496,0.370912,0.384436,0.543008,0.441596,0.026210,0.558006,0.563238,0.933589,0.423471,0.542574,0.473363,0.389850,0.946769,0.426959,0.772875,0.039740,0.745734,0.862181,0.928542,0.258040,0.047634,0.830494,0.051146,0.669497,0.726673,0.245391,0.756648,0.050479,0.057167,0.569729,0.879975,0.428079,0.954165,0.422983,0.869675,0.980375,0.980988,0.432913],
[0.913964,0.404459,0.975487,0.387327,0.794310,0.922256,0.814286,0.567185,0.961997,0.560019,0.429366,0.890539,0.818060,0.477000,0.721033,0.869205,0.146497,0.447706,0.114596,0.903145,0.498184,0.171763,0.472874,0.378159,0.599842,0.427039,0.801142,0.469517,0.407414,0.782130,0.902430,0.321378,0.186590,0.877917,0.708705,0.980899,0.800173,0.522991,0.548084,0.762170],
[0.083010,0.977450,0.652710,0.901070,0.454450,0.373743,0.770275,0.600946,0.821448,0.884871,0.504091,0.319633,0.056634,0.976965,0.697791,0.656475,0.404005,0.498933,0.125992,0.811419,0.281063,0.028422,0.132797,0.467653,0.906339,0.841502,0.448552,0.706512,0.364493,0.996636,0.468682,0.447504,0.974086,0.121391,0.348573,0.428535,0.495134,0.118849,0.029482,0.316582],
[0.003720,0.533573,0.636215,0.060354,0.510539,0.334006,0.716829,0.914543,0.832939,0.842821,0.725962,0.114003,0.871243,0.858759,0.581655,0.777581,0.700262,0.030207,0.484093,0.064755,0.026843,0.952775,0.512259,0.000929,0.074167,0.860832,0.429464,0.569301,0.979681,0.458946,0.885883,0.983401,0.992519,0.522098,0.043754,0.503058,0.856104,0.760583,0.417601,0.689043],
[0.603404,0.143563,0.803046,0.474647,0.002322,0.384701,0.252228,0.702584,0.414909,0.736322,0.767339,0.441752,0.689097,0.279598,0.442681,0.763263,0.140430,0.872145,0.332564,0.120111,0.331091,0.218447,0.103512,0.323611,0.740544,0.147266,0.826668,0.596648,0.907849,0.244269,0.285692,0.511253,0.387832,0.088738,0.985900,0.390155,0.473439,0.238128,0.092739,0.888348],
[0.974450,0.860078,0.330100,0.663547,0.139676,0.772781,0.426810,0.280106,0.644927,0.759374,0.400217,0.976018,0.977821,0.503729,0.299629,0.718365,0.650994,0.126297,0.315014,0.558843,0.370566,0.600706,0.070096,0.758399,0.689443,0.055996,0.148553,0.162882,0.294124,0.241292,0.051230,0.268574,0.101370,0.381331,0.932121,0.241046,0.154112,0.358931,0.521152,0.799039],
[0.118306,0.921370,0.775057,0.096127,0.425098,0.074686,0.814492,0.076093,0.200983,0.129506,0.634936,0.571549,0.730212,0.705031,0.329948,0.419655,0.761027,0.478501,0.582537,0.055151,0.719793,0.633768,0.323725,0.821163,0.015098,0.255846,0.062209,0.169210,0.614778,0.583362,0.968249,0.733083,0.504731,0.743306,0.829210,0.929829,0.817992,0.643702,0.005922,0.018975],
[0.773208,0.640858,0.590525,0.503419,0.345889,0.920473,0.923074,0.106916,0.398974,0.505611,0.162067,0.118767,0.139379,0.485792,0.939930,0.154477,0.741638,0.002139,0.323688,0.356416,0.585501,0.291937,0.089499,0.090232,0.035243,0.918709,0.020062,0.853236,0.562411,0.025984,0.872211,0.335618,0.666841,0.462736,0.839038,0.012730,0.383208,0.762112,0.119646,0.782182],
[0.267723,0.281713,0.900949,0.407102,0.767506,0.840879,0.561579,0.509144,0.843018,0.885266,0.865560,0.428519,0.177203,0.955059,0.518752,0.212447,0.873768,0.538813,0.065683,0.436179,0.564797,0.937893,0.771797,0.231639,0.400629,0.610834,0.244369,0.783837,0.372946,0.364015,0.566019,0.640669,0.645729,0.466968,0.047771,0.413234,0.307847,0.609350,0.922378,0.150865],
[0.494616,0.787939,0.579384,0.671820,0.742998,0.098136,0.884266,0.616766,0.636949,0.949949,0.052944,0.201746,0.887842,0.824741,0.433385,0.288471,0.435576,0.677754,0.072308,0.808522,0.041769,0.638327,0.449191,0.687497,0.105295,0.496961,0.100732,0.413141,0.106311,0.023110,0.564006,0.600927,0.811048,0.143390,0.272747,0.554046,0.241526,0.157013,0.170812,0.878475]],
[[0.106962,0.223756,0.080222,0.994804,0.048497,0.513606,0.283275,0.484073,0.191360,0.355583,0.292595,0.233129,0.993911,0.741786,0.920626,0.099205,0.238747,0.021358,0.512347,0.345058,0.044468,0.076353,0.945985,0.855516,0.219743,0.218732,0.409562,0.461269,0.375745,0.580374,0.339745,0.482706,0.804131,0.419966,0.477511,0.852628,0.933573,0.760786,0.336701,0.124933],
[0.116369,0.629296,0.358062,0.110280,0.371082,0.278688,0.209485,0.609829,0.300046,0.721832,0.954887,0.344514,0.798185,0.900872,0.200030,0.017928,0.119604,0.609592,0.479197,0.495349,0.189967,0.818942,0.978055,0.994098,0.238908,0.455566,0.846726,0.172481,0.216352,0.183427,0.297414,0.332721,0.812723,0.655476,0.443001,0.183805,0.934164,0.652486,0.793634,0.234211],
[0.374318,0.748522,0.578724,0.172503,0.649394,0.778754,0.190430,0.768998,0.388347,0.669627,0.264347,0.578314,0.488569,0.242403,0.572411,0.727477,0.697969,0.419137,0.899958,0.914320,0.602564,0.197372,0.247042,0.415288,0.852848,0.690043,0.599093,0.787013,0.342529,0.392727,0.021223,0.716847,0.141249,0.599948,0.889349,0.790643,0.378702,0.079779,0.559641,0.767049],
[0.749407,0.823988,0.345363,0.237975,0.066391,0.917774,0.965452,0.764360,0.336911,0.865411,0.678680,0.939475,0.062783,0.925722,0.354763,0.915631,0.615764,0.953856,0.702644,0.958293,0.346583,0.723868,0.675140,0.487832,0.323815,0.564489,0.278475,0.702518,0.644269,0.838116,0.469567,0.393675,0.662104,0.814929,0.631651,0.728495,0.732704,0.597103,0.492855,0.069615],
[0.462514,0.171535,0.009090,0.525296,0.097257,0.363853,0.440928,0.713021,0.317709,0.143572,0.671314,0.664292,0.867439,0.346454,0.152124,0.191255,0.910943,0.430598,0.893772,0.555212,0.268714,0.363339,0.948887,0.930818,0.178268,0.580538,0.659314,0.910972,0.177641,0.152169,0.980587,0.640154,0.323704,0.989677,0.165451,0.420962,0.353530,0.606378,0.133983,0.671239],
[0.749950,0.805297,0.335531,0.617390,0.151751,0.487654,0.808644,0.062695,0.918252,0.702417,0.617907,0.186966,0.065756,0.566794,0.117785,0.244024,0.147332,0.777099,0.154996,0.324973,0.929268,0.135583,0.965127,0.252972,0.125260,0.130578,0.673934,0.478790,0.736957,0.807917,0.150029,0.486907,0.613214,0.485560,0.104296,0.764965,0.973214,0.912941,0.827660,0.891466],
[0.615358,0.445566,0.078433,0.681113,0.012360,0.196218,0.925138,0.159692,0.973316,0.080134,0.484665,0.902584,0.215717,0.449792,0.155556,0.340977,0.580370,0.829490,0.819766,0.317327,0.637407,0.969795,0.804234,0.250620,0.455355,0.908530,0.015585,0.428569,0.821471,0.843245,0.320035,0.436829,0.288811,0.398468,0.117942,0.301172,0.594686,0.043080,0.460864,0.568002],
[0.123214,0.945529,0.470586,0.338930,0.395321,0.626142,0.679907,0.975691,0.455632,0.499673,0.293018,0.093039,0.469469,0.097252,0.343659,0.924824,0.005782,0.359244,0.353393,0.827253,0.202489,0.673428,0.264082,0.491300,0.071896,0.382024,0.792472,0.666581,0.425104,0.253336,0.234583,0.548318,0.198864,0.705169,0.887248,0.594185,0.331311,0.567155,0.569876,0.786944],
[0.066828,0.862895,0.879982,0.536297,0.960147,0.223641,0.461121,0.965929,0.582885,0.814514,0.793182,0.785374,0.487941,0.057264,0.276674,0.559837,0.439288,0.069146,0.226419,0.864392,0.322482,0.461002,0.412710,0.521346,0.166171,0.299958,0.115531,0.497483,0.867113,0.685408,0.284426,0.933941,0.548302,0.164408,0.470238,0.508449,0.388050,0.931359,0.474378,0.970935],
[0.745873,0.267560,0.756309,0.233814,0.324824,0.032983,0.793652,0.764112,0.102130,0.020070,0.628504,0.424612,0.481072,0.041215,0.945958,0.647244,0.341173,0.061489,0.144726,0.208286,0.746897,0.429153,0.142227,0.295200,0.593561,0.612466,0.803649,0.981610,0.543825,0.278026,0.952545,0.289697,0.545586,0.708854,0.523512,0.870410,0.741838,0.317163,0.634522,0.843967],
[0.337234,0.263026,0.268579,0.818306,0.304241,0.214537,0.465550,0.645414,0.276026,0.610276,0.853700,0.022924,0.039429,0.995927,0.318123,0.632990,0.608392,0.121772,0.614600,0.152217,0.399798,0.567145,0.441915,0.945385,0.276000,0.965426,0.815794,0.017837,0.282590,0.450316,0.861804,0.619823,0.713343,0.130383,0.438129,0.017584,0.344920,0.903679,0.662998,0.620947],
[0.513956,0.516697,0.643871,0.553384,0.512624,0.961994,0.186374,0.121017,0.083766,0.800974,0.273234,0.483564,0.368120,0.715148,0.428949,0.644119,0.680575,0.244743,0.661956,0.963164,0.695060,0.523761,0.582987,0.408403,0.654144,0.021117,0.425987,0.999065,0.924796,0.088984,0.620012,0.438751,0.605682,0.263882,0.992136,0.118306,0.225876,0.178510,0.239323,0.309642],
[0.979484,0.512557,0.793206,0.347604,0.227705,0.222154,0.991723,0.908279,0.466898,0.653680,0.871443,0.161957,0.177440,0.454431,0.570360,0.831585,0.475547,0.996346,0.830649,0.400343,0.085331,0.450661,0.839095,0.691013,0.714543,0.831230,0.809319,0.940419,0.009740,0.048642,0.250060,0.989224,0.561199,0.043266,0.336828,0.788903,0.265420,0.328552,0.697183,0.732318],
[0.982231,0.568626,0.894275,0.159672,0.023057,0.464635,0.991256,0.498604,0.460982,0.821906,0.898947,0.546313,0.272567,0.738042,0.237325,0.987110,0.569272,0.046645,0.927528,0.579012,0.095287,0.177589,0.568237,0.656485,0.220855,0.905065,0.445388,0.486275,0.233617,0.142571,0.218593,0.215848,0.711197,0.112868,0.375520,0.734253,0.577503,0.366776,0.232857,0.038485],
[0.188682,0.131804,0.584797,0.461249,0.869846,0.822123,0.448358,0.439118,0.868767,0.375887,0.018130,0.964054,0.553475,0.586367,0.620539,0.774330,0.491432,0.065927,0.260605,0.725049,0.208498,0.479198,0.940897,0.919695,0.592066,0.316416,0.653948,0.169569,0.683193,0.886805,0.208054,0.871875,0.018610,0.792852,0.333124,0.888455,0.614974,0.781482,0.327573,0.483742],
[0.157369,0.345704,0.447795,0.710844,0.932070,0.068334,0.485173,0.423502,0.134262,0.745778,0.148551,0.342760,0.224976,0.089447,0.262455,0.817042,0.405864,0.916403,0.986611,0.089057,0.803209,0.194665,0.960931,0.821818,0.987517,0.294055,0.710274,0.602491,0.075537,0.037847,0.086233,0.232905,0.383551,0.534028,0.943749,0.315621,0.602363,0.428922,0.739123,0.736624],
[0.174701,0.887674,0.079384,0.399676,0.977121,0.341839,0.216718,0.382985,0.258242,0.203330,0.472042,0.061451,0.397995,0.432973,0.883269,0.385512,0.727028,0.593543,0.988003,0.802565,0.631390,0.074236,0.035471,0.014941,0.608264,0.979220,0.330562,0.210627,0.408142,0.069685,0.947251,0.582843,0.957360,0.026635,0.982519,0.934481,0.368474,0.199237,0.317466,0.626717],
[0.402567,0.789508,0.688168,0.800562,0.222481,0.571437,0.186074,0.949509,0.164981,0.174077,0.752075,0.796371,0.248312,0.787545,0.811312,0.856576,0.766765,0.141874,0.067203,0.174907,0.211560,0.014454,0.757750,0.168919,0.041089,0.740269,0.103400,0.409563,0.939507,0.420867,0.036280,0.342074,0.210375,0.724448,0.142635,0.432856,0.295885,0.328709,0.382365,0.460866],
[0.502786,0.134440,0.257237,0.751098,0.921985,0.068549,0.607674,0.688750,0.210424,0.674877,0.863658,0.421983,0.689331,0.621408,0.590903,0.730420,0.361677,0.694303,0.139983,0.301183,0.115170,0.176263,0.643257,0.325544,0.900711,0.785892,0.758400,0.196596,0.114601,0.140765,0.657462,0.617387,0.275205,0.914699,0.368485,0.197191,0.983248,0.976159,0.885941,0.193671],
[0.651036,0.749599,0.615655,0.340367,0.371006,0.206557,0.070786,0.732683,0.900861,0.210769,0.033866,0.016030,0.387032,0.677123,0.341575,0.287743,0.463015,0.099975,0.484338,0.577616,0.240740,0.141800,0.195003,0.515946,0.056499,0.563488,0.713136,0.039746,0.539647,0.599077,0.233418,0.190683,0.348676,0.849072,0.531050,0.719682,0.055630,0.601836,0.452365,0.956490],
[0.812605,0.486231,0.972521,0.199637,0.163354,0.314095,0.487379,0.626369,0.414070,0.971718,0.203985,0.654810,0.113518,0.398989,0.170756,0.170017,0.962477,0.883892,0.209763,0.502124,0.482969,0.443180,0.692807,0.831645,0.292253,0.223857,0.551327,0.347882,0.825693,0.003691,0.304372,0.638298,0.489922,0.276893,0.837934,0.653276,0.590988,0.325313,0.279644,0.005058],
[0.297031,0.483630,0.659869,0.410549,0.882618,0.830625,0.580565,0.845095,0.714517,0.790328,0.347219,0.197486,0.233509,0.040026,0.029131,0.525761,0.263882,0.580458,0.873643,0.089575,0.584149,0.178015,0.727873,0.074071,0.454908,0.565807,0.727347,0.045896,0.891120,0.006991,0.050954,0.188151,0.490621,0.710823,0.598700,0.373239,0.541447,0.179265,0.218334,0.255964],
[0.969593,0.565553,0.453450,0.203102,0.605579,0.482581,0.728863,0.869461,0.063039,0.602506,0.959036,0.647188,0.780522,0.686909,0.721259,0.235430,0.252716,0.448606,0.281326,0.143836,0.455598,0.332280,0.331987,0.946219,0.043102,0.930687,0.319458,0.584550,0.109952,0.537792,0.840513,0.079545,0.103345,0.293963,0.282647,0.708924,0.776545,0.011510,0.578385,0.839583],
[0.614017,0.537421,0.486771,0.394538,0.224330,0.208031,0.629968,0.477046,0.656637,0.911294,0.620881,0.112235,0.243574,0.952868,0.058454,0.286676,0.883555,0.377912,0.871226,0.993506,0.915704,0.711739,0.073052,0.019050,0.005703,0.355699,0.727974,0.782247,0.367209,0.306359,0.621830,0.981226,0.843780,0.108602,0.375764,0.068110,0.316633,0.005732,0.545156,0.973270],
[0.917026,0.166037,0.085505,0.160599,0.118905,0.143958,0.447275,0.002460,0.521870,0.318501,0.995966,0.437575,0.030240,0.069018,0.456624,0.035943,0.424717,0.184598,0.818190,0.791926,0.490957,0.440020,0.773151,0.334737,0.548622,0.148916,0.402847,0.865255,0.154648,0.948002,0.838525,0.071673,0.114039,0.924029,0.232272,0.232944,0.067988,0.679548,0.235404,0.589858],
[0.998049,0.231370,0.027433,0.028289,0.300387,0.484057,0.064231,0.725104,0.668655,0.882421,0.517030,0.159611,0.322441,0.290181,0.494348,0.871063,0.439097,0.897195,0.736318,0.593744,0.845197,0.574843,0.665418,0.959236,0.498872,0.897690,0.192181,0.566860,0.577238,0.427584,0.156718,0.575286,0.658954,0.184151,0.603575,0.959342,0.668208,0.667806,0.684446,0.336862],
[0.550227,0.201475,0.496474,0.872669,0.491657,0.990821,0.743732,0.930753,0.888016,0.480050,0.524498,0.733213,0.054892,0.189915,0.692449,0.553765,0.087605,0.884630,0.120625,0.664843,0.312214,0.277343,0.240129,0.971168,0.461494,0.843705,0.930510,0.129701,0.511511,0.614955,0.466564,0.061738,0.816431,0.963038,0.934407,0.308087,0.953859,0.678139,0.238841,0.841875],
[0.158188,0.763338,0.575088,0.213081,0.953254,0.267537,0.766846,0.040859,0.152167,0.887470,0.705702,0.464381,0.164813,0.945831,0.435550,0.626307,0.789536,0.366059,0.756008,0.301047,0.981015,0.222572,0.362785,0.797445,0.185610,0.297192,0.105533,0.139469,0.975331,0.344374,0.981344,0.133519,0.107712,0.556432,0.346600,0.060966,0.823969,0.113446,0.101825,0.976137],
[0.000916,0.807526,0.440518,0.165729,0.753358,0.876068,0.792036,0.542894,0.242127,0.548044,0.843941,0.223142,0.770617,0.206726,0.020587,0.956227,0.503918,0.126120,0.095695,0.479249,0.470494,0.077039,0.612768,0.578206,0.633471,0.959369,0.639171,0.457441,0.072814,0.740996,0.433578,0.073730,0.548522,0.874096,0.239460,0.301880,0.750164,0.031496,0.844774,0.992291],
[0.579540,0.688714,0.215433,0.350157,0.895440,0.236020,0.306383,0.399358,0.362140,0.402079,0.878608,0.832634,0.479118,0.491376,0.410840,0.112589,0.450745,0.050011,0.570030,0.523559,0.791007,0.003608,0.597290,0.339529,0.877704,0.836749,0.641409,0.627867,0.868245,0.486183,0.620158,0.447785,0.174897,0.835591,0.797942,0.070337,0.071611,0.104325,0.469696,0.433751],
[0.506404,0.348303,0.266385,0.985522,0.839679,0.677225,0.098112,0.290424,0.727236,0.668142,0.813983,0.518243,0.671750,0.411273,0.857772,0.549453,0.248022,0.499181,0.177320,0.116267,0.985363,0.797478,0.564053,0.160260,0.633069,0.361995,0.230598,0.704680,0.466320,0.700293,0.138431,0.972724,0.048597,0.404816,0.958246,0.888276,0.082041,0.056358,0.178700,0.809277],
[0.724500,0.992683,0.327519,0.396250,0.403956,0.185291,0.945703,0.651978,0.684471,0.123023,0.768246,0.669835,0.920501,0.332298,0.830095,0.553570,0.694293,0.060693,0.258250,0.160613,0.760986,0.396681,0.133337,0.809583,0.801497,0.091584,0.697858,0.883538,0.147942,0.876558,0.692814,0.872441,0.869242,0.020334,0.268691,0.273198,0.205624,0.214394,0.925176,0.890096],
[0.337417,0.693422,0.559930,0.257918,0.025721,0.390026,0.811488,0.720014,0.450718,0.069738,0.880627,0.211704,0.466419,0.013964,0.021287,0.267915,0.105547,0.719145,0.151453,0.253489,0.595704,0.844267,0.125930,0.464945,0.864601,0.394621,0.738143,0.070225,0.609015,0.663320,0.960321,0.946432,0.356742,0.520251,0.204350,0.382463,0.910277,0.015838,0.102476,0.360995],
[0.085576,0.983103,0.572699,0.551994,0.997067,0.593986,0.819910,0.102614,0.313131,0.971363,0.356103,0.908835,0.815630,0.482034,0.373780,0.680231,0.876655,0.111923,0.750456,0.485670,0.775243,0.710777,0.432102,0.131985,0.231028,0.636452,0.514448,0.141305,0.652290,0.616924,0.502301,0.737866,0.600027,0.075000,0.289860,0.597094,0.668986,0.109770,0.699708,0.982117],
[0.081133,0.055811,0.890952,0.896763,0.537845,0.264732,0.576993,0.414500,0.376655,0.327449,0.900170,0.151898,0.038226,0.332272,0.283883,0.269255,0.968724,0.798331,0.410560,0.621014,0.415255,0.912861,0.358880,0.015282,0.987861,0.648740,0.612376,0.656847,0.758510,0.312084,0.638964,0.839643,0.367895,0.529915,0.736405,0.905740,0.794647,0.313399,0.320240,0.171302],
[0.640848,0.220410,0.323200,0.679074,0.552682,0.607084,0.948328,0.521406,0.405414,0.358888,0.142420,0.820669,0.271749,0.501299,0.835951,0.259609,0.150039,0.448326,0.916456,0.908549,0.760410,0.555420,0.748192,0.128305,0.085335,0.484598,0.034045,0.879982,0.797996,0.354285,0.051285,0.438844,0.574695,0.374485,0.117918,0.127376,0.981569,0.066246,0.648782,0.386983],
[0.425135,0.791202,0.207652,0.696884,0.292501,0.043603,0.956493,0.442540,0.491929,0.872949,0.351090,0.252339,0.428369,0.099282,0.380644,0.513704,0.583879,0.414689,0.393686,0.381875,0.768974,0.444971,0.820719,0.343668,0.819456,0.938637,0.471045,0.801025,0.004884,0.119827,0.188008,0.430018,0.911029,0.395660,0.126902,0.203530,0.439262,0.083395,0.646070,0.931192],
[0.956345,0.997160,0.183531,0.384713,0.096442,0.564175,0.898417,0.680321,0.978864,0.292103,0.062197,0.747838,0.737074,0.882916,0.091507,0.556530,0.821553,0.562552,0.357555,0.826437,0.682379,0.545562,0.256455,0.593408,0.941222,0.383358,0.796937,0.380484,0.466753,0.443008,0.311676,0.423097,0.440167,0.495207,0.807811,0.536609,0.059382,0.706228,0.216930,0.038247],
[0.998331,0.279127,0.786085,0.735405,0.162043,0.877592,0.291935,0.983596,0.440144,0.649490,0.810033,0.122523,0.195052,0.066489,0.715930,0.136274,0.449846,0.512868,0.516758,0.916599,0.955875,0.828435,0.339697,0.396042,0.323642,0.147507,0.932652,0.383024,0.853735,0.149582,0.421271,0.852066,0.428708,0.207356,0.587472,0.590751,0.084948,0.879407,0.574347,0.525092],
[0.528897,0.384380,0.647615,0.723949,0.450869,0.363545,0.860223,0.900715,0.876413,0.376981,0.817314,0.832288,0.205416,0.157011,0.228330,0.529057,0.304518,0.160982,0.912081,0.158253,0.310563,0.333352,0.010320,0.739272,0.540708,0.597791,0.330023,0.625656,0.477198,0.904370,0.150748,0.006095,0.288750,0.798363,0.730043,0.739619,0.161908,0.590266,0.640334,0.038320]]];

c=[[9,8,7,1,2,2,10,3,5,4,1,4,3,5,1,4,4,7,8,8,4,4,9,1,6,2,2,8,4,1,3,4,8,2,4,2,3,5,6,7],
[9,6,2,3,10,2,8,5,10,5,3,3,8,1,6,4,5,7,3,8,9,6,3,7,7,6,10,9,3,5,8,3,10,9,7,9,1,4,5,10],
[8,7,5,8,8,10,3,2,8,5,1,6,10,3,4,8,10,3,7,2,9,6,6,8,4,2,8,4,5,3,6,5,9,10,4,8,1,6,1,8],
[2,3,5,2,7,1,1,7,3,9,10,2,4,8,1,8,9,9,3,4,3,10,10,3,9,3,3,1,8,3,8,1,6,5,2,2,5,5,10,9],
[3,2,10,7,9,3,6,7,3,8,2,5,8,1,9,8,5,1,9,4,4,8,5,1,4,8,4,8,2,6,7,5,7,8,3,7,10,8,5,2],
[7,9,8,4,1,7,4,6,9,4,9,2,1,3,4,5,1,8,4,2,5,2,8,3,10,10,9,1,7,5,3,4,3,2,9,4,10,4,1,9],
[7,9,2,10,2,6,6,4,5,9,7,9,1,5,3,2,6,3,2,5,7,6,8,2,8,8,5,9,4,7,7,10,5,9,1,8,6,8,3,2],
[9,10,2,1,6,4,2,1,6,5,5,2,1,4,3,10,4,9,8,7,7,5,8,2,5,9,1,10,6,4,3,6,3,4,6,10,7,7,10,2],
[2,5,5,4,10,10,3,3,10,2,9,7,8,7,10,2,7,10,3,4,3,5,10,7,10,5,8,6,4,8,9,7,4,6,10,3,5,4,6,6],
[5,4,2,5,2,3,8,8,3,1,4,7,7,3,6,9,9,3,6,2,2,5,8,5,2,9,8,8,2,5,3,9,10,7,3,2,9,10,1,3],
[2,4,10,1,6,7,1,5,1,6,8,3,10,6,7,1,4,6,10,8,10,3,8,10,1,10,3,1,1,3,4,5,7,5,7,4,1,7,10,1],
[2,10,3,4,5,2,6,10,7,6,9,9,10,6,8,10,7,10,10,10,4,5,4,2,9,2,8,1,10,9,4,1,8,8,6,4,9,4,6,8],
[9,4,6,10,10,5,9,8,6,10,7,9,5,2,3,5,3,10,6,4,8,9,7,6,6,2,1,7,5,6,4,5,10,1,4,1,5,4,8,10],
[4,5,10,10,6,2,4,1,3,9,4,3,9,10,10,7,4,10,3,8,6,8,5,5,8,8,5,2,2,4,3,7,8,4,6,6,8,9,8,2],
[10,1,4,10,3,3,6,6,3,10,5,8,7,9,4,4,9,10,7,10,3,1,8,3,5,3,10,4,3,7,5,2,9,9,4,1,1,9,8,5],
[1,5,2,7,5,7,3,5,6,9,6,1,2,3,3,6,5,2,1,8,8,5,1,8,3,4,1,6,5,8,10,5,4,4,3,1,10,5,5,6],
[6,1,6,7,3,10,2,8,1,4,7,10,8,9,9,3,3,9,8,9,9,9,3,2,2,5,2,4,10,9,1,5,9,6,3,1,7,4,10,9],
[7,6,10,6,5,8,8,9,7,7,7,5,8,1,8,9,7,10,4,8,10,4,2,8,1,6,8,7,9,10,5,7,7,4,5,3,2,4,1,10],
[1,9,4,8,1,1,8,8,2,2,5,1,7,9,10,8,4,8,4,5,9,1,3,5,6,7,8,7,1,10,8,3,1,1,10,1,4,9,8,7],
[2,3,8,9,3,7,6,6,6,1,10,4,1,3,1,7,1,8,5,1,7,3,3,9,5,4,10,8,5,7,5,8,1,4,6,3,10,3,1,8],
[4,10,3,6,4,3,4,5,10,9,7,9,3,2,7,7,7,8,7,1,7,1,1,7,4,6,2,5,1,2,4,6,3,7,1,9,9,7,5,1],
[5,1,1,9,4,9,7,1,7,3,3,3,3,3,1,8,1,4,5,3,7,10,8,2,8,10,10,9,6,4,9,2,6,1,10,2,9,7,4,7],
[9,6,1,4,1,2,3,3,7,9,5,4,1,2,5,8,3,6,6,9,1,6,10,8,6,10,9,7,8,2,5,8,10,6,1,2,9,6,6,5],
[6,10,10,6,3,6,4,5,1,9,5,1,7,5,9,4,6,9,10,3,3,7,10,2,2,3,5,2,10,10,6,5,1,8,1,3,3,6,9,6],
[6,4,6,2,8,6,6,5,5,7,7,7,3,8,10,6,2,4,7,1,5,5,6,5,2,8,9,6,5,7,1,10,2,9,4,1,4,1,5,10],
[7,3,8,2,1,7,7,4,2,6,5,6,10,2,2,3,1,10,10,5,7,1,4,10,9,7,1,2,7,5,4,6,8,1,9,10,10,7,3,3],
[2,9,9,3,10,2,7,10,2,7,6,10,7,10,9,7,8,9,10,7,6,3,4,5,6,2,4,5,10,8,7,2,7,7,6,8,9,3,10,2],
[1,5,1,7,6,9,3,6,10,4,2,5,7,7,9,2,10,4,8,9,3,6,10,9,5,8,9,5,2,10,6,2,4,6,8,2,6,2,7,5],
[5,10,9,3,6,7,6,7,2,3,5,5,9,7,5,3,4,3,9,5,2,4,6,8,1,5,9,6,8,7,1,4,6,9,7,3,8,2,9,9],
[7,5,5,5,1,10,9,4,2,7,10,6,2,5,5,2,1,5,7,8,1,7,2,8,8,10,2,7,3,2,7,9,6,2,5,7,1,3,2,4],
[1,2,1,2,8,5,3,1,1,2,8,1,8,1,10,7,2,3,3,5,4,10,3,2,3,8,10,3,2,1,6,3,4,9,6,4,3,9,4,6],
[10,3,8,9,6,8,8,7,2,10,3,6,1,6,7,3,5,8,7,6,10,5,8,4,3,6,9,7,6,4,2,7,8,10,5,3,9,2,2,10],
[4,4,7,6,1,5,1,5,2,7,1,2,1,10,7,5,5,5,2,10,10,5,8,7,4,3,2,2,6,5,4,1,10,10,7,1,5,7,7,6],
[5,7,7,8,9,3,2,5,9,3,7,8,8,4,5,3,6,6,7,4,10,10,6,1,9,2,1,5,10,8,1,7,6,9,4,6,2,5,1,2],
[10,7,10,9,10,4,3,8,1,9,3,2,10,8,2,1,2,5,5,3,4,7,9,9,6,2,7,9,9,7,10,8,3,9,8,4,4,10,3,6],
[9,5,7,10,5,1,10,6,5,5,8,10,1,7,8,8,10,4,6,8,2,8,7,6,8,6,10,2,6,4,7,6,9,6,5,3,6,5,10,2],
[1,7,1,1,5,10,1,7,6,8,4,7,5,3,5,3,8,4,6,5,9,2,10,7,9,5,1,6,9,10,7,9,9,9,1,3,9,1,9,6],
[9,5,4,5,9,8,7,6,3,2,1,2,6,10,10,6,6,1,2,6,2,8,4,10,9,7,3,9,9,3,4,9,7,7,4,5,7,2,3,1],
[6,5,2,1,6,2,6,2,4,7,7,5,7,3,5,5,1,9,5,9,1,8,8,10,6,3,6,4,4,10,5,9,4,6,1,2,9,9,5,4],
[7,3,1,3,5,5,9,5,5,3,6,7,2,3,8,8,5,4,3,10,5,7,9,1,5,1,2,5,9,6,9,6,10,9,8,5,5,9,1,1],
];
