m=30;
n=30;
p=3;
q=3;

alpha=[0.537877,0.595105,0.735940,0.557172,0.581137,0.708459];

proba=[[[0.442857,0.945826,0.147597,0.359954,0.573081,0.058487,0.192736,0.971301,0.921825,0.093534,0.272729,0.693490,0.259239,0.348819,0.020264,0.881806,0.832672,0.980757,0.306083,0.708836,0.615287,0.420421,0.398615,0.264072,0.618779,0.474369,0.454281,0.090660,0.588713,0.616555],
[0.507578,0.031570,0.562382,0.655176,0.391524,0.135463,0.713663,0.584260,0.106764,0.635487,0.677794,0.379493,0.328977,0.937034,0.728312,0.349242,0.818840,0.560984,0.329998,0.124923,0.269820,0.945286,0.545344,0.668434,0.209357,0.164123,0.142804,0.663639,0.254783,0.731517],
[0.280194,0.762361,0.763087,0.842576,0.417537,0.154611,0.978039,0.131200,0.738871,0.084803,0.766687,0.416666,0.464296,0.095664,0.353700,0.192608,0.444906,0.172540,0.753592,0.774904,0.297463,0.023411,0.720190,0.842807,0.691846,0.929547,0.006930,0.834649,0.593186,0.261713],
[0.566167,0.873381,0.024075,0.329254,0.715957,0.441612,0.483865,0.693995,0.572811,0.222737,0.778798,0.339498,0.639403,0.243094,0.435163,0.993102,0.435702,0.880069,0.165642,0.189294,0.654973,0.463105,0.212705,0.375163,0.305911,0.904551,0.304711,0.312842,0.739200,0.897897],
[0.574555,0.305367,0.771277,0.598630,0.634621,0.487234,0.040242,0.118486,0.181229,0.613053,0.341223,0.960027,0.952551,0.980626,0.203122,0.387714,0.973728,0.638824,0.267783,0.139370,0.828117,0.922756,0.602474,0.040823,0.297919,0.908386,0.945373,0.602630,0.221228,0.684574],
[0.500527,0.795783,0.989941,0.271804,0.394413,0.624562,0.759038,0.434654,0.743048,0.940267,0.047708,0.084271,0.900295,0.000259,0.064897,0.103416,0.387973,0.038625,0.742240,0.655756,0.177995,0.570357,0.578512,0.780470,0.611180,0.876432,0.688856,0.556553,0.479061,0.910083],
[0.241127,0.979588,0.705866,0.231068,0.251392,0.100279,0.855629,0.010430,0.534933,0.598677,0.950697,0.582641,0.682949,0.850992,0.582900,0.747846,0.954408,0.970873,0.786471,0.696648,0.626629,0.964466,0.267005,0.205142,0.744936,0.878184,0.081573,0.433791,0.434737,0.560635],
[0.343875,0.675864,0.540223,0.049740,0.906932,0.791615,0.150019,0.762561,0.802045,0.684952,0.361238,0.752742,0.267593,0.044187,0.603733,0.850492,0.792033,0.558141,0.821365,0.578504,0.254789,0.447995,0.542970,0.521794,0.653136,0.287906,0.399978,0.734710,0.721697,0.834716],
[0.295344,0.065572,0.510580,0.835567,0.115312,0.417512,0.627182,0.265331,0.180073,0.429226,0.950284,0.541311,0.181968,0.217876,0.585498,0.785701,0.068369,0.377531,0.343843,0.889734,0.956035,0.598632,0.337729,0.499006,0.120426,0.990865,0.786912,0.520404,0.725575,0.508609],
[0.355120,0.020919,0.574181,0.865700,0.856486,0.689493,0.283212,0.483668,0.954825,0.463285,0.912894,0.905108,0.004596,0.094862,0.122985,0.590094,0.880563,0.191353,0.967625,0.224406,0.081087,0.923661,0.823038,0.418816,0.422666,0.943464,0.409681,0.209578,0.463868,0.135255],
[0.718187,0.818988,0.156174,0.292368,0.684688,0.012660,0.981861,0.967900,0.496328,0.936686,0.431184,0.409222,0.841795,0.435780,0.504084,0.964779,0.025874,0.384647,0.156133,0.993500,0.609053,0.237220,0.917160,0.432091,0.656036,0.339826,0.375555,0.065716,0.549404,0.839423],
[0.200972,0.267591,0.658410,0.357146,0.559958,0.343098,0.369806,0.541820,0.310998,0.866135,0.478506,0.742182,0.275357,0.320300,0.177962,0.779441,0.285080,0.203836,0.164088,0.441212,0.197336,0.773141,0.678432,0.114496,0.205232,0.334468,0.454322,0.580787,0.400185,0.003726],
[0.420209,0.601156,0.271316,0.078620,0.958303,0.831275,0.421718,0.328109,0.373094,0.732716,0.194243,0.851600,0.474898,0.469600,0.171901,0.652859,0.249041,0.456980,0.856696,0.413128,0.898193,0.054032,0.186269,0.576625,0.168527,0.391501,0.911093,0.622850,0.972288,0.311278],
[0.626575,0.392497,0.912434,0.897892,0.471117,0.870737,0.729167,0.892835,0.198846,0.102261,0.625551,0.393089,0.953861,0.100448,0.862690,0.125762,0.753308,0.111730,0.582742,0.610003,0.524858,0.480935,0.664035,0.711128,0.057560,0.832562,0.102629,0.968654,0.455412,0.074916],
[0.279932,0.081987,0.467413,0.192366,0.979879,0.938531,0.063103,0.709046,0.831366,0.261949,0.811307,0.456916,0.655039,0.765168,0.557365,0.517728,0.890930,0.310672,0.629459,0.473672,0.920676,0.154317,0.954608,0.584711,0.865445,0.012168,0.417273,0.968073,0.980822,0.872685],
[0.042990,0.260754,0.954672,0.510403,0.453120,0.934551,0.448934,0.516224,0.643597,0.280299,0.778173,0.454903,0.737215,0.433212,0.220071,0.294580,0.950940,0.111001,0.605252,0.580399,0.584674,0.525928,0.734716,0.539281,0.110638,0.600161,0.551449,0.527911,0.568234,0.532271],
[0.400596,0.611223,0.793025,0.355268,0.121626,0.246145,0.289819,0.570560,0.762369,0.933415,0.850859,0.540542,0.388319,0.588075,0.973754,0.608390,0.882654,0.924694,0.719391,0.487907,0.505093,0.304065,0.013834,0.239809,0.843346,0.124472,0.839970,0.394796,0.652383,0.408204],
[0.927067,0.052979,0.019427,0.720092,0.408247,0.141053,0.966238,0.698065,0.711613,0.728607,0.631481,0.562473,0.269149,0.019799,0.150547,0.242904,0.628189,0.033202,0.167598,0.347581,0.521108,0.672691,0.651646,0.534942,0.912501,0.494992,0.659415,0.752470,0.889788,0.311798],
[0.160674,0.816855,0.364777,0.180101,0.536947,0.773024,0.321154,0.503185,0.471090,0.032768,0.231792,0.102570,0.595240,0.500942,0.122369,0.745787,0.743845,0.750558,0.778989,0.911443,0.098139,0.300097,0.584134,0.749785,0.835039,0.496635,0.244777,0.494454,0.249105,0.134565],
[0.806252,0.409779,0.951420,0.171029,0.589880,0.488367,0.944054,0.911034,0.991553,0.415143,0.943802,0.223345,0.517713,0.539042,0.724287,0.640083,0.284829,0.468132,0.390641,0.063818,0.379575,0.488780,0.363915,0.963709,0.238565,0.198954,0.460345,0.483342,0.693408,0.709450],
[0.617907,0.499660,0.119229,0.569327,0.670689,0.709109,0.057694,0.614743,0.620144,0.049247,0.029886,0.563946,0.272592,0.547600,0.102988,0.996878,0.187682,0.387817,0.465010,0.578324,0.451635,0.844585,0.067104,0.815550,0.808295,0.305669,0.014504,0.268639,0.789011,0.707911],
[0.978089,0.406918,0.207571,0.097318,0.976245,0.878260,0.806428,0.033939,0.493003,0.426571,0.083185,0.522889,0.990517,0.355777,0.070489,0.093505,0.352656,0.258171,0.481322,0.817666,0.836495,0.932957,0.662251,0.903599,0.748507,0.470546,0.209268,0.763010,0.739185,0.998279],
[0.470922,0.717274,0.405197,0.678493,0.814593,0.381442,0.556753,0.621020,0.415380,0.049756,0.047592,0.498566,0.572645,0.038109,0.854343,0.643134,0.131614,0.206999,0.901305,0.612936,0.024665,0.737800,0.545892,0.686916,0.641399,0.294399,0.157462,0.850667,0.057410,0.896647],
[0.848946,0.528331,0.613921,0.254143,0.206824,0.428514,0.635585,0.763577,0.049534,0.050965,0.813333,0.097126,0.549531,0.385978,0.135235,0.403874,0.029111,0.266849,0.610873,0.930416,0.879784,0.635537,0.668216,0.425677,0.322453,0.309614,0.720076,0.479915,0.160281,0.777485],
[0.376562,0.009227,0.305816,0.990483,0.263371,0.512640,0.418996,0.898956,0.276217,0.468530,0.949921,0.089550,0.565656,0.499452,0.475528,0.700891,0.903326,0.504640,0.967739,0.514199,0.435056,0.847524,0.149736,0.103272,0.273200,0.472189,0.412886,0.993276,0.952104,0.573167],
[0.770761,0.328665,0.582394,0.076578,0.319148,0.845765,0.589218,0.738144,0.744721,0.865435,0.206675,0.694642,0.954986,0.772331,0.194094,0.430514,0.473222,0.097420,0.935153,0.440962,0.611618,0.370209,0.288485,0.761354,0.473481,0.561685,0.233543,0.886367,0.554961,0.185647],
[0.459534,0.325722,0.514312,0.041928,0.402300,0.833460,0.887693,0.991518,0.571605,0.632413,0.856954,0.778280,0.327055,0.811939,0.550611,0.521149,0.242453,0.023833,0.618569,0.177607,0.464795,0.230187,0.547816,0.753280,0.991541,0.021297,0.314965,0.225085,0.907663,0.869927],
[0.410732,0.367197,0.195649,0.925044,0.409125,0.597949,0.758504,0.296818,0.589467,0.330109,0.929231,0.446421,0.108389,0.256286,0.258360,0.659000,0.777435,0.500814,0.682833,0.396004,0.678420,0.147627,0.626191,0.226236,0.900907,0.617733,0.247533,0.215872,0.842817,0.155196],
[0.085799,0.253549,0.522393,0.281448,0.178593,0.931518,0.879397,0.937097,0.228336,0.468864,0.267206,0.157567,0.915285,0.375595,0.413853,0.173646,0.034595,0.191288,0.674460,0.717427,0.587292,0.352880,0.865055,0.213483,0.579116,0.765962,0.831216,0.826650,0.981834,0.674033],
[0.981846,0.067633,0.927582,0.504239,0.349081,0.106175,0.435758,0.228479,0.043272,0.664093,0.697343,0.310478,0.821660,0.612628,0.686073,0.235513,0.786274,0.720667,0.426802,0.460734,0.438095,0.014094,0.813614,0.303150,0.227577,0.392730,0.069112,0.058793,0.219380,0.050946]],
[[0.732826,0.201226,0.118579,0.660407,0.705465,0.467661,0.766582,0.141223,0.696139,0.809854,0.805316,0.393482,0.120331,0.626976,0.006111,0.806404,0.862490,0.792385,0.527072,0.289291,0.253119,0.965167,0.303385,0.066733,0.268316,0.530962,0.459463,0.337428,0.589755,0.678843],
[0.388374,0.322580,0.880069,0.506954,0.982988,0.585534,0.974614,0.749570,0.726757,0.670754,0.559423,0.532074,0.064236,0.679754,0.159050,0.070347,0.486158,0.021540,0.862733,0.013230,0.310831,0.115852,0.978397,0.614216,0.182585,0.246713,0.145179,0.642048,0.584141,0.734933],
[0.320891,0.972515,0.057514,0.200960,0.479469,0.040501,0.786494,0.454083,0.790071,0.513252,0.124837,0.349494,0.045325,0.189073,0.029249,0.204375,0.259421,0.515407,0.225915,0.122153,0.528637,0.536746,0.238005,0.507034,0.150963,0.420589,0.753747,0.296141,0.062637,0.337888],
[0.031075,0.383528,0.310403,0.088588,0.584488,0.789871,0.129090,0.370982,0.243955,0.919161,0.884233,0.368792,0.268655,0.929558,0.557865,0.297904,0.133933,0.817286,0.813311,0.359849,0.939439,0.341948,0.896595,0.177444,0.848982,0.047557,0.598033,0.602729,0.343699,0.660670],
[0.940616,0.374774,0.044198,0.251019,0.463362,0.628686,0.040890,0.592452,0.999667,0.284845,0.511613,0.883900,0.653636,0.780268,0.813459,0.211501,0.078172,0.947392,0.028787,0.891483,0.307241,0.968226,0.233431,0.203836,0.145670,0.082413,0.251393,0.743703,0.685141,0.595092],
[0.404373,0.625757,0.969865,0.448571,0.876776,0.433227,0.077257,0.917666,0.025679,0.076924,0.202511,0.537292,0.960825,0.856147,0.317560,0.774283,0.067648,0.395732,0.721676,0.096435,0.287215,0.028916,0.064661,0.520646,0.232752,0.210331,0.603059,0.484145,0.954034,0.288200],
[0.079237,0.358407,0.913957,0.049102,0.806979,0.790733,0.482330,0.884236,0.708400,0.508009,0.961160,0.910911,0.045301,0.921984,0.767058,0.362862,0.696268,0.834706,0.758594,0.417943,0.931142,0.045808,0.446860,0.995803,0.566454,0.679612,0.206134,0.169513,0.163757,0.160168],
[0.457713,0.242994,0.518576,0.371670,0.292096,0.325554,0.162403,0.774426,0.209790,0.870803,0.282435,0.170950,0.781714,0.327736,0.092934,0.548772,0.690598,0.789202,0.383478,0.449192,0.207145,0.314620,0.495000,0.654005,0.310423,0.061454,0.333617,0.516558,0.230967,0.497373],
[0.676726,0.688680,0.740367,0.195302,0.060350,0.032464,0.520856,0.222753,0.806890,0.730646,0.093556,0.089325,0.901596,0.875270,0.417061,0.994530,0.424042,0.107659,0.783731,0.807520,0.556851,0.990876,0.122140,0.051851,0.644881,0.432564,0.113305,0.978497,0.949122,0.344272],
[0.475871,0.625848,0.032952,0.216238,0.821150,0.093301,0.248702,0.342006,0.316054,0.055591,0.072652,0.409611,0.144916,0.974248,0.284881,0.561977,0.968778,0.708923,0.669637,0.752509,0.516443,0.226487,0.743385,0.638583,0.278339,0.388265,0.071147,0.391644,0.366763,0.020269],
[0.735916,0.842633,0.646117,0.768868,0.058871,0.467267,0.862170,0.307573,0.809273,0.178224,0.363164,0.881925,0.587835,0.508080,0.856173,0.872715,0.070057,0.824951,0.581638,0.739694,0.577460,0.098081,0.966181,0.320844,0.736664,0.244520,0.709110,0.807812,0.636164,0.075872],
[0.828081,0.372080,0.918505,0.474198,0.140948,0.977377,0.941464,0.003117,0.284949,0.750737,0.181341,0.648113,0.632663,0.769176,0.156193,0.488836,0.641891,0.226251,0.313787,0.223530,0.965945,0.891246,0.321611,0.932126,0.212090,0.058275,0.176646,0.921200,0.866087,0.812809],
[0.997072,0.694168,0.184889,0.915577,0.168365,0.325837,0.892954,0.109830,0.328954,0.177903,0.860567,0.510296,0.826016,0.493230,0.279472,0.982210,0.982065,0.921363,0.208461,0.295852,0.144893,0.174405,0.187098,0.466503,0.106531,0.399188,0.524778,0.283177,0.320388,0.390865],
[0.095986,0.317460,0.085033,0.280875,0.233037,0.253398,0.606712,0.125991,0.363228,0.935666,0.303894,0.223795,0.445962,0.129910,0.717024,0.725434,0.112120,0.699090,0.646797,0.320581,0.994941,0.791690,0.494986,0.182039,0.258193,0.601517,0.581228,0.782971,0.884694,0.901616],
[0.173836,0.980680,0.219075,0.258869,0.261555,0.452113,0.512266,0.868267,0.578103,0.875494,0.803933,0.881997,0.099289,0.249895,0.011908,0.816313,0.975328,0.124028,0.515402,0.622125,0.444609,0.510344,0.413815,0.939595,0.692383,0.672008,0.541113,0.273611,0.454979,0.425806],
[0.175226,0.628815,0.406486,0.394302,0.887683,0.668041,0.846414,0.399950,0.536307,0.424518,0.275444,0.340240,0.306515,0.374732,0.590135,0.318423,0.191045,0.565463,0.442451,0.706448,0.187588,0.887061,0.216791,0.601403,0.826656,0.909175,0.273411,0.367769,0.182785,0.728389],
[0.793575,0.358012,0.357204,0.200061,0.752313,0.244888,0.868102,0.598728,0.644837,0.404409,0.023245,0.920281,0.744649,0.329760,0.295013,0.334784,0.648183,0.486059,0.900247,0.090634,0.192506,0.087835,0.977695,0.409298,0.689238,0.804351,0.318472,0.962649,0.172120,0.501258],
[0.691038,0.965694,0.859269,0.048242,0.165755,0.611583,0.293130,0.033857,0.210310,0.937967,0.438266,0.233555,0.858248,0.182915,0.563316,0.153261,0.517699,0.211499,0.639320,0.417946,0.302133,0.831826,0.505781,0.279828,0.241124,0.195019,0.084179,0.559596,0.157667,0.256299],
[0.060854,0.848705,0.221993,0.920123,0.896947,0.387749,0.531706,0.190077,0.421606,0.742016,0.128044,0.859872,0.975571,0.986292,0.042787,0.538887,0.139553,0.560486,0.750386,0.778873,0.978432,0.052519,0.610699,0.484213,0.332348,0.851823,0.679232,0.416527,0.411419,0.836899],
[0.672826,0.472272,0.685604,0.894819,0.392396,0.582551,0.282567,0.924101,0.772628,0.704173,0.666117,0.900672,0.564045,0.641689,0.886964,0.606833,0.180576,0.026517,0.167319,0.930962,0.805390,0.145752,0.983481,0.416089,0.629965,0.315828,0.267912,0.309196,0.732355,0.679331],
[0.146095,0.405181,0.151603,0.831700,0.300000,0.543999,0.414251,0.582567,0.468100,0.186879,0.286740,0.134217,0.087551,0.850786,0.775906,0.974515,0.457618,0.956482,0.001032,0.624938,0.887443,0.806422,0.770689,0.870924,0.222511,0.400654,0.186753,0.490423,0.709850,0.919108],
[0.169754,0.855946,0.324289,0.321357,0.687645,0.624288,0.865356,0.101896,0.206855,0.333456,0.288776,0.493595,0.467673,0.376327,0.344381,0.243579,0.350842,0.801999,0.200060,0.351874,0.426937,0.087504,0.158296,0.197626,0.958428,0.380808,0.598280,0.145181,0.871231,0.308130],
[0.064289,0.040985,0.164075,0.388578,0.362342,0.851721,0.012866,0.227698,0.953617,0.219721,0.561153,0.242393,0.713316,0.028826,0.618720,0.057697,0.272405,0.969562,0.859697,0.472465,0.321436,0.286633,0.559969,0.479732,0.484259,0.518397,0.860540,0.082539,0.663577,0.731771],
[0.390668,0.727866,0.772756,0.554744,0.116444,0.135098,0.406464,0.129310,0.362796,0.360081,0.349031,0.923949,0.602474,0.062347,0.952775,0.221194,0.120045,0.225180,0.190756,0.979741,0.697645,0.512192,0.266375,0.257613,0.991924,0.750634,0.776010,0.852464,0.833173,0.439587],
[0.584235,0.223841,0.167454,0.356991,0.778585,0.283898,0.492089,0.185049,0.413207,0.854885,0.545131,0.762238,0.778834,0.147604,0.824585,0.731609,0.368798,0.944630,0.956789,0.559554,0.924372,0.654433,0.071745,0.190746,0.912046,0.063669,0.941381,0.688056,0.916133,0.774553],
[0.127644,0.500369,0.998395,0.295097,0.857360,0.776980,0.578995,0.349449,0.962029,0.992202,0.204335,0.507160,0.754440,0.983169,0.654764,0.579026,0.714778,0.023562,0.523656,0.671567,0.583116,0.448028,0.326000,0.654861,0.638774,0.238046,0.718530,0.580154,0.926103,0.634664],
[0.354708,0.053746,0.135032,0.353103,0.348844,0.992392,0.130083,0.927839,0.341841,0.092112,0.920041,0.546176,0.599272,0.674482,0.529345,0.254036,0.253508,0.244123,0.277598,0.777164,0.915689,0.860714,0.225191,0.241689,0.515576,0.863965,0.479735,0.234106,0.444120,0.405838],
[0.868770,0.798827,0.459584,0.003802,0.151930,0.808428,0.996194,0.282013,0.736267,0.338035,0.374125,0.656308,0.884211,0.973397,0.330789,0.413556,0.227433,0.584297,0.657679,0.505031,0.361460,0.573368,0.365746,0.586652,0.815057,0.881321,0.450617,0.294792,0.115427,0.894736],
[0.700629,0.984197,0.693564,0.160213,0.987998,0.845494,0.968641,0.984193,0.127507,0.704908,0.322228,0.501632,0.361215,0.206439,0.475028,0.692005,0.619995,0.702461,0.276302,0.277674,0.207493,0.637762,0.851041,0.573238,0.224414,0.666098,0.454559,0.675030,0.960889,0.569986],
[0.569767,0.661519,0.554183,0.263330,0.821732,0.542181,0.108824,0.790373,0.526374,0.236331,0.495280,0.848602,0.737962,0.856496,0.055041,0.212991,0.548500,0.675036,0.915452,0.824802,0.952710,0.122945,0.462564,0.803751,0.696183,0.686978,0.469849,0.150742,0.362009,0.430739]],
[[0.720728,0.931775,0.092258,0.274911,0.195105,0.913989,0.817092,0.303929,0.704362,0.343466,0.540260,0.199642,0.192068,0.278222,0.056138,0.247109,0.491213,0.604638,0.922145,0.406665,0.429440,0.874855,0.529609,0.892005,0.678607,0.225792,0.578983,0.148456,0.376534,0.940991],
[0.579195,0.097262,0.872767,0.671452,0.372173,0.067872,0.585442,0.189265,0.371801,0.289804,0.532731,0.912061,0.489446,0.724799,0.190283,0.545584,0.971908,0.681495,0.150222,0.894053,0.088160,0.579663,0.768908,0.617769,0.471668,0.447514,0.843561,0.050651,0.595970,0.220095],
[0.991642,0.175165,0.317357,0.864409,0.846618,0.689530,0.932281,0.432059,0.878795,0.304082,0.721863,0.411526,0.216142,0.211309,0.136325,0.406425,0.756894,0.108232,0.087920,0.907116,0.002285,0.176080,0.486779,0.771193,0.793849,0.958447,0.218708,0.637410,0.009097,0.814678],
[0.857505,0.000739,0.989843,0.174861,0.865148,0.836461,0.864391,0.797429,0.268520,0.743185,0.101510,0.990384,0.154711,0.317652,0.201693,0.291036,0.724077,0.958587,0.399268,0.811997,0.865703,0.401553,0.988077,0.352482,0.172746,0.781926,0.310929,0.391454,0.419336,0.320026],
[0.206132,0.276840,0.320765,0.195975,0.451702,0.185914,0.032436,0.316092,0.983342,0.300957,0.059278,0.084853,0.291340,0.213989,0.402505,0.493034,0.505025,0.126582,0.451621,0.904293,0.938579,0.317324,0.305846,0.926656,0.669806,0.478592,0.708582,0.980734,0.870046,0.127918],
[0.300760,0.076178,0.404759,0.621525,0.272153,0.856460,0.807439,0.304589,0.172553,0.790781,0.605546,0.231830,0.875634,0.896887,0.445819,0.278139,0.389920,0.950844,0.404721,0.841541,0.855136,0.343301,0.158865,0.160982,0.269957,0.828670,0.639575,0.978540,0.809404,0.509621],
[0.106458,0.110164,0.585799,0.511216,0.731690,0.857952,0.367677,0.539128,0.162542,0.540229,0.329910,0.768088,0.772060,0.205544,0.664974,0.217879,0.483682,0.054895,0.168722,0.888404,0.896436,0.023859,0.231704,0.055301,0.184841,0.501661,0.883971,0.824416,0.480201,0.693375],
[0.334037,0.586659,0.803539,0.919836,0.097875,0.535229,0.777788,0.465552,0.074357,0.940330,0.005781,0.404267,0.708418,0.777840,0.609810,0.373392,0.995719,0.093493,0.428287,0.164441,0.981897,0.324723,0.188300,0.213601,0.380023,0.373141,0.715262,0.263994,0.197557,0.195463],
[0.957369,0.531594,0.782122,0.760908,0.451430,0.879997,0.296137,0.229218,0.345549,0.370494,0.169547,0.351330,0.774761,0.877965,0.129170,0.384571,0.251357,0.124889,0.478064,0.679644,0.289331,0.459961,0.004366,0.477631,0.673562,0.384390,0.850772,0.388824,0.648383,0.048329],
[0.584287,0.605752,0.579923,0.366409,0.366660,0.031353,0.246406,0.662797,0.260570,0.591955,0.033291,0.430118,0.943285,0.808052,0.308082,0.072455,0.192623,0.559439,0.197344,0.670687,0.239083,0.486674,0.130648,0.243450,0.964305,0.804210,0.627839,0.815077,0.193034,0.276223],
[0.863406,0.777321,0.881975,0.443329,0.143730,0.248635,0.474682,0.390136,0.911432,0.735252,0.982091,0.944723,0.165370,0.925376,0.752774,0.473452,0.997831,0.945397,0.032892,0.195174,0.616084,0.271975,0.681848,0.746732,0.515424,0.646153,0.550942,0.143263,0.461231,0.743976],
[0.419486,0.324637,0.521297,0.301461,0.767966,0.665027,0.550096,0.242648,0.055163,0.461527,0.977901,0.037254,0.406250,0.143271,0.962630,0.159024,0.616723,0.960461,0.104421,0.649615,0.155635,0.720505,0.921589,0.837483,0.467237,0.437014,0.483637,0.018179,0.580277,0.944867],
[0.762155,0.999763,0.269504,0.283451,0.301224,0.037471,0.948478,0.851320,0.280119,0.003641,0.312847,0.258020,0.040896,0.719097,0.401290,0.003526,0.878121,0.018013,0.963987,0.982542,0.667628,0.119622,0.703047,0.589217,0.957105,0.170285,0.026231,0.440742,0.188464,0.606508],
[0.385610,0.950619,0.606271,0.655114,0.234070,0.907495,0.692584,0.182548,0.758815,0.972703,0.186190,0.071662,0.230723,0.227085,0.790759,0.632014,0.230611,0.668879,0.650027,0.194598,0.651421,0.317654,0.314220,0.354469,0.906872,0.271325,0.524753,0.933102,0.712067,0.713217],
[0.539610,0.097677,0.663836,0.145882,0.752790,0.897906,0.053377,0.445375,0.080455,0.812192,0.418078,0.266644,0.883854,0.648802,0.493729,0.674612,0.280815,0.724340,0.343492,0.930842,0.918938,0.994913,0.248496,0.233157,0.349382,0.155368,0.504482,0.874135,0.088470,0.216549],
[0.587352,0.628081,0.314226,0.251188,0.773963,0.067016,0.149094,0.827340,0.512391,0.229549,0.639532,0.930470,0.496193,0.523385,0.579271,0.989923,0.197997,0.860086,0.714263,0.541489,0.790928,0.633201,0.536402,0.039425,0.866358,0.885784,0.194793,0.370840,0.759919,0.283263],
[0.587390,0.347271,0.911344,0.901615,0.598459,0.685306,0.968632,0.747554,0.512646,0.481023,0.977103,0.152178,0.411493,0.473297,0.675563,0.990764,0.463219,0.873560,0.850850,0.177482,0.415050,0.641778,0.810682,0.951452,0.681203,0.677040,0.837236,0.875996,0.047881,0.597155],
[0.159259,0.635270,0.944426,0.070603,0.536886,0.542886,0.755909,0.505517,0.290440,0.268555,0.986540,0.267543,0.420733,0.398033,0.740840,0.096296,0.388797,0.204059,0.969856,0.239647,0.381541,0.384906,0.881425,0.192223,0.336358,0.562629,0.869264,0.173594,0.438624,0.917144],
[0.770749,0.597883,0.552414,0.715175,0.668486,0.089300,0.258061,0.424395,0.594817,0.548501,0.692950,0.581358,0.816045,0.113683,0.979391,0.556884,0.209979,0.368188,0.760943,0.179835,0.607835,0.142484,0.564741,0.489260,0.334707,0.901099,0.051889,0.203970,0.074693,0.490513],
[0.121115,0.845442,0.088396,0.673529,0.560617,0.756882,0.762829,0.818678,0.181277,0.357646,0.367180,0.874227,0.939003,0.183224,0.987910,0.918394,0.740109,0.197889,0.286582,0.501052,0.377724,0.894417,0.643535,0.942465,0.383677,0.978242,0.843564,0.435566,0.182212,0.918256],
[0.926079,0.303327,0.763698,0.014475,0.976856,0.324315,0.771357,0.739684,0.142993,0.952634,0.097330,0.510173,0.826861,0.036333,0.693398,0.814771,0.954727,0.433506,0.012661,0.241309,0.934558,0.390385,0.135726,0.578093,0.332850,0.519403,0.556335,0.176414,0.954969,0.738547],
[0.094670,0.881048,0.041874,0.858368,0.895523,0.018730,0.182683,0.666881,0.758414,0.325676,0.619515,0.855744,0.835850,0.446376,0.892077,0.529247,0.261147,0.846805,0.962753,0.273808,0.088114,0.897311,0.664193,0.223840,0.475404,0.997043,0.743244,0.031739,0.173456,0.698213],
[0.770286,0.268127,0.579261,0.812160,0.126495,0.474784,0.830890,0.309178,0.141665,0.589304,0.634854,0.761179,0.445048,0.470704,0.207555,0.337125,0.999951,0.468703,0.183930,0.962704,0.742511,0.272044,0.860015,0.406703,0.495885,0.335419,0.403746,0.239128,0.367158,0.577203],
[0.937341,0.137443,0.845329,0.516602,0.949603,0.971824,0.991386,0.780493,0.281002,0.133051,0.369797,0.915856,0.894230,0.814845,0.386559,0.101785,0.151971,0.386510,0.570488,0.335901,0.349214,0.312999,0.607946,0.209229,0.719702,0.103830,0.544648,0.123448,0.342959,0.911806],
[0.700651,0.280300,0.049249,0.545980,0.796902,0.998853,0.517804,0.788288,0.779346,0.798806,0.921339,0.149143,0.714662,0.815569,0.963989,0.101221,0.917354,0.115959,0.487731,0.487842,0.451860,0.836946,0.800841,0.059806,0.046175,0.520543,0.163636,0.590824,0.643991,0.506595],
[0.502629,0.344642,0.786895,0.551879,0.890623,0.583797,0.550731,0.408427,0.372085,0.330077,0.207233,0.293424,0.479220,0.921895,0.108992,0.443209,0.023116,0.026346,0.559168,0.510847,0.514188,0.011029,0.347793,0.315029,0.070835,0.393968,0.835571,0.234471,0.984792,0.479563],
[0.741066,0.487421,0.824205,0.527961,0.039300,0.714828,0.111759,0.590031,0.123255,0.483844,0.920108,0.330488,0.777268,0.399328,0.252383,0.886260,0.842537,0.275499,0.912606,0.401705,0.786346,0.426794,0.412734,0.134139,0.741823,0.483568,0.528108,0.577394,0.718039,0.512899],
[0.056957,0.459105,0.000321,0.881162,0.987067,0.039621,0.595989,0.098826,0.629652,0.719244,0.582670,0.549760,0.049732,0.359937,0.949088,0.302114,0.246197,0.791625,0.577613,0.158804,0.193331,0.363959,0.585598,0.606064,0.498098,0.327420,0.089633,0.026206,0.904814,0.807672],
[0.539105,0.961771,0.266778,0.539426,0.842933,0.253845,0.579046,0.438922,0.352670,0.208698,0.158166,0.935340,0.758457,0.207898,0.295277,0.707545,0.510012,0.541475,0.499171,0.087625,0.700278,0.692501,0.451584,0.285876,0.298566,0.949682,0.613296,0.388199,0.975888,0.518111],
[0.195871,0.514993,0.479882,0.462649,0.054419,0.322814,0.716493,0.633465,0.761736,0.069163,0.842163,0.919902,0.004503,0.600620,0.127800,0.299780,0.308166,0.637813,0.841255,0.807336,0.725438,0.541533,0.499838,0.177022,0.827409,0.798403,0.126704,0.440705,0.186602,0.102592]],
[[0.958816,0.382473,0.617585,0.438698,0.845121,0.672004,0.761512,0.561614,0.305469,0.523248,0.630778,0.147632,0.443150,0.635281,0.748252,0.570951,0.935061,0.056417,0.208763,0.776316,0.863754,0.934201,0.317849,0.363591,0.111223,0.145258,0.161995,0.237928,0.585964,0.348597],
[0.340520,0.544780,0.731070,0.958106,0.983478,0.576191,0.630110,0.744989,0.137805,0.935579,0.268238,0.768583,0.083210,0.711388,0.403864,0.831462,0.282339,0.338925,0.887879,0.491102,0.115241,0.751633,0.425303,0.433090,0.115225,0.536527,0.578349,0.277220,0.774455,0.164313],
[0.625816,0.114975,0.709093,0.356886,0.073081,0.692570,0.933077,0.703190,0.437560,0.070882,0.638769,0.705797,0.839465,0.721979,0.417185,0.243329,0.553441,0.699524,0.582253,0.441320,0.190626,0.697494,0.192954,0.615929,0.130584,0.308178,0.152456,0.708933,0.585398,0.926910],
[0.873246,0.211214,0.041885,0.582338,0.568100,0.114966,0.274908,0.501177,0.818157,0.712468,0.572059,0.456925,0.418265,0.411524,0.178905,0.835451,0.654852,0.732346,0.534974,0.237106,0.173666,0.725600,0.934600,0.366620,0.341529,0.065184,0.674798,0.493985,0.774118,0.260196],
[0.420895,0.647363,0.471411,0.462780,0.229701,0.039511,0.577747,0.504610,0.540688,0.395903,0.217078,0.112747,0.852829,0.635344,0.524271,0.031733,0.470794,0.179123,0.764079,0.005769,0.416229,0.937745,0.731369,0.350829,0.304364,0.072898,0.416013,0.979162,0.566883,0.190131],
[0.239359,0.987778,0.837494,0.710769,0.450558,0.067195,0.750280,0.028305,0.571805,0.290968,0.424208,0.788883,0.403715,0.277036,0.424227,0.927985,0.308769,0.895021,0.107109,0.072848,0.900790,0.523338,0.010593,0.632158,0.874167,0.314957,0.705056,0.290180,0.294120,0.271939],
[0.480311,0.533478,0.259717,0.317805,0.244248,0.710275,0.385000,0.994528,0.738580,0.956806,0.285496,0.162788,0.745689,0.689210,0.439824,0.169915,0.617196,0.748594,0.064936,0.724304,0.821442,0.965726,0.247642,0.832035,0.597884,0.121808,0.146992,0.302941,0.411988,0.441111],
[0.574880,0.892299,0.974590,0.834597,0.210104,0.218837,0.544872,0.595105,0.213365,0.283452,0.551910,0.498860,0.446240,0.297599,0.188071,0.886064,0.467514,0.805266,0.634657,0.532451,0.529571,0.456099,0.498176,0.777212,0.288133,0.096061,0.899021,0.435125,0.399001,0.311009],
[0.876236,0.973881,0.203308,0.850826,0.808478,0.413413,0.069663,0.353349,0.008517,0.283028,0.636801,0.560427,0.781888,0.083041,0.858026,0.969959,0.969104,0.325541,0.775225,0.603762,0.857991,0.304795,0.059860,0.356167,0.082008,0.347994,0.452228,0.981029,0.783119,0.851229],
[0.292038,0.659355,0.825110,0.495346,0.510181,0.633587,0.908759,0.579845,0.986937,0.917276,0.862873,0.623738,0.477703,0.644761,0.706779,0.335730,0.614719,0.675883,0.661270,0.389944,0.279645,0.519261,0.694740,0.339505,0.875429,0.776748,0.687499,0.327657,0.757776,0.470618],
[0.178886,0.049814,0.129973,0.003996,0.545160,0.640155,0.637583,0.453919,0.220000,0.624520,0.371195,0.082872,0.248258,0.848898,0.727633,0.955037,0.184628,0.342352,0.630920,0.845898,0.732296,0.910565,0.365159,0.427036,0.250070,0.240588,0.203784,0.937569,0.568245,0.961560],
[0.408187,0.747131,0.011374,0.538160,0.751127,0.556534,0.178315,0.388710,0.010453,0.398315,0.013230,0.381648,0.481187,0.261488,0.230546,0.208820,0.216525,0.415174,0.551172,0.847445,0.261072,0.283468,0.758010,0.626231,0.710504,0.008079,0.866819,0.914288,0.945648,0.435063],
[0.875848,0.353834,0.182194,0.887222,0.891995,0.933321,0.443756,0.070310,0.322031,0.454210,0.468624,0.335261,0.835857,0.949811,0.596749,0.066404,0.158631,0.813274,0.481577,0.709803,0.660719,0.742649,0.993271,0.418729,0.368880,0.703775,0.426808,0.235698,0.618063,0.372456],
[0.670762,0.493911,0.726290,0.852956,0.381133,0.618285,0.786276,0.824890,0.688594,0.108307,0.279099,0.157219,0.443567,0.114957,0.107030,0.040316,0.181360,0.265661,0.853590,0.662937,0.975464,0.514309,0.405586,0.968735,0.933038,0.774466,0.672510,0.359845,0.010164,0.290573],
[0.732301,0.680925,0.784485,0.458591,0.533881,0.165618,0.076876,0.320157,0.990508,0.765470,0.428464,0.269607,0.922689,0.872031,0.384563,0.029719,0.912347,0.565923,0.295380,0.765938,0.228861,0.270844,0.280247,0.634447,0.239579,0.213285,0.408913,0.912089,0.573130,0.419077],
[0.202662,0.305431,0.100002,0.987147,0.764022,0.633883,0.152765,0.840898,0.954041,0.143272,0.606368,0.382504,0.412879,0.529056,0.254536,0.797442,0.558775,0.166883,0.363366,0.854155,0.932821,0.592227,0.124999,0.213068,0.226674,0.364578,0.426352,0.635587,0.276666,0.999482],
[0.054664,0.479329,0.304913,0.154666,0.466475,0.068936,0.788550,0.619240,0.909833,0.742591,0.762512,0.516201,0.125095,0.175391,0.045257,0.379631,0.972833,0.604033,0.546514,0.336199,0.458188,0.479334,0.928426,0.583187,0.692402,0.155099,0.947764,0.118754,0.790686,0.224431],
[0.118236,0.845350,0.703759,0.423150,0.000017,0.170235,0.492085,0.788566,0.789475,0.401919,0.531157,0.551987,0.918120,0.656252,0.727379,0.963377,0.035883,0.700212,0.567409,0.582396,0.036411,0.025597,0.061731,0.964837,0.608784,0.754132,0.119936,0.556548,0.872886,0.910622],
[0.780979,0.991123,0.755973,0.484738,0.414273,0.755989,0.654973,0.906358,0.544556,0.444448,0.308277,0.075713,0.996435,0.226396,0.731964,0.723814,0.189773,0.767847,0.424026,0.757182,0.350243,0.460437,0.782779,0.411974,0.425274,0.391563,0.166106,0.545210,0.948111,0.038993],
[0.455832,0.729090,0.030116,0.211805,0.213829,0.444388,0.967794,0.868802,0.350746,0.512350,0.313250,0.659023,0.588062,0.309685,0.885419,0.320027,0.033499,0.075192,0.087874,0.457525,0.832374,0.438117,0.917962,0.615154,0.850091,0.343235,0.006717,0.016197,0.888445,0.954828],
[0.055189,0.344277,0.683919,0.085305,0.556082,0.897748,0.529693,0.523876,0.766549,0.880439,0.036226,0.079799,0.539462,0.624288,0.389484,0.424881,0.944315,0.422983,0.500073,0.032188,0.880508,0.332447,0.470305,0.798470,0.947601,0.320396,0.141705,0.954318,0.336592,0.030150],
[0.909146,0.391782,0.374428,0.593065,0.477087,0.930510,0.490813,0.006780,0.454386,0.257362,0.887220,0.490612,0.337161,0.426682,0.114900,0.726645,0.851563,0.059215,0.149628,0.351636,0.091404,0.030136,0.684083,0.561709,0.828605,0.631684,0.882104,0.970310,0.586002,0.218697],
[0.000461,0.495148,0.610479,0.374888,0.088213,0.087566,0.305398,0.579026,0.094346,0.759784,0.836388,0.981565,0.250397,0.173550,0.408247,0.365297,0.900195,0.259810,0.424512,0.049823,0.611446,0.515916,0.079959,0.295529,0.077625,0.908564,0.927213,0.959729,0.878875,0.513215],
[0.178426,0.879335,0.008363,0.788904,0.254224,0.096576,0.876470,0.559622,0.675603,0.970816,0.319406,0.511991,0.952381,0.569803,0.685541,0.360628,0.935100,0.585735,0.620437,0.359613,0.635558,0.231883,0.875529,0.715517,0.527412,0.953154,0.624081,0.454624,0.912883,0.502956],
[0.967839,0.091308,0.382292,0.976202,0.880213,0.636515,0.072778,0.756683,0.196137,0.748380,0.727498,0.515543,0.260371,0.679879,0.085347,0.945912,0.040507,0.020447,0.531647,0.660944,0.380060,0.167205,0.892827,0.255589,0.882722,0.420238,0.208743,0.506804,0.874863,0.121625],
[0.009760,0.842702,0.212934,0.392051,0.818903,0.093146,0.028566,0.891681,0.849829,0.224704,0.640062,0.577327,0.740247,0.900433,0.257206,0.825594,0.846345,0.297713,0.846041,0.377992,0.958657,0.226101,0.545198,0.851484,0.481690,0.427920,0.271722,0.690432,0.934724,0.146585],
[0.812058,0.944483,0.989287,0.024991,0.336535,0.808190,0.118138,0.365101,0.699871,0.967967,0.589805,0.339933,0.545294,0.330052,0.240366,0.802501,0.155645,0.086711,0.100214,0.001686,0.464703,0.058870,0.227787,0.009901,0.910354,0.709477,0.437821,0.182077,0.399909,0.372544],
[0.328662,0.211967,0.317027,0.317948,0.236959,0.653562,0.126138,0.355096,0.018663,0.826009,0.323063,0.608468,0.165942,0.868358,0.938520,0.406308,0.670858,0.094165,0.493018,0.771072,0.095851,0.957721,0.829942,0.323638,0.967622,0.740297,0.033115,0.405443,0.922373,0.433024],
[0.777987,0.251035,0.644992,0.095014,0.568983,0.881950,0.748576,0.695122,0.237047,0.767239,0.521131,0.560110,0.375707,0.687073,0.428468,0.314227,0.093381,0.099326,0.408392,0.586399,0.870398,0.504243,0.544120,0.700340,0.827881,0.511742,0.440637,0.860996,0.917185,0.363010],
[0.294021,0.695172,0.614045,0.939012,0.790186,0.183028,0.820962,0.538762,0.878150,0.058009,0.306002,0.399281,0.618119,0.681709,0.086354,0.046586,0.995936,0.179735,0.145912,0.404328,0.766134,0.016310,0.908571,0.310254,0.716650,0.736452,0.821996,0.157286,0.597449,0.739181]],
[[0.520296,0.891469,0.434353,0.134341,0.830482,0.224539,0.317370,0.651444,0.763301,0.195520,0.709453,0.069303,0.594801,0.327572,0.751012,0.681155,0.374158,0.746948,0.860889,0.520070,0.151276,0.627023,0.536380,0.059847,0.937277,0.253030,0.796299,0.759273,0.410316,0.393748],
[0.498454,0.930613,0.285217,0.932807,0.064954,0.115699,0.157347,0.382324,0.767143,0.920648,0.577844,0.476596,0.989951,0.172644,0.804168,0.740964,0.853799,0.178326,0.487912,0.714688,0.698396,0.639189,0.341711,0.234776,0.699036,0.278988,0.487806,0.495335,0.038261,0.898123],
[0.889083,0.536715,0.828736,0.174301,0.469523,0.893690,0.290000,0.626870,0.276014,0.057143,0.547518,0.853857,0.533739,0.537469,0.026502,0.337906,0.278433,0.880301,0.516232,0.766345,0.594989,0.214629,0.405533,0.936700,0.449405,0.104569,0.215688,0.937211,0.599905,0.253949],
[0.835334,0.488988,0.790665,0.664070,0.663288,0.260188,0.557760,0.953288,0.887057,0.833773,0.010431,0.434575,0.687630,0.544169,0.972044,0.714132,0.882076,0.250476,0.594433,0.398308,0.016821,0.189422,0.612937,0.422355,0.126122,0.062342,0.526924,0.341810,0.999554,0.126828],
[0.595760,0.834888,0.615816,0.386424,0.498958,0.279105,0.646612,0.056717,0.232393,0.533669,0.890490,0.242823,0.968244,0.578121,0.786993,0.940288,0.292253,0.669068,0.190765,0.886685,0.067376,0.207586,0.076107,0.680313,0.629941,0.202229,0.742655,0.156864,0.544039,0.742209],
[0.283693,0.139798,0.577097,0.899509,0.526223,0.076054,0.178613,0.172835,0.132771,0.411006,0.706504,0.023261,0.653829,0.674749,0.601382,0.440822,0.615037,0.893635,0.109890,0.805802,0.780320,0.177267,0.013388,0.856427,0.857580,0.643328,0.058656,0.600235,0.800193,0.602695],
[0.342444,0.083885,0.742493,0.919541,0.983394,0.268716,0.995595,0.162008,0.441551,0.128366,0.573014,0.148055,0.151628,0.226843,0.822804,0.753010,0.667665,0.437841,0.646645,0.777556,0.243643,0.426965,0.954822,0.257031,0.283391,0.812403,0.900359,0.342047,0.412638,0.700552],
[0.944742,0.755082,0.784437,0.687235,0.674623,0.767831,0.955951,0.670218,0.929839,0.397502,0.798584,0.502853,0.545557,0.950212,0.729696,0.368361,0.703222,0.397361,0.806202,0.349867,0.174917,0.049846,0.776831,0.129739,0.306877,0.060223,0.942142,0.207236,0.402270,0.354780],
[0.907788,0.347011,0.109862,0.692225,0.034246,0.784485,0.460057,0.990197,0.454704,0.389896,0.387698,0.253288,0.892748,0.933255,0.203500,0.622444,0.301616,0.906722,0.019805,0.107819,0.256589,0.194722,0.157664,0.033420,0.324461,0.464541,0.093642,0.266603,0.671777,0.495912],
[0.621382,0.579565,0.842923,0.731245,0.271790,0.877169,0.515730,0.731847,0.867365,0.970433,0.121742,0.255064,0.223721,0.014490,0.188319,0.427221,0.636934,0.489935,0.333943,0.656739,0.597753,0.590532,0.851461,0.755417,0.623952,0.175922,0.219958,0.717594,0.442525,0.891735],
[0.213506,0.063907,0.471300,0.056429,0.795152,0.743090,0.933597,0.310882,0.474937,0.800963,0.281315,0.596679,0.056026,0.505037,0.611169,0.244345,0.932258,0.248103,0.734280,0.266201,0.904843,0.332033,0.856733,0.756304,0.087451,0.480685,0.932226,0.307409,0.198279,0.374751],
[0.199144,0.411785,0.438659,0.670444,0.468213,0.233810,0.413534,0.401810,0.544692,0.888470,0.202773,0.826007,0.485149,0.258800,0.331044,0.096318,0.503145,0.263302,0.344421,0.237424,0.529503,0.249264,0.569458,0.386237,0.005569,0.656908,0.866922,0.937795,0.964317,0.065201],
[0.312546,0.163461,0.476985,0.751205,0.833904,0.945198,0.985015,0.247438,0.347009,0.529707,0.135908,0.549782,0.355715,0.621057,0.808582,0.686759,0.717375,0.311726,0.950061,0.061796,0.549151,0.479564,0.311061,0.118609,0.865801,0.316629,0.775517,0.732723,0.254424,0.739833],
[0.797924,0.566970,0.903294,0.274909,0.318175,0.737199,0.220108,0.303190,0.984637,0.567117,0.832897,0.120545,0.116899,0.188612,0.741602,0.925480,0.875371,0.458976,0.237207,0.825432,0.520773,0.786358,0.304997,0.831833,0.904966,0.170798,0.148462,0.680483,0.903521,0.402886],
[0.420316,0.701445,0.969856,0.323611,0.976354,0.288031,0.060809,0.196462,0.591221,0.045446,0.763578,0.424118,0.165990,0.880477,0.612730,0.907592,0.805957,0.488102,0.366568,0.043164,0.313534,0.887341,0.829522,0.618531,0.719174,0.734488,0.789329,0.867636,0.414971,0.692850],
[0.270522,0.835288,0.394294,0.240378,0.158898,0.370648,0.528408,0.219707,0.567110,0.119629,0.265153,0.330688,0.543747,0.431143,0.211165,0.156477,0.338735,0.017122,0.644579,0.705303,0.060286,0.958113,0.592644,0.889808,0.576643,0.311817,0.624297,0.365972,0.179453,0.039268],
[0.058822,0.449975,0.874555,0.453116,0.690353,0.033454,0.823765,0.218761,0.253161,0.390875,0.338390,0.518314,0.721563,0.882137,0.949457,0.932728,0.038614,0.288192,0.949850,0.683193,0.993495,0.010136,0.641306,0.586139,0.899944,0.217949,0.897956,0.524241,0.583921,0.077409],
[0.563508,0.642743,0.527384,0.438064,0.095859,0.217737,0.471518,0.919624,0.436498,0.724679,0.310499,0.774888,0.242993,0.032062,0.657025,0.192450,0.964789,0.695639,0.480641,0.914639,0.378832,0.474136,0.924775,0.020137,0.060275,0.824719,0.238086,0.958231,0.348960,0.822007],
[0.035640,0.912468,0.464751,0.563024,0.350532,0.560610,0.780760,0.822050,0.480234,0.217258,0.546728,0.790733,0.992146,0.789721,0.822795,0.649170,0.982170,0.787584,0.344809,0.462812,0.702223,0.723640,0.936948,0.626998,0.743777,0.997223,0.451717,0.981864,0.955454,0.800676],
[0.803871,0.991093,0.713144,0.268622,0.554117,0.063676,0.829232,0.334877,0.885726,0.309466,0.552135,0.432454,0.100199,0.544281,0.222175,0.922993,0.193451,0.204346,0.710577,0.538260,0.667157,0.412800,0.261900,0.604105,0.039798,0.005678,0.601328,0.491515,0.987541,0.556782],
[0.292191,0.791413,0.547875,0.005335,0.060034,0.101992,0.069012,0.889266,0.436870,0.954738,0.198732,0.989005,0.387192,0.298930,0.533286,0.609367,0.221924,0.726737,0.813713,0.932501,0.264997,0.480870,0.345301,0.526897,0.084976,0.385099,0.532575,0.686304,0.876614,0.520116],
[0.243086,0.168805,0.311529,0.790961,0.174140,0.371563,0.892954,0.243152,0.260829,0.329823,0.197889,0.459560,0.318828,0.585081,0.758491,0.852114,0.194449,0.980414,0.578851,0.008162,0.912916,0.843848,0.489032,0.258217,0.370745,0.574008,0.643316,0.903320,0.260312,0.519930],
[0.423436,0.503398,0.688735,0.734965,0.294359,0.862875,0.106529,0.187313,0.106027,0.367357,0.517137,0.303916,0.826918,0.835965,0.888998,0.585408,0.688079,0.083446,0.565823,0.266930,0.091608,0.478739,0.110778,0.580640,0.736956,0.481523,0.154648,0.380272,0.384843,0.414959],
[0.900202,0.808280,0.918358,0.588937,0.543245,0.212717,0.451812,0.649774,0.400030,0.557839,0.017131,0.917167,0.861755,0.844049,0.753132,0.750753,0.429457,0.441211,0.834199,0.995280,0.708142,0.925807,0.474019,0.818920,0.506447,0.210974,0.300443,0.661094,0.591246,0.685287],
[0.076054,0.491448,0.493566,0.994411,0.080386,0.036812,0.207128,0.532198,0.686585,0.607159,0.090038,0.703716,0.524326,0.951793,0.547765,0.277458,0.702546,0.977222,0.718669,0.536745,0.972502,0.426811,0.462552,0.446521,0.245730,0.968999,0.657495,0.546174,0.630093,0.248742],
[0.231460,0.706147,0.740190,0.725027,0.700558,0.820576,0.761838,0.907687,0.352774,0.448423,0.514845,0.442812,0.152140,0.039171,0.394605,0.699905,0.316629,0.097151,0.677127,0.035297,0.633896,0.649630,0.462108,0.096448,0.096151,0.707838,0.065447,0.753646,0.254012,0.695540],
[0.002388,0.485473,0.401687,0.742578,0.210499,0.102245,0.563154,0.972337,0.009932,0.915928,0.420761,0.524778,0.358740,0.572901,0.563949,0.753344,0.272806,0.880578,0.850495,0.949933,0.915875,0.484390,0.599562,0.377983,0.580838,0.695713,0.085821,0.646285,0.449360,0.339834],
[0.341825,0.451748,0.825306,0.743512,0.194326,0.035805,0.845757,0.757480,0.008143,0.855690,0.673408,0.428904,0.380467,0.032147,0.001804,0.944416,0.785492,0.274610,0.824994,0.635986,0.224543,0.740869,0.120377,0.824105,0.118852,0.701215,0.519819,0.204673,0.347500,0.969178],
[0.544507,0.689325,0.420926,0.369813,0.432836,0.615252,0.405619,0.278594,0.372732,0.413762,0.134283,0.046140,0.842665,0.514751,0.078287,0.844470,0.459167,0.863779,0.119080,0.284161,0.499765,0.343623,0.025029,0.620142,0.167728,0.143881,0.321357,0.687546,0.348555,0.668857],
[0.656725,0.893061,0.358182,0.077651,0.262875,0.791018,0.692903,0.668493,0.069611,0.065635,0.082255,0.203894,0.111774,0.924921,0.718645,0.190062,0.769391,0.177812,0.053841,0.888470,0.461972,0.553606,0.232093,0.487002,0.173748,0.399821,0.630883,0.495105,0.087367,0.979438]],
[[0.163962,0.744092,0.872499,0.522144,0.821742,0.135374,0.313162,0.514645,0.803867,0.382773,0.580280,0.886123,0.586668,0.692054,0.811043,0.305313,0.882116,0.580434,0.483124,0.935957,0.468904,0.945097,0.489562,0.700997,0.432099,0.663310,0.100818,0.062982,0.158416,0.188185],
[0.042420,0.322378,0.932276,0.914919,0.844522,0.754019,0.050293,0.157683,0.268664,0.854160,0.540456,0.848944,0.740283,0.127124,0.540998,0.551326,0.432436,0.423115,0.131759,0.915561,0.359071,0.600663,0.860658,0.848633,0.301661,0.292756,0.511944,0.402478,0.355738,0.670360],
[0.590663,0.398158,0.992737,0.522939,0.313077,0.837259,0.276958,0.363370,0.994942,0.545622,0.217530,0.535399,0.394566,0.957812,0.662523,0.935565,0.509138,0.094959,0.358679,0.640898,0.010520,0.717750,0.241561,0.871178,0.566384,0.543222,0.163934,0.078328,0.945700,0.519673],
[0.748687,0.536363,0.917831,0.741425,0.059302,0.230908,0.578684,0.336260,0.594277,0.573626,0.881882,0.811807,0.109025,0.276448,0.769620,0.771548,0.212013,0.278758,0.866507,0.570692,0.919655,0.877027,0.288443,0.161216,0.748205,0.854826,0.704438,0.912139,0.933154,0.650138],
[0.431812,0.681841,0.186500,0.349642,0.423266,0.245802,0.580550,0.001950,0.582062,0.174828,0.575576,0.463945,0.986635,0.684601,0.740393,0.756254,0.456149,0.952406,0.035012,0.322656,0.523098,0.954667,0.199683,0.811541,0.115884,0.947888,0.666368,0.820322,0.860027,0.599522],
[0.470459,0.291839,0.281363,0.656960,0.641481,0.704629,0.902762,0.222031,0.706579,0.484825,0.396859,0.282155,0.948769,0.383494,0.966756,0.689162,0.139748,0.422905,0.641568,0.174760,0.745561,0.164667,0.129427,0.945244,0.976208,0.245311,0.893132,0.642575,0.065633,0.753159],
[0.242097,0.536092,0.044998,0.523460,0.193052,0.686479,0.228089,0.095814,0.908510,0.934669,0.580639,0.305369,0.216824,0.529408,0.688863,0.183580,0.218571,0.828611,0.606486,0.860139,0.003371,0.352047,0.024806,0.132798,0.297291,0.001014,0.378109,0.190424,0.643589,0.443742],
[0.943583,0.885686,0.979835,0.988581,0.409147,0.172887,0.675060,0.637236,0.268702,0.583571,0.571905,0.849341,0.888940,0.788729,0.378749,0.577803,0.972309,0.597320,0.406413,0.578794,0.457459,0.409784,0.930841,0.482264,0.542582,0.228133,0.483278,0.920691,0.418557,0.126867],
[0.364434,0.362140,0.012554,0.344269,0.350721,0.421700,0.517156,0.025781,0.058936,0.785857,0.609352,0.630841,0.635198,0.498292,0.419569,0.013947,0.076094,0.391878,0.611267,0.482507,0.970673,0.068725,0.892291,0.901514,0.550990,0.434873,0.129647,0.034268,0.355564,0.548203],
[0.161135,0.719998,0.910343,0.173688,0.064267,0.261064,0.595389,0.581423,0.286845,0.654325,0.367280,0.896197,0.285166,0.002478,0.394489,0.704735,0.016425,0.470584,0.096613,0.627692,0.953091,0.067286,0.696417,0.845382,0.968800,0.247407,0.280256,0.098446,0.281675,0.635820],
[0.646650,0.442809,0.355818,0.556993,0.616498,0.420085,0.818057,0.211886,0.001507,0.104902,0.866211,0.368788,0.001099,0.151377,0.371266,0.395589,0.856112,0.387691,0.866172,0.952725,0.015384,0.819264,0.020011,0.711801,0.664646,0.988811,0.959208,0.944902,0.087257,0.240883],
[0.580721,0.733907,0.683692,0.936540,0.290899,0.300190,0.356624,0.108956,0.512076,0.358132,0.213857,0.378287,0.726919,0.214957,0.529664,0.098185,0.610545,0.385776,0.485877,0.476718,0.338501,0.501260,0.295981,0.358512,0.213061,0.960627,0.347322,0.172269,0.905529,0.434580],
[0.413152,0.486251,0.168486,0.096844,0.422790,0.459385,0.397034,0.779414,0.568341,0.909110,0.137546,0.782198,0.287397,0.864466,0.997155,0.817061,0.962651,0.607701,0.202837,0.448528,0.084418,0.541337,0.949788,0.380400,0.899849,0.162849,0.341027,0.247171,0.335119,0.246556],
[0.681751,0.748271,0.732807,0.850237,0.845115,0.155597,0.309622,0.242149,0.935011,0.877963,0.151258,0.072557,0.660161,0.438656,0.937023,0.657317,0.255716,0.899674,0.265017,0.458553,0.348202,0.349436,0.999890,0.297990,0.729836,0.899739,0.460839,0.070863,0.146911,0.795958],
[0.317419,0.828662,0.544228,0.050226,0.678899,0.389343,0.205823,0.988521,0.631492,0.140834,0.866484,0.782750,0.213391,0.526645,0.221406,0.150414,0.183962,0.477122,0.050088,0.448979,0.935675,0.398290,0.798415,0.935566,0.696279,0.528250,0.835305,0.157118,0.599113,0.982215],
[0.953076,0.916532,0.810877,0.497304,0.966758,0.489776,0.886648,0.172581,0.478296,0.518139,0.313415,0.344780,0.300890,0.526807,0.871426,0.522296,0.677221,0.055388,0.999418,0.727310,0.504367,0.935093,0.125600,0.302782,0.870659,0.821879,0.831032,0.705963,0.978997,0.430146],
[0.688179,0.932073,0.346678,0.499056,0.429378,0.313436,0.988832,0.316025,0.486017,0.467128,0.834165,0.799433,0.811908,0.135055,0.326239,0.683334,0.657350,0.003461,0.738721,0.656768,0.730770,0.243088,0.591861,0.856370,0.545870,0.462520,0.678249,0.376902,0.168483,0.657246],
[0.807048,0.856662,0.589319,0.153726,0.355718,0.018697,0.467162,0.344550,0.334723,0.953179,0.811677,0.168887,0.752612,0.623586,0.303942,0.078851,0.306919,0.961292,0.082312,0.045641,0.618060,0.813082,0.288729,0.209921,0.669452,0.834599,0.672441,0.347701,0.211501,0.840924],
[0.004947,0.018548,0.697586,0.594266,0.172274,0.053304,0.612963,0.639436,0.397854,0.947686,0.592615,0.209531,0.116573,0.345227,0.833117,0.420515,0.424079,0.140036,0.381808,0.506391,0.185676,0.999868,0.319473,0.474405,0.209789,0.988925,0.309004,0.882230,0.336625,0.520504],
[0.723154,0.341572,0.539053,0.420740,0.935838,0.711327,0.474044,0.548801,0.350763,0.871898,0.496487,0.943378,0.081429,0.613060,0.288605,0.914546,0.033575,0.712683,0.054582,0.415383,0.219074,0.240258,0.415251,0.538547,0.714663,0.625040,0.527472,0.023666,0.507270,0.864097],
[0.544171,0.230424,0.205669,0.083224,0.651164,0.141507,0.794550,0.125208,0.690309,0.145313,0.997107,0.186796,0.088691,0.078536,0.799856,0.377296,0.993081,0.833431,0.089979,0.047663,0.248814,0.309053,0.287921,0.664065,0.847600,0.002584,0.289105,0.375072,0.026250,0.796374],
[0.239169,0.570421,0.026798,0.444838,0.653645,0.677962,0.586346,0.448195,0.803171,0.276654,0.593508,0.800277,0.463450,0.682199,0.878813,0.263306,0.059494,0.871894,0.096737,0.149474,0.919557,0.345551,0.458527,0.207478,0.009616,0.306127,0.210062,0.298720,0.681199,0.236312],
[0.095094,0.920368,0.806733,0.121893,0.365206,0.460378,0.799855,0.951552,0.908573,0.603026,0.228206,0.502081,0.403303,0.691656,0.184280,0.282116,0.954962,0.243774,0.154010,0.051699,0.393248,0.073567,0.397249,0.851775,0.281046,0.406865,0.157902,0.491108,0.705585,0.839101],
[0.727420,0.800679,0.759469,0.534153,0.922572,0.124675,0.994531,0.722427,0.076227,0.903104,0.325453,0.304433,0.405185,0.728756,0.996089,0.589465,0.010871,0.951051,0.833239,0.164882,0.002750,0.226487,0.238449,0.399999,0.078262,0.519495,0.806864,0.236163,0.010602,0.512449],
[0.075264,0.738022,0.313128,0.834733,0.272175,0.235700,0.959408,0.266706,0.958127,0.035635,0.169809,0.283580,0.340068,0.574994,0.012335,0.336157,0.164459,0.023207,0.287209,0.997697,0.188088,0.289958,0.224184,0.426537,0.689957,0.302446,0.946032,0.496821,0.538609,0.956634],
[0.009270,0.613873,0.694656,0.322398,0.448606,0.966831,0.558099,0.408014,0.233536,0.516226,0.443649,0.403346,0.799805,0.783717,0.978340,0.812141,0.119875,0.142798,0.835347,0.407083,0.140496,0.023435,0.697042,0.364680,0.449973,0.386999,0.667125,0.396004,0.883820,0.205734],
[0.352639,0.893091,0.819608,0.047295,0.215489,0.268214,0.014126,0.773588,0.676228,0.247662,0.289813,0.119877,0.651008,0.089619,0.903595,0.629348,0.901759,0.023469,0.772146,0.737106,0.430553,0.912642,0.760542,0.127594,0.277321,0.210514,0.514593,0.944447,0.606519,0.398414],
[0.150181,0.959157,0.291504,0.969788,0.006452,0.506993,0.238002,0.020578,0.280581,0.914230,0.268240,0.570394,0.034108,0.919248,0.660013,0.937703,0.548595,0.561772,0.961172,0.320741,0.298878,0.391725,0.233383,0.059420,0.519319,0.510704,0.269934,0.033912,0.455151,0.876453],
[0.432326,0.605332,0.835611,0.723830,0.575120,0.842063,0.230823,0.813122,0.862640,0.511404,0.727353,0.130880,0.081798,0.761461,0.050128,0.741811,0.699163,0.598723,0.303583,0.660335,0.919465,0.602461,0.052060,0.152847,0.661881,0.571379,0.663552,0.931815,0.605291,0.118703],
[0.808268,0.037617,0.724034,0.643879,0.761447,0.299154,0.485941,0.992270,0.112277,0.348582,0.503675,0.839629,0.479462,0.585473,0.601090,0.529590,0.327284,0.300253,0.128313,0.630867,0.960588,0.047778,0.233328,0.012648,0.200625,0.895209,0.584027,0.864177,0.827024,0.189318]]];

c=[[2,10,2,8,10,6,2,4,1,7,2,2,9,10,7,1,2,4,4,3,5,1,9,2,9,10,8,4,1,4],
[3,4,6,5,3,5,2,4,10,4,1,1,8,1,2,4,1,3,7,7,6,2,9,6,5,9,5,2,3,6],
[8,7,1,3,3,4,9,4,7,1,10,7,3,7,8,5,2,10,9,10,6,4,1,7,10,6,5,6,9,9],
[3,6,6,4,10,8,7,9,4,5,1,3,2,3,1,1,7,4,10,6,3,8,1,6,4,2,3,10,8,1],
[9,10,7,4,5,6,3,3,6,6,8,6,10,1,9,2,1,7,5,2,4,10,9,5,5,4,8,7,6,5],
[7,4,7,5,9,3,3,3,6,8,1,3,4,10,3,4,4,5,2,10,6,6,9,7,2,5,2,1,1,7],
[8,10,2,4,6,2,8,8,5,3,6,5,7,1,6,1,6,9,5,9,1,1,6,1,7,7,6,8,8,8],
[7,5,9,8,10,5,10,9,4,6,2,9,2,8,1,7,9,8,8,5,7,8,5,2,8,3,1,5,3,10],
[3,9,6,1,8,7,7,9,5,1,4,6,1,5,6,2,4,6,1,3,10,9,10,7,1,9,9,3,6,3],
[2,8,1,7,10,1,5,7,9,9,7,3,7,9,9,4,2,4,9,3,6,10,1,7,6,3,8,7,5,3],
[9,8,10,2,6,1,2,10,7,2,9,5,6,7,4,7,10,5,10,10,9,6,9,10,4,7,4,1,3,9],
[3,3,6,4,6,4,5,7,3,3,1,3,8,6,9,3,2,10,9,2,9,8,9,8,9,2,4,2,3,8],
[2,7,10,10,1,6,3,7,4,5,9,6,10,8,2,8,2,3,10,1,6,8,8,6,7,8,8,2,1,2],
[9,3,8,1,2,10,8,6,8,3,10,9,9,1,6,2,9,8,6,10,10,2,7,9,7,6,6,6,7,6],
[9,8,10,9,10,3,10,9,8,8,1,10,6,1,10,3,2,10,10,8,9,1,1,8,9,9,3,6,7,9],
[4,5,8,3,3,7,6,3,5,3,2,8,2,7,10,2,9,2,3,1,1,2,1,3,9,2,3,1,7,9],
[1,10,6,1,5,10,7,10,2,4,4,3,3,8,1,2,1,10,5,3,2,7,4,4,1,2,5,4,4,4],
[4,7,5,9,7,9,9,5,8,2,10,2,7,2,9,7,6,9,8,10,3,9,9,7,3,9,10,9,4,4],
[2,8,10,7,8,8,7,8,2,5,10,2,8,6,5,8,4,10,8,2,2,10,2,2,8,6,10,8,5,4],
[3,8,1,4,6,10,1,3,8,4,9,7,5,8,4,2,7,9,3,4,10,4,5,4,5,5,9,7,2,5],
[10,6,5,2,9,2,1,1,6,8,4,4,6,1,3,1,4,9,10,6,4,1,2,9,4,8,5,5,4,6],
[9,5,3,5,6,3,7,9,3,2,8,8,6,6,10,10,6,3,9,7,1,2,8,2,2,3,9,6,7,5],
[3,6,9,5,2,7,7,8,5,1,10,2,1,7,7,2,6,5,5,4,1,7,8,10,8,1,3,8,7,9],
[2,1,6,3,8,8,9,6,5,3,7,6,6,9,2,5,10,10,9,6,5,1,2,4,1,1,5,5,9,3],
[3,2,3,1,4,10,8,2,6,4,6,4,10,2,2,3,6,1,4,6,7,9,8,10,2,10,1,6,4,1],
[10,9,2,3,9,8,4,8,1,9,3,7,4,4,10,5,7,5,8,10,2,6,10,1,5,4,3,5,1,6],
[7,1,6,9,3,6,8,6,3,8,7,6,6,2,9,5,7,7,1,6,9,2,1,10,5,7,3,7,4,4],
[4,10,4,2,10,8,7,7,5,2,7,3,9,2,5,7,7,3,6,7,8,6,1,10,5,5,6,10,3,9],
[3,8,1,8,9,10,7,6,7,1,9,5,4,7,6,8,5,2,10,10,9,9,7,1,8,4,7,5,3,9],
[6,7,8,6,4,7,5,2,4,3,2,2,7,7,10,3,6,4,6,5,6,6,5,2,6,4,5,2,9,7],
];
