m=40;
n=40;
p=3;
q=3;

alpha=[0.503517,0.910277,0.723928,0.636840,0.641280,0.642265];

proba=[[[0.712480,0.133136,0.025937,0.313089,0.555227,0.705935,0.059684,0.576615,0.556355,0.995287,0.138532,0.968661,0.762183,0.207006,0.471418,0.727584,0.582374,0.120815,0.534134,0.258437,0.090959,0.707437,0.620629,0.043543,0.706243,0.627663,0.864097,0.154099,0.901343,0.146657,0.438629,0.613823,0.279793,0.464565,0.926912,0.835020,0.170500,0.986596,0.411635,0.726855],
[0.981883,0.550167,0.695515,0.744066,0.757173,0.166934,0.471651,0.339548,0.287749,0.005785,0.597985,0.378708,0.713222,0.218614,0.422251,0.419465,0.846278,0.286348,0.573563,0.747620,0.433006,0.012192,0.361444,0.712799,0.476757,0.288356,0.547819,0.647257,0.274952,0.959455,0.374112,0.256835,0.509622,0.069627,0.000902,0.266795,0.236561,0.472552,0.606343,0.524310],
[0.478337,0.204328,0.903019,0.191559,0.422942,0.325270,0.611023,0.269220,0.611618,0.184587,0.016840,0.044624,0.196779,0.378284,0.757423,0.673536,0.666640,0.305242,0.320794,0.941592,0.264697,0.694906,0.198427,0.774318,0.764533,0.199328,0.041113,0.001094,0.671880,0.647456,0.525405,0.150217,0.851784,0.428423,0.341776,0.274726,0.753693,0.952799,0.543945,0.365312],
[0.137386,0.560785,0.409935,0.334165,0.939069,0.167358,0.007701,0.605709,0.472600,0.328495,0.547301,0.737297,0.023401,0.745728,0.511615,0.787934,0.945056,0.552728,0.789028,0.616936,0.200184,0.314433,0.767154,0.051968,0.742856,0.108930,0.326693,0.496549,0.061729,0.870639,0.861861,0.199115,0.431424,0.271796,0.533280,0.370493,0.439154,0.540982,0.976202,0.911755],
[0.869477,0.523503,0.649051,0.892877,0.269230,0.160666,0.680811,0.214286,0.713394,0.469840,0.831223,0.913578,0.784273,0.598376,0.965546,0.527129,0.707306,0.292240,0.023679,0.769035,0.162878,0.885539,0.968150,0.594303,0.157336,0.501431,0.964796,0.596490,0.042412,0.940998,0.508245,0.911889,0.464501,0.157296,0.804766,0.733732,0.317962,0.485578,0.948018,0.031357],
[0.955417,0.779241,0.944935,0.739690,0.377617,0.910481,0.266819,0.084923,0.202721,0.290498,0.853958,0.365599,0.176037,0.822109,0.959902,0.333373,0.323539,0.924698,0.929863,0.365952,0.865696,0.438108,0.277840,0.330197,0.595404,0.082606,0.063929,0.913367,0.568184,0.011947,0.944723,0.523601,0.791188,0.889658,0.263291,0.168805,0.800139,0.530111,0.253728,0.002860],
[0.820608,0.107686,0.368459,0.996646,0.929795,0.328360,0.330019,0.253335,0.253058,0.259882,0.619286,0.118754,0.697991,0.897127,0.448951,0.293395,0.979733,0.512880,0.206762,0.547917,0.524827,0.151485,0.071518,0.316015,0.041143,0.334810,0.484820,0.841282,0.864920,0.738548,0.844142,0.685529,0.846234,0.212600,0.682174,0.776029,0.540961,0.012193,0.029364,0.794018],
[0.272076,0.648650,0.912772,0.970066,0.545777,0.361723,0.263461,0.525510,0.874603,0.470223,0.073427,0.399431,0.621708,0.144945,0.715445,0.662851,0.479755,0.200265,0.504134,0.344675,0.938813,0.348276,0.030204,0.785047,0.560876,0.712378,0.561076,0.101837,0.724571,0.590440,0.895855,0.996647,0.239090,0.808627,0.966713,0.784867,0.170350,0.230174,0.310377,0.044953],
[0.700397,0.383804,0.444384,0.322105,0.528749,0.159829,0.984956,0.008504,0.360094,0.489090,0.353179,0.298907,0.837365,0.383382,0.083954,0.398241,0.095761,0.645030,0.500078,0.820332,0.235470,0.395933,0.816979,0.474560,0.204559,0.783692,0.259428,0.374909,0.013866,0.569805,0.419863,0.714263,0.953609,0.864247,0.036368,0.482358,0.024076,0.021324,0.490862,0.384170],
[0.510414,0.844041,0.683077,0.347779,0.227423,0.767031,0.746020,0.323184,0.412061,0.246098,0.143516,0.647531,0.642031,0.960495,0.122091,0.846590,0.744187,0.381519,0.221499,0.758054,0.951324,0.641362,0.472317,0.904934,0.505609,0.508685,0.387292,0.529685,0.530009,0.878154,0.913856,0.040423,0.722195,0.596933,0.388203,0.949619,0.363964,0.134223,0.272803,0.776025],
[0.380321,0.416319,0.423556,0.022351,0.376814,0.545648,0.868941,0.121001,0.927167,0.090441,0.879055,0.878491,0.731803,0.351372,0.783425,0.237412,0.860057,0.170717,0.767098,0.390066,0.048871,0.680953,0.430490,0.771067,0.277887,0.818692,0.720685,0.641851,0.952915,0.993488,0.417876,0.333236,0.409807,0.841433,0.355588,0.786621,0.387081,0.224529,0.907623,0.314248],
[0.314970,0.786678,0.192739,0.046773,0.138049,0.976164,0.284186,0.998106,0.146881,0.051283,0.388173,0.195752,0.732237,0.818663,0.966819,0.010123,0.637355,0.687504,0.651974,0.590271,0.680992,0.069851,0.923507,0.090799,0.911284,0.279095,0.877421,0.298364,0.503624,0.785043,0.612612,0.818594,0.571721,0.805351,0.865367,0.709770,0.781515,0.149553,0.707877,0.928396],
[0.200836,0.096049,0.124148,0.933073,0.914712,0.090967,0.943196,0.552067,0.778471,0.595171,0.142338,0.459463,0.665021,0.065845,0.550262,0.576305,0.344939,0.427683,0.874669,0.848563,0.212726,0.487282,0.667157,0.784447,0.292633,0.532525,0.494217,0.074147,0.682077,0.202094,0.002543,0.882914,0.298143,0.126691,0.815987,0.212855,0.217657,0.759183,0.764923,0.996128],
[0.354353,0.907260,0.455591,0.019375,0.973105,0.005853,0.595680,0.318044,0.433536,0.470349,0.166608,0.646262,0.957631,0.833765,0.430708,0.250263,0.366290,0.924925,0.324411,0.048367,0.127019,0.326954,0.931281,0.425162,0.453645,0.747267,0.638017,0.671302,0.506450,0.402940,0.667430,0.860803,0.310200,0.123021,0.880178,0.283305,0.128874,0.475857,0.601350,0.562410],
[0.946207,0.767957,0.208672,0.903837,0.601722,0.639380,0.154101,0.968012,0.564306,0.478511,0.016379,0.691325,0.805465,0.947659,0.116487,0.259110,0.694926,0.754504,0.930412,0.201376,0.157444,0.597842,0.062180,0.467645,0.720863,0.942358,0.750950,0.849737,0.418215,0.352299,0.412148,0.364422,0.120257,0.620820,0.268259,0.721979,0.260200,0.422359,0.689990,0.824506],
[0.900871,0.706369,0.515831,0.706336,0.654028,0.632318,0.965445,0.348955,0.386822,0.895857,0.550331,0.544267,0.493699,0.612511,0.011911,0.214562,0.554868,0.762861,0.064300,0.973083,0.115161,0.476447,0.337505,0.235417,0.097267,0.605764,0.957396,0.357467,0.028123,0.647387,0.181973,0.928994,0.353756,0.697804,0.635330,0.007784,0.330122,0.600775,0.356739,0.716945],
[0.496633,0.907070,0.261211,0.990332,0.519581,0.273123,0.204894,0.074449,0.035984,0.269194,0.047532,0.151145,0.745641,0.385037,0.386562,0.842908,0.990801,0.343959,0.200375,0.018925,0.991345,0.382348,0.947919,0.345101,0.080153,0.583249,0.352884,0.410275,0.184024,0.709623,0.127219,0.680656,0.616693,0.388431,0.670988,0.136273,0.661553,0.875882,0.210722,0.697538],
[0.145076,0.258255,0.848683,0.890717,0.643292,0.235245,0.733626,0.634093,0.579204,0.934001,0.653018,0.570549,0.316349,0.600937,0.915649,0.396502,0.184186,0.268534,0.806776,0.368210,0.978157,0.933996,0.048866,0.594850,0.322426,0.719854,0.731123,0.983979,0.595736,0.941845,0.681517,0.740813,0.200100,0.530200,0.631530,0.843392,0.765445,0.365156,0.477485,0.344648],
[0.299157,0.130503,0.915197,0.615506,0.731440,0.830847,0.012008,0.915625,0.099380,0.818784,0.283835,0.077537,0.752780,0.332701,0.672387,0.075206,0.052555,0.403510,0.059185,0.648292,0.345355,0.740703,0.389104,0.545454,0.270902,0.020634,0.388846,0.036347,0.385790,0.866331,0.380995,0.684946,0.996834,0.296193,0.300452,0.728274,0.127039,0.312460,0.643899,0.226420],
[0.131245,0.927734,0.303957,0.884024,0.260435,0.976344,0.959230,0.312990,0.379853,0.018416,0.961281,0.725208,0.759119,0.350386,0.270663,0.030021,0.371020,0.659509,0.066368,0.756810,0.525840,0.447363,0.441756,0.522674,0.743556,0.742208,0.250948,0.870595,0.054669,0.894847,0.097015,0.185913,0.822581,0.400972,0.069938,0.083016,0.377316,0.029168,0.396006,0.757169],
[0.047584,0.357287,0.482377,0.806703,0.707673,0.753040,0.836723,0.078693,0.412549,0.903091,0.835502,0.938389,0.350455,0.277258,0.461063,0.094011,0.019467,0.712011,0.964606,0.074135,0.606858,0.061621,0.260048,0.429440,0.462593,0.329986,0.512456,0.839908,0.359154,0.908461,0.597078,0.406738,0.265749,0.079455,0.213441,0.973422,0.832495,0.050164,0.052114,0.245044],
[0.953256,0.887617,0.183433,0.303710,0.164875,0.644497,0.397721,0.184342,0.356508,0.362327,0.258477,0.963366,0.423948,0.518525,0.392806,0.886541,0.848511,0.905261,0.726450,0.207665,0.813723,0.323527,0.614403,0.079472,0.402982,0.827844,0.052893,0.235477,0.878008,0.105008,0.480522,0.831264,0.992625,0.663955,0.134974,0.157500,0.308451,0.532695,0.341841,0.664959],
[0.895022,0.600319,0.628325,0.318971,0.118844,0.021131,0.205512,0.967355,0.926392,0.931961,0.175021,0.740115,0.255488,0.789424,0.819587,0.658471,0.617268,0.872480,0.893948,0.495276,0.977488,0.374470,0.326540,0.970112,0.038424,0.461514,0.127612,0.346876,0.994209,0.469453,0.011835,0.889231,0.069772,0.640161,0.208202,0.188616,0.661292,0.413714,0.155971,0.587684],
[0.345675,0.330991,0.327799,0.601163,0.120415,0.147385,0.259634,0.737683,0.019865,0.153582,0.232959,0.997353,0.528052,0.559499,0.967465,0.566476,0.021013,0.095076,0.913352,0.015222,0.564530,0.925187,0.904453,0.634301,0.565348,0.112655,0.822917,0.226639,0.526368,0.978888,0.814323,0.872043,0.309879,0.142122,0.473207,0.430295,0.289508,0.732841,0.167978,0.309373],
[0.886423,0.400938,0.306725,0.414474,0.960437,0.274190,0.980950,0.981449,0.369267,0.894302,0.996671,0.933796,0.819490,0.901124,0.568098,0.384838,0.013779,0.391014,0.611477,0.540147,0.369902,0.425800,0.412190,0.679781,0.567922,0.885397,0.110076,0.857430,0.618237,0.278054,0.166803,0.504660,0.678992,0.473528,0.919134,0.639428,0.747718,0.900085,0.620878,0.116985],
[0.794387,0.617549,0.050781,0.613877,0.518673,0.618879,0.998715,0.532452,0.009893,0.610192,0.072599,0.379795,0.035992,0.484789,0.059576,0.603914,0.370186,0.169652,0.461344,0.988423,0.447707,0.628147,0.493084,0.126698,0.101675,0.412218,0.766127,0.849393,0.312303,0.387005,0.966378,0.106690,0.004554,0.017159,0.720567,0.523226,0.636038,0.719282,0.055678,0.645931],
[0.329473,0.128277,0.025726,0.365465,0.613066,0.085302,0.969379,0.983252,0.254955,0.430724,0.971675,0.702661,0.058871,0.464759,0.829360,0.160546,0.876977,0.595487,0.009939,0.189279,0.982491,0.976317,0.295969,0.987045,0.993476,0.016537,0.510271,0.629514,0.735818,0.565949,0.275445,0.065292,0.694226,0.301171,0.430757,0.307292,0.386473,0.400136,0.290544,0.641428],
[0.830860,0.262219,0.344090,0.889731,0.726977,0.173449,0.050277,0.603954,0.768936,0.060216,0.793233,0.751427,0.036533,0.089203,0.738472,0.030009,0.105740,0.248743,0.659523,0.841558,0.814692,0.934968,0.906850,0.508918,0.236139,0.337607,0.816210,0.622612,0.737743,0.106754,0.264040,0.568603,0.368973,0.608130,0.458334,0.095950,0.781579,0.508611,0.699904,0.550515],
[0.568827,0.493137,0.301942,0.605359,0.582340,0.040413,0.635368,0.688080,0.289156,0.294891,0.529638,0.103848,0.229860,0.436487,0.612766,0.465999,0.774094,0.428976,0.088611,0.511837,0.535730,0.352651,0.080441,0.904702,0.960781,0.538775,0.000653,0.742360,0.047386,0.700557,0.292875,0.616213,0.193694,0.594817,0.221572,0.776034,0.635230,0.856940,0.464114,0.924386],
[0.151832,0.993752,0.028234,0.381691,0.430239,0.641000,0.847690,0.204333,0.069976,0.936301,0.716171,0.605706,0.288952,0.796611,0.510409,0.249733,0.335387,0.511061,0.992093,0.382773,0.211618,0.284968,0.998985,0.405312,0.879784,0.220557,0.181346,0.515015,0.077498,0.645460,0.439401,0.229329,0.639212,0.467635,0.611021,0.069451,0.108635,0.458711,0.273784,0.178612],
[0.395012,0.989955,0.784318,0.683964,0.786566,0.294726,0.933697,0.121953,0.805788,0.925790,0.504726,0.017405,0.210757,0.503711,0.422717,0.090542,0.724269,0.604063,0.605556,0.801766,0.249523,0.044957,0.031096,0.888735,0.512592,0.642117,0.958186,0.621228,0.100828,0.231970,0.799839,0.495839,0.221925,0.584157,0.179803,0.008491,0.878884,0.113500,0.130445,0.684671],
[0.039289,0.635170,0.702077,0.250047,0.138881,0.124793,0.340588,0.863150,0.728856,0.946145,0.664916,0.978379,0.991102,0.696012,0.867114,0.503694,0.338129,0.825300,0.124922,0.438956,0.057270,0.924761,0.934796,0.279195,0.508919,0.114599,0.287686,0.387802,0.228099,0.418131,0.072474,0.267388,0.053301,0.774550,0.517435,0.192182,0.899344,0.858024,0.055333,0.628200],
[0.804168,0.720249,0.606579,0.795270,0.416261,0.473693,0.298965,0.754390,0.298993,0.423887,0.193346,0.356263,0.348648,0.128142,0.635458,0.857567,0.242741,0.923144,0.245369,0.470840,0.341275,0.317843,0.738228,0.394576,0.092393,0.255663,0.586758,0.991736,0.113687,0.642091,0.619936,0.917855,0.362340,0.226516,0.713126,0.778601,0.700209,0.012090,0.532990,0.999202],
[0.435977,0.726336,0.355466,0.784626,0.854478,0.990923,0.642193,0.097219,0.914067,0.887562,0.568058,0.255342,0.205405,0.306286,0.649918,0.297798,0.561950,0.236677,0.289534,0.675636,0.878768,0.909471,0.593492,0.241108,0.135986,0.306617,0.019708,0.836196,0.318708,0.552698,0.835398,0.754685,0.279034,0.190864,0.539311,0.133512,0.181787,0.181503,0.230731,0.095854],
[0.069066,0.798789,0.351197,0.274471,0.105075,0.001115,0.572268,0.667025,0.237792,0.861803,0.342661,0.116560,0.771273,0.936153,0.357667,0.907260,0.242770,0.377375,0.743455,0.561478,0.930074,0.578853,0.316163,0.209108,0.769717,0.855473,0.342621,0.951504,0.036977,0.573351,0.047358,0.106042,0.372141,0.398555,0.380513,0.477216,0.399671,0.952781,0.144241,0.637463],
[0.814584,0.486903,0.754022,0.585857,0.423056,0.111690,0.493116,0.665826,0.489065,0.236572,0.227303,0.419139,0.815425,0.543466,0.628247,0.585142,0.398939,0.970868,0.536646,0.435916,0.544219,0.584005,0.541958,0.916360,0.982560,0.922471,0.393576,0.382230,0.875252,0.537817,0.019693,0.689836,0.024720,0.773715,0.275692,0.447775,0.885405,0.768809,0.113601,0.374470],
[0.005381,0.340904,0.793609,0.820806,0.884369,0.421856,0.405948,0.283308,0.392724,0.942594,0.719224,0.936943,0.526599,0.261182,0.853303,0.509159,0.183653,0.246879,0.891389,0.058904,0.784696,0.911082,0.748740,0.809415,0.684797,0.024433,0.257190,0.570202,0.793242,0.370791,0.944672,0.798622,0.711694,0.738281,0.619428,0.596064,0.160137,0.025376,0.879372,0.552861],
[0.967970,0.598596,0.489804,0.494569,0.859778,0.343107,0.003727,0.043430,0.589985,0.895116,0.102335,0.374681,0.806198,0.851075,0.184096,0.490996,0.875507,0.441286,0.061198,0.668749,0.812076,0.005871,0.467371,0.523771,0.744152,0.086799,0.119834,0.904289,0.112175,0.999206,0.457150,0.080145,0.597802,0.946954,0.574714,0.457580,0.290060,0.578441,0.501010,0.880046],
[0.473557,0.603345,0.254726,0.279756,0.454420,0.438822,0.770752,0.329927,0.880108,0.831950,0.998676,0.692184,0.837820,0.466047,0.215955,0.581972,0.552846,0.335789,0.486261,0.665021,0.334996,0.943411,0.745167,0.932798,0.890365,0.319880,0.390378,0.180425,0.898321,0.891389,0.060471,0.371878,0.494734,0.315197,0.651634,0.949154,0.754019,0.422385,0.279081,0.634127],
[0.254335,0.277757,0.326311,0.092156,0.743805,0.542266,0.674128,0.296651,0.878055,0.160389,0.961673,0.213051,0.103800,0.706839,0.145849,0.994164,0.026719,0.536227,0.174589,0.925040,0.427616,0.235060,0.296919,0.922350,0.550257,0.948552,0.871504,0.304276,0.370938,0.150585,0.938402,0.625273,0.428343,0.264713,0.717428,0.172148,0.806978,0.391556,0.468799,0.685033]],
[[0.551945,0.430472,0.898084,0.655745,0.137311,0.043933,0.649909,0.164030,0.580160,0.824499,0.089071,0.007777,0.059559,0.385989,0.930127,0.609815,0.334542,0.801631,0.914091,0.705480,0.952216,0.852493,0.330753,0.380559,0.117206,0.048181,0.552707,0.924185,0.439737,0.021506,0.609218,0.991682,0.451977,0.507302,0.647427,0.589288,0.551235,0.297336,0.753318,0.131396],
[0.121834,0.842389,0.139172,0.181393,0.228378,0.069299,0.791208,0.562919,0.870930,0.705300,0.268399,0.823146,0.557793,0.599151,0.203705,0.674999,0.647333,0.756412,0.599184,0.087070,0.777918,0.208402,0.078752,0.229895,0.715705,0.726178,0.819183,0.266940,0.023514,0.572501,0.398336,0.145348,0.414890,0.537508,0.326741,0.643268,0.606807,0.117950,0.206187,0.477736],
[0.823249,0.474586,0.300882,0.381042,0.073738,0.504588,0.056041,0.721070,0.261000,0.655226,0.808140,0.038917,0.863628,0.886891,0.268813,0.579333,0.613070,0.087996,0.846273,0.636584,0.660497,0.244608,0.781933,0.075387,0.782116,0.108674,0.718654,0.388923,0.226624,0.924842,0.866659,0.049873,0.399428,0.167541,0.430915,0.473165,0.672129,0.486956,0.194235,0.933129],
[0.142182,0.002375,0.972046,0.005810,0.889266,0.240859,0.585143,0.502336,0.328854,0.431416,0.138921,0.989351,0.676024,0.920853,0.064738,0.458140,0.029527,0.783392,0.847063,0.256151,0.708234,0.713722,0.306024,0.107662,0.881264,0.736939,0.580827,0.553393,0.223895,0.775062,0.486521,0.366077,0.777437,0.458567,0.371888,0.666703,0.699426,0.957030,0.169040,0.028280],
[0.388446,0.307960,0.017631,0.064470,0.228813,0.082370,0.522610,0.258341,0.865762,0.369673,0.514491,0.573996,0.083396,0.820515,0.681658,0.964659,0.557454,0.262484,0.518052,0.781349,0.037546,0.004573,0.147426,0.814983,0.463140,0.519314,0.481687,0.162566,0.476344,0.650727,0.190846,0.864790,0.958687,0.208478,0.929260,0.187500,0.290847,0.451871,0.445841,0.156609],
[0.821544,0.960332,0.730605,0.904940,0.780847,0.412263,0.869599,0.338301,0.674747,0.387651,0.119650,0.712294,0.392224,0.267076,0.527277,0.855364,0.786390,0.008964,0.017930,0.262734,0.659690,0.208777,0.127525,0.618377,0.417254,0.056785,0.805878,0.708102,0.508656,0.251719,0.864711,0.330200,0.212051,0.595317,0.235140,0.992899,0.007579,0.104739,0.331200,0.682327],
[0.492390,0.450850,0.394620,0.884614,0.717927,0.921897,0.739978,0.504317,0.930861,0.757908,0.767051,0.590551,0.966685,0.894576,0.208929,0.383939,0.951361,0.014806,0.092041,0.460017,0.266525,0.956752,0.790218,0.478576,0.552068,0.025358,0.471475,0.559648,0.130097,0.802675,0.241975,0.622487,0.253525,0.636595,0.507100,0.971452,0.558492,0.247078,0.475769,0.489353],
[0.004986,0.242820,0.079904,0.971671,0.137396,0.288833,0.355610,0.088757,0.303639,0.447650,0.548774,0.570165,0.404402,0.338992,0.048741,0.956470,0.364349,0.520216,0.516118,0.494446,0.322891,0.758093,0.116933,0.576417,0.394688,0.624033,0.547868,0.953180,0.871111,0.023637,0.442533,0.876097,0.266457,0.522438,0.847768,0.403853,0.811271,0.203377,0.492609,0.114910],
[0.651027,0.041383,0.685075,0.055429,0.380375,0.733815,0.011900,0.744724,0.254032,0.528018,0.239170,0.576923,0.286111,0.356103,0.153340,0.680799,0.980136,0.701208,0.633979,0.851247,0.724845,0.076512,0.727344,0.991302,0.598949,0.575112,0.395154,0.410220,0.778489,0.887764,0.525130,0.429516,0.929147,0.210205,0.484946,0.309522,0.944020,0.496845,0.054246,0.198052],
[0.024863,0.293417,0.774975,0.310974,0.649519,0.928314,0.991773,0.629655,0.629522,0.625751,0.480902,0.354367,0.702263,0.208246,0.345669,0.301212,0.783357,0.740824,0.711432,0.561846,0.628588,0.236562,0.991362,0.557735,0.446767,0.476308,0.867257,0.390787,0.973153,0.921503,0.588839,0.998016,0.214920,0.363814,0.308991,0.864440,0.292128,0.300763,0.494095,0.921650],
[0.926514,0.974997,0.276017,0.628777,0.183243,0.621687,0.929989,0.966600,0.362510,0.641422,0.528446,0.991098,0.877984,0.519808,0.548833,0.324751,0.996116,0.416090,0.715539,0.969269,0.337593,0.304378,0.967286,0.552513,0.668191,0.276276,0.416953,0.960319,0.577040,0.911048,0.881969,0.503554,0.886044,0.157986,0.132331,0.069287,0.779673,0.062320,0.035887,0.142183],
[0.703742,0.564333,0.133281,0.581726,0.084142,0.682114,0.906477,0.080258,0.098204,0.622016,0.049527,0.435797,0.926393,0.016813,0.988311,0.594584,0.293090,0.405264,0.554903,0.870129,0.316311,0.436872,0.373683,0.202356,0.594859,0.506014,0.271643,0.374532,0.568334,0.307530,0.516715,0.272075,0.871863,0.649997,0.853801,0.956005,0.332111,0.760278,0.036263,0.430315],
[0.382294,0.085790,0.866112,0.308687,0.102603,0.854423,0.903271,0.395693,0.259687,0.458175,0.265822,0.575998,0.895047,0.639505,0.778354,0.489906,0.145519,0.049997,0.864437,0.713852,0.357527,0.381153,0.985928,0.229390,0.031149,0.839729,0.185395,0.363260,0.600007,0.221658,0.793575,0.982301,0.307447,0.659688,0.290988,0.410051,0.514111,0.194259,0.805744,0.773797],
[0.652433,0.071566,0.349796,0.547480,0.711071,0.128150,0.037386,0.856590,0.178147,0.901823,0.570442,0.535673,0.282976,0.556370,0.765064,0.314125,0.396098,0.950458,0.677385,0.996105,0.172116,0.470960,0.978406,0.479563,0.130648,0.269393,0.889614,0.644759,0.463652,0.695358,0.418556,0.116086,0.766924,0.768352,0.663566,0.477995,0.896502,0.700952,0.334585,0.074648],
[0.602775,0.905027,0.610322,0.885750,0.461397,0.375385,0.199875,0.857495,0.325844,0.877260,0.853600,0.497960,0.348221,0.832006,0.977523,0.478869,0.101399,0.867137,0.123628,0.565052,0.562495,0.542184,0.681137,0.329419,0.310536,0.344703,0.807414,0.207037,0.045655,0.141999,0.281686,0.648430,0.047025,0.892007,0.534180,0.508422,0.267392,0.734055,0.365917,0.593236],
[0.611316,0.219517,0.091196,0.959537,0.051523,0.068719,0.438406,0.152923,0.935856,0.562034,0.717974,0.498351,0.104218,0.399112,0.827770,0.414754,0.743815,0.635184,0.621791,0.789470,0.777182,0.903477,0.437899,0.824208,0.795484,0.972080,0.332630,0.062876,0.706135,0.698547,0.656112,0.317451,0.918064,0.747308,0.276988,0.969588,0.816026,0.715394,0.122510,0.751882],
[0.277427,0.840485,0.250233,0.381645,0.239596,0.078003,0.796398,0.983411,0.713187,0.418190,0.772881,0.490369,0.321666,0.210780,0.314576,0.117150,0.182860,0.647206,0.180026,0.888995,0.345753,0.836138,0.206446,0.263818,0.583446,0.483434,0.233405,0.399472,0.198827,0.355916,0.151354,0.476254,0.196400,0.401588,0.857899,0.435997,0.479591,0.654298,0.419407,0.192777],
[0.072487,0.192288,0.683146,0.394153,0.403068,0.997722,0.511303,0.585928,0.644929,0.691330,0.474923,0.990682,0.527468,0.681368,0.254500,0.110914,0.164802,0.487905,0.510386,0.363629,0.843821,0.661740,0.839884,0.040221,0.063328,0.697783,0.476218,0.542918,0.352081,0.895625,0.735695,0.424568,0.087913,0.418841,0.818721,0.490981,0.416564,0.330025,0.076909,0.061493],
[0.021355,0.551832,0.052175,0.548822,0.233200,0.306674,0.659736,0.398002,0.794579,0.170122,0.761631,0.638400,0.831862,0.601514,0.678621,0.895190,0.299297,0.154839,0.438108,0.651378,0.050464,0.173804,0.075946,0.138377,0.592645,0.894667,0.629358,0.009209,0.224692,0.706267,0.070702,0.246047,0.258099,0.122876,0.794869,0.491299,0.429551,0.454605,0.889301,0.224130],
[0.624727,0.650932,0.862530,0.456589,0.252446,0.541151,0.351779,0.551743,0.695990,0.789887,0.203121,0.746453,0.963690,0.279067,0.884830,0.556335,0.173735,0.514188,0.565544,0.398427,0.220455,0.636246,0.644474,0.478555,0.759122,0.439343,0.969854,0.188673,0.893948,0.859154,0.412802,0.518675,0.510086,0.275332,0.975264,0.762532,0.816483,0.327042,0.314275,0.512473],
[0.116929,0.517396,0.258926,0.080619,0.796463,0.143756,0.636955,0.970198,0.657944,0.202499,0.368625,0.878399,0.838745,0.013099,0.356954,0.597867,0.452442,0.326808,0.786539,0.346390,0.185962,0.199342,0.865065,0.696048,0.474674,0.840329,0.458579,0.291157,0.167371,0.772855,0.803630,0.284300,0.290251,0.062556,0.364920,0.086714,0.206312,0.001874,0.056912,0.864256],
[0.204373,0.425537,0.742655,0.043118,0.438636,0.099609,0.640985,0.891078,0.426417,0.427524,0.237468,0.612378,0.626866,0.102533,0.308426,0.101540,0.942862,0.767006,0.392697,0.110233,0.539860,0.196327,0.394533,0.830111,0.258882,0.759453,0.916825,0.465194,0.761327,0.973737,0.329449,0.965701,0.399274,0.072105,0.008819,0.837910,0.171714,0.649804,0.728987,0.598130],
[0.077328,0.966455,0.210509,0.704194,0.068988,0.518935,0.805733,0.011850,0.285941,0.198430,0.122082,0.825801,0.394757,0.516616,0.655912,0.653639,0.276069,0.572737,0.118833,0.037396,0.546473,0.448282,0.003097,0.945747,0.520387,0.011915,0.783657,0.692101,0.661719,0.512644,0.290231,0.739047,0.479099,0.500740,0.443240,0.548087,0.019675,0.248974,0.559936,0.305615],
[0.447404,0.682019,0.131416,0.842161,0.198634,0.787328,0.495800,0.474703,0.360064,0.614633,0.512099,0.906538,0.062916,0.515196,0.852285,0.583303,0.527111,0.635942,0.275403,0.188830,0.148585,0.565634,0.927876,0.627684,0.066374,0.371117,0.175771,0.086049,0.620090,0.735707,0.391664,0.067495,0.417726,0.523080,0.909656,0.616360,0.310408,0.405456,0.091064,0.670472],
[0.020089,0.603163,0.577010,0.083004,0.118358,0.429295,0.666307,0.645469,0.065236,0.941710,0.834299,0.213822,0.507344,0.762175,0.841506,0.573718,0.133292,0.017277,0.659767,0.753382,0.752984,0.051430,0.820877,0.170710,0.574510,0.730532,0.787071,0.884918,0.135988,0.878134,0.555390,0.156077,0.481297,0.132400,0.239081,0.599655,0.561694,0.905388,0.245124,0.626931],
[0.847099,0.079423,0.840752,0.354443,0.841598,0.682258,0.928161,0.974890,0.699535,0.587928,0.728272,0.452519,0.639358,0.549148,0.623229,0.213868,0.279681,0.410300,0.098787,0.415669,0.288434,0.654177,0.571746,0.769731,0.786577,0.810827,0.369386,0.348271,0.716215,0.614510,0.975202,0.563314,0.693933,0.815954,0.917757,0.535530,0.498212,0.845918,0.510420,0.197746],
[0.433846,0.238692,0.650265,0.073204,0.787840,0.273494,0.287072,0.067521,0.683794,0.385859,0.483189,0.972228,0.040036,0.054935,0.741958,0.826612,0.865762,0.111344,0.174883,0.581978,0.725853,0.150085,0.145292,0.419786,0.966039,0.063049,0.955316,0.464250,0.908967,0.465736,0.661997,0.342812,0.704428,0.312262,0.416016,0.492268,0.585756,0.703088,0.559789,0.269550],
[0.088947,0.042978,0.241778,0.128982,0.097913,0.983736,0.955595,0.963675,0.095079,0.130478,0.545652,0.820932,0.280563,0.690944,0.240718,0.246602,0.753993,0.196034,0.710852,0.662959,0.661771,0.372849,0.005771,0.366199,0.685111,0.421787,0.858467,0.270867,0.124875,0.418255,0.540417,0.213822,0.461233,0.782195,0.342805,0.559146,0.765930,0.298399,0.522821,0.861010],
[0.428877,0.068473,0.681942,0.709440,0.759417,0.922660,0.956042,0.513410,0.118695,0.666894,0.176369,0.780466,0.039743,0.182141,0.146664,0.724853,0.603928,0.005131,0.995720,0.728804,0.423386,0.536137,0.942626,0.884619,0.318332,0.285431,0.443765,0.084262,0.583830,0.966586,0.945272,0.012707,0.035059,0.627214,0.722148,0.794476,0.549874,0.678190,0.307886,0.668569],
[0.345084,0.484256,0.449034,0.384826,0.666397,0.595699,0.109680,0.270325,0.600829,0.105400,0.999128,0.024215,0.641538,0.941754,0.908834,0.959870,0.227185,0.352599,0.044132,0.811015,0.319184,0.989404,0.823722,0.354243,0.616618,0.545870,0.148719,0.166492,0.224059,0.456605,0.835061,0.569143,0.940861,0.284095,0.953969,0.607258,0.879794,0.063649,0.877582,0.480623],
[0.169049,0.876711,0.504838,0.810587,0.818465,0.413672,0.770457,0.045650,0.766270,0.814589,0.856665,0.085454,0.803993,0.680387,0.439697,0.420611,0.226256,0.588416,0.587102,0.450316,0.045022,0.422163,0.019459,0.985883,0.706258,0.973428,0.593140,0.586052,0.037077,0.470723,0.066674,0.206126,0.347433,0.571512,0.016714,0.165898,0.985184,0.787171,0.211548,0.751454],
[0.601760,0.068213,0.836908,0.405752,0.748599,0.276605,0.826363,0.974856,0.865022,0.413465,0.425171,0.910043,0.835628,0.444630,0.895926,0.541886,0.418058,0.489066,0.127938,0.455135,0.959789,0.194612,0.661261,0.307222,0.766125,0.677975,0.473120,0.751309,0.465145,0.684668,0.502763,0.066905,0.752881,0.339671,0.472657,0.501480,0.616277,0.299020,0.476336,0.481298],
[0.712485,0.901507,0.391342,0.548113,0.346137,0.287267,0.090000,0.764194,0.776333,0.217938,0.219329,0.736122,0.412550,0.880590,0.043344,0.178675,0.558565,0.516464,0.929984,0.023710,0.201132,0.432746,0.090615,0.954014,0.772418,0.563272,0.455494,0.388694,0.862292,0.931830,0.869993,0.574777,0.833337,0.261334,0.122890,0.179474,0.548601,0.212890,0.943668,0.324935],
[0.430827,0.162997,0.061057,0.843377,0.043587,0.104400,0.022052,0.602151,0.620864,0.952036,0.625861,0.821997,0.384782,0.716476,0.776010,0.157200,0.279747,0.231504,0.545894,0.142039,0.163334,0.415887,0.716816,0.996671,0.677221,0.839706,0.176145,0.225823,0.052596,0.119813,0.550757,0.483423,0.282810,0.611814,0.326800,0.326396,0.716214,0.348853,0.928547,0.337078],
[0.300889,0.554408,0.159075,0.685671,0.270884,0.935085,0.842871,0.550631,0.166589,0.388765,0.692670,0.329923,0.804652,0.409486,0.326594,0.481874,0.249192,0.502739,0.707696,0.301787,0.622551,0.258454,0.785210,0.905361,0.870268,0.112011,0.231757,0.586482,0.460863,0.160304,0.923560,0.761752,0.714713,0.082635,0.447423,0.985597,0.017720,0.290294,0.536228,0.184309],
[0.679060,0.228898,0.514232,0.483712,0.638384,0.840826,0.965586,0.887576,0.343565,0.673282,0.189363,0.966116,0.931736,0.974573,0.871477,0.802004,0.086583,0.103234,0.388486,0.547447,0.263538,0.312047,0.309199,0.978251,0.394682,0.756622,0.963848,0.412402,0.046917,0.500076,0.596711,0.725976,0.728974,0.110944,0.209689,0.367358,0.951770,0.175275,0.254934,0.295334],
[0.848557,0.444296,0.261450,0.780294,0.418869,0.132927,0.582298,0.505453,0.236160,0.970784,0.052900,0.499698,0.282831,0.362099,0.477949,0.677512,0.118721,0.441797,0.089914,0.165638,0.941873,0.686626,0.891614,0.670847,0.797569,0.101303,0.038205,0.749339,0.276578,0.293139,0.044673,0.125135,0.737435,0.306123,0.905428,0.156305,0.439050,0.487726,0.661757,0.675211],
[0.458510,0.714657,0.174909,0.741341,0.076756,0.652858,0.418853,0.195477,0.094655,0.508767,0.361115,0.036528,0.195393,0.252729,0.707376,0.992963,0.354032,0.745581,0.742302,0.630610,0.038720,0.786975,0.755744,0.776155,0.093098,0.661173,0.932460,0.532149,0.148899,0.594217,0.207359,0.607409,0.308874,0.382268,0.348750,0.385630,0.035127,0.767603,0.581107,0.129782],
[0.276370,0.942222,0.166311,0.471763,0.194951,0.873686,0.464726,0.548983,0.619267,0.207027,0.179592,0.657987,0.994002,0.935337,0.434142,0.087101,0.596509,0.366602,0.619249,0.745408,0.960819,0.826609,0.352817,0.269693,0.208877,0.701567,0.655323,0.244004,0.469169,0.236429,0.373786,0.745539,0.178651,0.540096,0.217303,0.373602,0.413782,0.682028,0.922584,0.033049],
[0.889056,0.102177,0.691036,0.883058,0.037514,0.125178,0.970159,0.634023,0.491779,0.589408,0.379431,0.452598,0.416017,0.732249,0.722291,0.624894,0.433815,0.377613,0.868897,0.902984,0.614043,0.242683,0.648524,0.792694,0.782780,0.865826,0.166295,0.196562,0.547854,0.088880,0.229611,0.436910,0.191057,0.920647,0.319968,0.228570,0.045825,0.290127,0.862593,0.537604]],
[[0.879536,0.242025,0.990202,0.295552,0.974273,0.712493,0.920446,0.408088,0.090106,0.789344,0.311073,0.704148,0.032027,0.959596,0.496842,0.814806,0.825422,0.663137,0.011368,0.373277,0.752017,0.240979,0.810187,0.943074,0.161627,0.130156,0.171644,0.207452,0.420283,0.034237,0.745056,0.299818,0.276262,0.735258,0.595371,0.250535,0.447751,0.515817,0.658623,0.537856],
[0.305161,0.969696,0.242005,0.337187,0.929293,0.738847,0.151994,0.754715,0.401984,0.163362,0.127992,0.154001,0.404342,0.938179,0.097074,0.565968,0.068334,0.268718,0.773420,0.488617,0.302955,0.518475,0.788436,0.579217,0.253733,0.383806,0.829752,0.701484,0.899623,0.488376,0.239340,0.204784,0.458072,0.481345,0.541971,0.387364,0.220192,0.693965,0.142079,0.622176],
[0.857327,0.270071,0.776177,0.261669,0.208250,0.873251,0.827637,0.276584,0.141969,0.601057,0.765201,0.444924,0.119532,0.553637,0.024141,0.373266,0.937443,0.853893,0.074749,0.837066,0.342269,0.314090,0.041850,0.800341,0.795435,0.583822,0.187705,0.015627,0.277787,0.329784,0.637803,0.135114,0.599855,0.413979,0.396783,0.808105,0.287230,0.224421,0.084689,0.429199],
[0.825478,0.849890,0.874124,0.945010,0.403527,0.898265,0.318276,0.340970,0.752158,0.393025,0.178036,0.094427,0.707115,0.219886,0.894768,0.502550,0.803708,0.082473,0.518176,0.081495,0.412257,0.155979,0.216610,0.012112,0.569958,0.613393,0.820217,0.857188,0.837814,0.904906,0.286387,0.663291,0.754796,0.160511,0.608301,0.158323,0.058776,0.926577,0.499292,0.810934],
[0.319602,0.677328,0.905361,0.026717,0.897215,0.800130,0.529266,0.700923,0.882603,0.047443,0.782418,0.294860,0.203422,0.999028,0.306972,0.773380,0.612421,0.127189,0.630568,0.450234,0.032095,0.916955,0.113526,0.786891,0.077466,0.721827,0.945214,0.136242,0.648404,0.444506,0.947176,0.968006,0.121835,0.852538,0.994723,0.019050,0.652667,0.523989,0.719972,0.535270],
[0.571432,0.502390,0.830130,0.774853,0.501418,0.137102,0.548233,0.113839,0.264292,0.178800,0.564073,0.296387,0.095756,0.677599,0.083279,0.173222,0.399426,0.028493,0.309464,0.047830,0.472999,0.256640,0.015835,0.594834,0.109178,0.010558,0.613883,0.761846,0.534547,0.333856,0.297116,0.105978,0.836246,0.127246,0.880832,0.337664,0.264348,0.429064,0.451503,0.528640],
[0.607865,0.015576,0.825027,0.703620,0.693175,0.908306,0.876842,0.092600,0.936798,0.186307,0.140430,0.409798,0.442947,0.156265,0.004631,0.552125,0.166823,0.618515,0.313971,0.701370,0.952371,0.611087,0.807349,0.788617,0.738333,0.688180,0.126281,0.002681,0.117245,0.577784,0.531321,0.725109,0.593360,0.356348,0.428730,0.286535,0.264653,0.305572,0.379135,0.201452],
[0.491879,0.519565,0.611250,0.934826,0.675830,0.615881,0.486951,0.842654,0.234396,0.800922,0.544024,0.186767,0.412009,0.351373,0.975384,0.150342,0.039553,0.101665,0.153023,0.156798,0.679450,0.684343,0.881907,0.272810,0.040691,0.310637,0.559345,0.305344,0.616210,0.938480,0.506796,0.108088,0.458045,0.118046,0.042914,0.133875,0.733927,0.529866,0.976529,0.968323],
[0.330788,0.520553,0.155089,0.742797,0.871926,0.130473,0.893139,0.911479,0.232139,0.046162,0.068277,0.911588,0.730505,0.950184,0.184398,0.771196,0.260821,0.743743,0.076540,0.877031,0.682223,0.583337,0.985119,0.140268,0.701382,0.028034,0.274143,0.435309,0.557900,0.250672,0.403632,0.888688,0.771225,0.558722,0.631485,0.643151,0.689195,0.524625,0.554630,0.921334],
[0.570787,0.622907,0.832922,0.301292,0.573092,0.017320,0.072488,0.833913,0.761063,0.149028,0.710944,0.443286,0.732365,0.696063,0.583554,0.433747,0.724097,0.857697,0.869057,0.281997,0.108370,0.272689,0.170685,0.879595,0.831410,0.802170,0.522747,0.520605,0.326795,0.077377,0.441939,0.897581,0.700284,0.274860,0.198873,0.273376,0.292180,0.271361,0.107289,0.053243],
[0.420389,0.818233,0.496530,0.152754,0.514296,0.080084,0.586501,0.238394,0.937781,0.455558,0.520391,0.046151,0.728246,0.691076,0.925746,0.559657,0.493246,0.448492,0.080262,0.820040,0.525869,0.522200,0.717622,0.226154,0.797061,0.916495,0.499530,0.089241,0.187856,0.606819,0.142485,0.608245,0.425051,0.639014,0.760999,0.939348,0.719098,0.347500,0.177741,0.656879],
[0.803058,0.698132,0.703029,0.531305,0.389208,0.628775,0.090961,0.882453,0.077268,0.171223,0.702494,0.603137,0.693423,0.420115,0.829291,0.490484,0.336610,0.328820,0.579725,0.524466,0.935639,0.722210,0.132711,0.360690,0.361224,0.893711,0.300038,0.080322,0.241211,0.477779,0.737200,0.044269,0.175911,0.440230,0.575574,0.565119,0.069005,0.666535,0.447572,0.146273],
[0.837758,0.150066,0.749410,0.531181,0.570181,0.578700,0.021665,0.906792,0.907521,0.601391,0.431258,0.843159,0.323600,0.563969,0.203850,0.684824,0.457680,0.503888,0.765146,0.698891,0.981667,0.502346,0.743160,0.157578,0.942576,0.318734,0.722697,0.011581,0.985269,0.170269,0.157853,0.823027,0.320335,0.907263,0.354208,0.890516,0.485963,0.375874,0.797308,0.393484],
[0.977264,0.228566,0.236643,0.300865,0.792535,0.440493,0.985689,0.250215,0.944380,0.750834,0.949106,0.926047,0.253180,0.692266,0.083626,0.195756,0.011000,0.806323,0.207337,0.996269,0.976592,0.365191,0.819295,0.296927,0.272454,0.173504,0.187443,0.758417,0.549378,0.984751,0.151901,0.526642,0.213317,0.388544,0.827507,0.005852,0.829037,0.813195,0.256068,0.773417],
[0.564030,0.205174,0.699465,0.817210,0.897440,0.783090,0.012966,0.908440,0.589413,0.220304,0.904708,0.566005,0.585494,0.724004,0.862932,0.857948,0.897507,0.050376,0.616364,0.446885,0.035127,0.768265,0.973527,0.248444,0.156809,0.801033,0.254296,0.985846,0.614229,0.510364,0.759263,0.178258,0.715537,0.458728,0.995469,0.612977,0.241818,0.008435,0.521417,0.831231],
[0.228739,0.426126,0.397236,0.814233,0.150129,0.260169,0.672180,0.047637,0.310544,0.288544,0.494522,0.345671,0.056810,0.468049,0.594114,0.213618,0.269082,0.848411,0.199464,0.883311,0.358774,0.958727,0.061569,0.074312,0.417455,0.057038,0.687289,0.659273,0.065473,0.208706,0.490505,0.294212,0.634832,0.887741,0.108444,0.784961,0.147909,0.780624,0.832598,0.458453],
[0.069169,0.327119,0.804124,0.125978,0.795168,0.398239,0.339597,0.064250,0.246649,0.539061,0.947561,0.605423,0.497788,0.009130,0.679735,0.915243,0.066168,0.367024,0.574517,0.131641,0.575730,0.065021,0.425852,0.210562,0.952762,0.534297,0.995523,0.100672,0.314921,0.828120,0.559125,0.384090,0.155240,0.363249,0.510068,0.950408,0.761488,0.849665,0.014658,0.008137],
[0.388725,0.962219,0.613560,0.886514,0.971349,0.293295,0.801757,0.037517,0.660319,0.376274,0.169158,0.236049,0.441295,0.595010,0.446611,0.394058,0.129307,0.442134,0.494729,0.444227,0.270254,0.053854,0.828317,0.425494,0.417103,0.338385,0.375902,0.178591,0.188049,0.390560,0.186728,0.576775,0.352778,0.800289,0.463289,0.324127,0.093584,0.265046,0.361644,0.753904],
[0.641320,0.530801,0.989953,0.082616,0.125811,0.436564,0.476673,0.255118,0.878698,0.971402,0.699345,0.148952,0.025257,0.527662,0.574447,0.442360,0.866047,0.950349,0.620951,0.054096,0.340908,0.807680,0.630871,0.693687,0.607969,0.094160,0.017814,0.701553,0.359206,0.379457,0.455456,0.000526,0.910258,0.445409,0.083141,0.036069,0.881973,0.559814,0.291187,0.760671],
[0.531217,0.990532,0.909624,0.556473,0.518194,0.484070,0.998834,0.384241,0.434419,0.619785,0.438337,0.775327,0.427465,0.069208,0.469014,0.035433,0.163368,0.486827,0.736986,0.522573,0.866284,0.192443,0.523099,0.776542,0.637852,0.606240,0.812612,0.519825,0.166055,0.103798,0.280497,0.697272,0.094330,0.190121,0.253745,0.612524,0.674191,0.252579,0.996765,0.108610],
[0.872364,0.435102,0.883937,0.299828,0.504310,0.352951,0.335262,0.667678,0.839778,0.072248,0.190251,0.706062,0.264691,0.713350,0.482605,0.902543,0.319591,0.295216,0.422368,0.485646,0.399015,0.702865,0.182918,0.493345,0.892986,0.436663,0.105870,0.567177,0.689242,0.102635,0.675787,0.561605,0.537737,0.559724,0.861434,0.042047,0.912674,0.196696,0.709725,0.752452],
[0.268944,0.899976,0.458515,0.533635,0.613326,0.941119,0.436178,0.932917,0.236336,0.858546,0.418563,0.635351,0.561411,0.601480,0.128696,0.454397,0.038143,0.234566,0.021574,0.727385,0.337200,0.697361,0.288991,0.874937,0.257084,0.150424,0.916984,0.169759,0.347120,0.626709,0.922211,0.616064,0.526685,0.380726,0.149699,0.140011,0.321845,0.585876,0.072928,0.558181],
[0.444422,0.491491,0.193531,0.005833,0.092972,0.322227,0.460231,0.131115,0.556793,0.481805,0.858500,0.893993,0.179165,0.147491,0.768930,0.436250,0.297915,0.685914,0.606009,0.645035,0.312623,0.528220,0.261099,0.839308,0.908945,0.410797,0.979319,0.230791,0.996674,0.052248,0.788971,0.441096,0.543739,0.982503,0.446929,0.636711,0.304730,0.907160,0.767826,0.861523],
[0.388964,0.626326,0.755516,0.568130,0.773816,0.524447,0.004380,0.071731,0.210361,0.610388,0.716767,0.522985,0.138608,0.977865,0.362293,0.047553,0.388663,0.341612,0.278344,0.385336,0.393860,0.067315,0.826432,0.937599,0.049818,0.273361,0.574309,0.354548,0.180521,0.342135,0.216071,0.569485,0.968461,0.971588,0.137615,0.742277,0.496035,0.141994,0.814009,0.706396],
[0.752383,0.530775,0.229381,0.890990,0.508641,0.591673,0.938544,0.897304,0.933286,0.216888,0.282640,0.327146,0.284203,0.109072,0.264744,0.334021,0.382433,0.839054,0.688569,0.562954,0.181189,0.904641,0.132439,0.149650,0.876229,0.270053,0.891927,0.372263,0.412048,0.705936,0.078659,0.164430,0.236712,0.308040,0.055421,0.745353,0.899713,0.993965,0.642656,0.832999],
[0.210852,0.925296,0.160144,0.495055,0.034368,0.424889,0.829077,0.416801,0.263943,0.517646,0.979755,0.445132,0.422287,0.112193,0.594782,0.298515,0.382247,0.486709,0.670778,0.794295,0.192646,0.749437,0.958725,0.429358,0.057477,0.014146,0.174710,0.957190,0.008110,0.817366,0.790189,0.218963,0.742663,0.950333,0.714018,0.777031,0.375222,0.543095,0.193832,0.639165],
[0.060741,0.173586,0.084297,0.483027,0.285779,0.679079,0.781543,0.668026,0.165788,0.452321,0.462321,0.358434,0.201758,0.421045,0.787792,0.259235,0.435191,0.962502,0.216425,0.443302,0.779868,0.006614,0.662265,0.522531,0.956947,0.376283,0.299562,0.332169,0.919378,0.493393,0.971334,0.980119,0.666979,0.055631,0.463146,0.952759,0.734709,0.244688,0.620785,0.900497],
[0.697009,0.083105,0.258931,0.898768,0.504151,0.046723,0.158003,0.939342,0.009225,0.374428,0.382644,0.789093,0.381042,0.044908,0.311624,0.337990,0.421191,0.611185,0.670159,0.340569,0.104578,0.641493,0.320687,0.771558,0.697124,0.783833,0.724316,0.431833,0.028522,0.345101,0.332330,0.725531,0.428206,0.591262,0.624298,0.932357,0.637984,0.782301,0.871699,0.647209],
[0.156730,0.254342,0.436302,0.537772,0.299250,0.747925,0.875761,0.720442,0.359111,0.545920,0.061011,0.463689,0.187413,0.381698,0.235247,0.884537,0.165531,0.959563,0.316370,0.194053,0.304664,0.648700,0.919584,0.732869,0.239962,0.543882,0.665226,0.877946,0.326184,0.536925,0.525155,0.482913,0.791267,0.961457,0.020685,0.090517,0.709382,0.896446,0.810959,0.068493],
[0.442367,0.871969,0.532182,0.629780,0.253667,0.767429,0.514317,0.419199,0.726991,0.830686,0.613251,0.031655,0.479386,0.532835,0.764524,0.719348,0.076718,0.429751,0.597294,0.402901,0.966675,0.122449,0.885815,0.757942,0.083906,0.906500,0.848459,0.793288,0.802946,0.659418,0.861781,0.245313,0.531388,0.393963,0.875093,0.785055,0.161391,0.389409,0.204253,0.888383],
[0.220095,0.817505,0.920038,0.699482,0.350340,0.684562,0.418830,0.427058,0.114313,0.016123,0.829959,0.080988,0.138572,0.715774,0.838930,0.222478,0.622273,0.687389,0.015765,0.425220,0.346808,0.877546,0.670532,0.878195,0.271509,0.545625,0.663250,0.432900,0.935034,0.867503,0.321283,0.155130,0.685008,0.241320,0.854611,0.035348,0.925883,0.273441,0.462406,0.040195],
[0.289564,0.292365,0.121183,0.428137,0.008139,0.960114,0.650614,0.630413,0.647503,0.666380,0.055632,0.994311,0.543926,0.726165,0.872506,0.815434,0.271790,0.535756,0.248334,0.206824,0.403259,0.569617,0.361953,0.088268,0.810937,0.216565,0.123616,0.736820,0.490006,0.586022,0.777015,0.779570,0.878388,0.898198,0.207706,0.886527,0.858312,0.858321,0.516940,0.505815],
[0.524700,0.572572,0.500126,0.068626,0.298736,0.372632,0.884060,0.570526,0.908388,0.132394,0.777350,0.311647,0.702011,0.139303,0.399915,0.512948,0.355868,0.523531,0.249768,0.845873,0.109553,0.026783,0.625443,0.987940,0.924981,0.833149,0.874467,0.783293,0.691470,0.391407,0.289108,0.216171,0.963978,0.789234,0.284797,0.262715,0.161866,0.168857,0.833241,0.070253],
[0.301251,0.610591,0.381900,0.003263,0.749894,0.781815,0.516211,0.105761,0.305346,0.765979,0.951634,0.414898,0.792761,0.577077,0.402838,0.717742,0.410227,0.277305,0.501035,0.101697,0.668712,0.790143,0.317867,0.632690,0.579377,0.602664,0.895405,0.741243,0.771521,0.728646,0.811496,0.072772,0.339237,0.193396,0.076035,0.089130,0.975211,0.592246,0.194891,0.280557],
[0.358224,0.146526,0.695455,0.150986,0.723603,0.098293,0.868728,0.133829,0.375599,0.369763,0.235526,0.044310,0.159906,0.553393,0.677000,0.739283,0.156057,0.572405,0.480526,0.927578,0.301051,0.292022,0.000351,0.640288,0.485418,0.076386,0.729418,0.460629,0.668631,0.924310,0.741186,0.026856,0.070835,0.436641,0.177841,0.794438,0.534935,0.046569,0.928267,0.910533],
[0.416332,0.163793,0.954844,0.576238,0.717187,0.631844,0.315521,0.873244,0.204250,0.796047,0.800822,0.505301,0.088069,0.801173,0.145589,0.573487,0.877558,0.875007,0.034116,0.546190,0.799317,0.775303,0.573045,0.870152,0.211944,0.750887,0.664590,0.746879,0.797456,0.592857,0.657412,0.213788,0.756650,0.612256,0.790026,0.473837,0.244100,0.105547,0.347082,0.448350],
[0.901595,0.147904,0.953651,0.989663,0.949077,0.099240,0.563150,0.826635,0.974247,0.597267,0.372825,0.773564,0.372569,0.945871,0.643716,0.584513,0.696757,0.308306,0.331392,0.494213,0.901163,0.988805,0.708001,0.657813,0.601061,0.498027,0.131651,0.845161,0.603574,0.478732,0.293511,0.505169,0.626636,0.247161,0.494832,0.575713,0.346401,0.057983,0.402349,0.320648],
[0.655249,0.775174,0.094212,0.027818,0.721045,0.737928,0.612332,0.417802,0.046234,0.943724,0.912015,0.947397,0.932529,0.620016,0.605211,0.533590,0.118043,0.736861,0.378751,0.721618,0.215594,0.672262,0.226787,0.842230,0.919423,0.721619,0.417944,0.265824,0.779602,0.820292,0.586472,0.434851,0.595466,0.680684,0.462670,0.316511,0.418613,0.075001,0.734313,0.464847],
[0.018726,0.646328,0.412244,0.951255,0.266345,0.017455,0.484845,0.384388,0.754316,0.863596,0.106006,0.969910,0.535857,0.332793,0.812140,0.455280,0.054412,0.230084,0.721104,0.834014,0.050376,0.307576,0.268865,0.645842,0.988260,0.731535,0.962353,0.406873,0.806536,0.696666,0.871719,0.825262,0.342994,0.283963,0.776517,0.609339,0.301418,0.261362,0.993728,0.055734],
[0.124958,0.099734,0.025644,0.660815,0.432527,0.837784,0.116095,0.486939,0.067868,0.837199,0.320953,0.118244,0.144775,0.589819,0.764086,0.133035,0.321353,0.726439,0.539907,0.127889,0.423105,0.411626,0.953151,0.766099,0.695590,0.729668,0.375438,0.997008,0.991030,0.369166,0.052742,0.115988,0.468900,0.078386,0.776802,0.901427,0.916170,0.892897,0.388367,0.984038]],
[[0.730096,0.709320,0.102281,0.874871,0.299139,0.866367,0.007905,0.620492,0.592806,0.547812,0.748382,0.015911,0.959439,0.701533,0.782010,0.655028,0.431201,0.157448,0.652036,0.422231,0.526614,0.704778,0.538219,0.995514,0.783164,0.315021,0.896942,0.699334,0.207918,0.285308,0.683371,0.938014,0.994628,0.785653,0.812885,0.293767,0.652020,0.820790,0.914259,0.244826],
[0.368602,0.662641,0.260737,0.328041,0.364174,0.042746,0.983069,0.795375,0.200195,0.635105,0.217606,0.726809,0.339883,0.755825,0.722323,0.123047,0.070846,0.619265,0.822380,0.278765,0.904573,0.505752,0.216779,0.899202,0.291405,0.029665,0.192969,0.943425,0.850455,0.107228,0.188251,0.219057,0.769869,0.448988,0.547098,0.134043,0.491734,0.530167,0.929418,0.691929],
[0.165273,0.147024,0.418738,0.505156,0.902850,0.141061,0.628203,0.973696,0.760326,0.450583,0.252461,0.664899,0.956335,0.469241,0.564101,0.247740,0.498905,0.757070,0.191165,0.349360,0.864298,0.379416,0.568417,0.634167,0.828404,0.115515,0.768210,0.320138,0.645682,0.697628,0.012067,0.810955,0.844653,0.430805,0.316110,0.747502,0.571866,0.944313,0.721199,0.332192],
[0.394896,0.973660,0.997091,0.351231,0.442901,0.561192,0.598971,0.941806,0.318262,0.790135,0.291166,0.182560,0.169551,0.859583,0.816727,0.997955,0.975097,0.584937,0.318094,0.620779,0.282565,0.330161,0.431734,0.127218,0.760966,0.747844,0.874720,0.332832,0.692157,0.595919,0.665025,0.087053,0.569579,0.662116,0.438284,0.012479,0.223308,0.037254,0.954285,0.541570],
[0.827390,0.245450,0.724131,0.996941,0.105033,0.540858,0.994896,0.080130,0.125796,0.312990,0.700910,0.408361,0.643151,0.132644,0.535579,0.404117,0.880488,0.410299,0.736949,0.572645,0.006218,0.401974,0.659698,0.575797,0.064090,0.097982,0.588276,0.287398,0.135236,0.542561,0.828968,0.962626,0.788011,0.553099,0.959567,0.893044,0.093957,0.954463,0.973175,0.219753],
[0.267453,0.674084,0.628114,0.910603,0.806728,0.163693,0.314720,0.687216,0.573993,0.051670,0.259861,0.580211,0.453643,0.919560,0.156008,0.517733,0.017541,0.744283,0.805131,0.152777,0.286844,0.634099,0.115403,0.074855,0.187198,0.074970,0.967899,0.281156,0.029433,0.941074,0.500909,0.296885,0.615158,0.129023,0.207489,0.421886,0.292716,0.522209,0.109103,0.866709],
[0.573879,0.368964,0.446920,0.027522,0.288524,0.602928,0.545255,0.306065,0.347211,0.350385,0.458842,0.634055,0.984484,0.574245,0.708910,0.171683,0.649215,0.676809,0.452838,0.678648,0.617883,0.953747,0.975533,0.233042,0.082770,0.183022,0.654928,0.375486,0.705231,0.764031,0.242195,0.279110,0.132995,0.689115,0.306632,0.421519,0.292043,0.851886,0.727584,0.639254],
[0.202272,0.186426,0.273309,0.186756,0.760672,0.982219,0.358439,0.409887,0.659028,0.811277,0.088535,0.276912,0.765024,0.064068,0.509953,0.847793,0.247090,0.164881,0.223279,0.952321,0.928912,0.465474,0.231431,0.061907,0.154590,0.538062,0.483426,0.446632,0.389949,0.211010,0.085886,0.592220,0.397436,0.359195,0.778976,0.158108,0.341414,0.137415,0.567995,0.000442],
[0.948692,0.656529,0.277354,0.713715,0.720597,0.787307,0.561508,0.967687,0.952189,0.784788,0.920008,0.881101,0.250262,0.151438,0.943008,0.404852,0.689501,0.426434,0.851484,0.079449,0.637444,0.937370,0.671670,0.034880,0.296565,0.450646,0.192987,0.637979,0.588061,0.760982,0.638421,0.536753,0.417511,0.915775,0.250468,0.138108,0.703082,0.811976,0.105795,0.655271],
[0.596764,0.025803,0.536371,0.847026,0.177242,0.479379,0.251878,0.866742,0.905813,0.103362,0.946192,0.543256,0.040732,0.617861,0.578136,0.337297,0.068507,0.771124,0.975276,0.656568,0.532106,0.613697,0.193321,0.949617,0.529472,0.443788,0.087726,0.232554,0.255765,0.193521,0.887824,0.852528,0.219324,0.424195,0.699555,0.396566,0.903575,0.951433,0.263308,0.809387],
[0.054795,0.209499,0.352644,0.095527,0.827360,0.930780,0.432824,0.895868,0.701904,0.408100,0.552436,0.234009,0.021797,0.745756,0.183626,0.551268,0.189545,0.271352,0.783822,0.445309,0.464873,0.671646,0.297838,0.684197,0.095842,0.997392,0.080762,0.999416,0.948825,0.344070,0.808804,0.003620,0.553569,0.161448,0.099147,0.380930,0.092228,0.531971,0.276798,0.794131],
[0.940072,0.829233,0.028141,0.961869,0.574990,0.211767,0.513137,0.764534,0.483119,0.296959,0.209843,0.947992,0.968606,0.507681,0.632189,0.064447,0.505073,0.712951,0.063864,0.453898,0.057021,0.872667,0.457518,0.610591,0.034115,0.556666,0.991521,0.126343,0.088637,0.268318,0.920474,0.028709,0.097551,0.948615,0.990577,0.672541,0.160382,0.503714,0.437075,0.643501],
[0.800674,0.646919,0.591493,0.769279,0.154600,0.223682,0.833726,0.659673,0.936633,0.897590,0.113572,0.993654,0.770257,0.571090,0.604245,0.804372,0.127756,0.595766,0.930715,0.216393,0.864084,0.851189,0.245101,0.961635,0.799803,0.235679,0.634176,0.960185,0.739393,0.071251,0.603686,0.540066,0.718170,0.195179,0.309345,0.872770,0.418861,0.143072,0.532443,0.355494],
[0.040662,0.646015,0.349148,0.810919,0.217105,0.953393,0.615291,0.344861,0.549158,0.546006,0.561254,0.413242,0.397194,0.806355,0.374877,0.196998,0.042034,0.009054,0.157183,0.781426,0.080305,0.760869,0.321493,0.798475,0.956048,0.630838,0.671245,0.374909,0.773910,0.203688,0.730403,0.814572,0.849703,0.079551,0.625491,0.066808,0.032944,0.240781,0.411669,0.582102],
[0.786787,0.972923,0.995344,0.183981,0.779278,0.370222,0.380979,0.821311,0.379275,0.538162,0.602738,0.459580,0.299031,0.924230,0.258055,0.255079,0.555069,0.929300,0.629989,0.328979,0.132988,0.360392,0.143551,0.982691,0.439943,0.769041,0.049499,0.472887,0.009822,0.461168,0.054989,0.796609,0.434091,0.050333,0.980591,0.213368,0.420555,0.361570,0.034679,0.799831],
[0.899731,0.637417,0.259411,0.198762,0.561647,0.517466,0.453842,0.116716,0.446766,0.083831,0.445695,0.579754,0.444223,0.589245,0.562445,0.884165,0.358286,0.611944,0.357052,0.368109,0.073112,0.412041,0.164718,0.507202,0.462374,0.145309,0.720571,0.882929,0.506879,0.755250,0.682760,0.406610,0.392667,0.942170,0.605372,0.954314,0.459636,0.059214,0.071030,0.906402],
[0.143045,0.516724,0.486156,0.587267,0.105970,0.048601,0.471433,0.464256,0.660545,0.828484,0.832365,0.733657,0.240525,0.997083,0.240859,0.702899,0.142392,0.961430,0.585828,0.649271,0.716679,0.268587,0.055881,0.109346,0.210758,0.661253,0.063659,0.670394,0.720467,0.134689,0.576796,0.863512,0.651413,0.062953,0.450779,0.757383,0.111554,0.922212,0.221639,0.772098],
[0.750696,0.054003,0.505755,0.991221,0.051086,0.746614,0.694120,0.193478,0.708043,0.279948,0.842749,0.424723,0.548535,0.898630,0.534069,0.759293,0.559882,0.597728,0.429687,0.280349,0.732417,0.006484,0.143861,0.383830,0.069436,0.594640,0.141213,0.180990,0.516851,0.362852,0.953088,0.267548,0.416855,0.458843,0.258769,0.467941,0.205457,0.952889,0.661420,0.913500],
[0.232836,0.504169,0.338223,0.781372,0.402798,0.872292,0.540665,0.962681,0.470020,0.970352,0.243030,0.202437,0.976836,0.386891,0.586267,0.046272,0.981531,0.727480,0.227262,0.498382,0.090332,0.180350,0.765930,0.507187,0.639193,0.024698,0.975128,0.844650,0.977587,0.636548,0.758150,0.210423,0.140717,0.096374,0.991795,0.543515,0.968665,0.532460,0.506195,0.438685],
[0.502812,0.749225,0.641122,0.479647,0.136116,0.227389,0.525919,0.117647,0.954869,0.753181,0.616029,0.045201,0.933531,0.381958,0.552387,0.572724,0.406657,0.527515,0.417373,0.384243,0.164063,0.175524,0.594667,0.304780,0.271897,0.586462,0.848294,0.240563,0.118922,0.354490,0.679248,0.621734,0.103715,0.320370,0.101381,0.239831,0.547758,0.627300,0.357478,0.502627],
[0.380481,0.973507,0.547828,0.314011,0.355465,0.100216,0.886735,0.762121,0.627731,0.304108,0.146365,0.791794,0.479632,0.741032,0.096574,0.751530,0.327493,0.944868,0.992092,0.446415,0.299358,0.671340,0.068149,0.403073,0.991710,0.169530,0.642904,0.539468,0.796830,0.000382,0.042096,0.177311,0.973889,0.589924,0.491322,0.329354,0.690139,0.378057,0.091475,0.317870],
[0.682166,0.237840,0.109664,0.161798,0.978871,0.206238,0.913328,0.306365,0.151105,0.905420,0.752780,0.450463,0.576760,0.820929,0.853536,0.568470,0.990459,0.496441,0.107938,0.787289,0.496823,0.150034,0.964599,0.470711,0.739958,0.455922,0.800065,0.430097,0.833979,0.891540,0.747967,0.516144,0.129380,0.857631,0.677942,0.108251,0.063868,0.591270,0.414616,0.214974],
[0.496691,0.167396,0.665437,0.073451,0.988325,0.518974,0.641921,0.978784,0.015414,0.749860,0.766072,0.512237,0.899893,0.730672,0.982948,0.639851,0.186593,0.783013,0.069948,0.020572,0.674553,0.817915,0.536717,0.803933,0.675546,0.214659,0.912184,0.739414,0.805929,0.326801,0.954388,0.302620,0.494197,0.619825,0.376071,0.482522,0.138799,0.017992,0.461306,0.154213],
[0.767852,0.227378,0.666450,0.667745,0.958050,0.649399,0.307596,0.144644,0.432412,0.377544,0.165216,0.106965,0.195459,0.701932,0.910898,0.871005,0.916591,0.823083,0.610419,0.722520,0.149883,0.564807,0.025140,0.644080,0.184632,0.401211,0.126603,0.323431,0.419203,0.587909,0.477645,0.187055,0.815287,0.144095,0.854800,0.773337,0.793493,0.162396,0.917981,0.225905],
[0.539940,0.083197,0.332870,0.735399,0.785129,0.243769,0.606404,0.701720,0.066852,0.216822,0.424241,0.216735,0.781629,0.449381,0.860815,0.966262,0.850592,0.987418,0.289693,0.269795,0.575327,0.767338,0.456850,0.390614,0.911433,0.311650,0.163951,0.704926,0.474045,0.081932,0.930831,0.013985,0.165129,0.263702,0.749384,0.950258,0.507471,0.355788,0.651979,0.574322],
[0.572611,0.076219,0.791057,0.354240,0.525600,0.651873,0.320502,0.376193,0.639291,0.610195,0.645988,0.214618,0.377533,0.102838,0.605231,0.288966,0.414487,0.769183,0.993892,0.888532,0.851115,0.924723,0.902518,0.016244,0.188425,0.651902,0.966503,0.695895,0.007690,0.618481,0.270218,0.580301,0.694701,0.061275,0.934541,0.220301,0.713148,0.255043,0.596494,0.352438],
[0.865238,0.242481,0.567056,0.242771,0.345319,0.172287,0.531736,0.759806,0.941470,0.525628,0.648338,0.792585,0.450351,0.550856,0.808830,0.638776,0.202759,0.775332,0.334671,0.210449,0.393813,0.604889,0.790750,0.088514,0.666164,0.725290,0.308815,0.379311,0.980333,0.905309,0.731750,0.845571,0.147790,0.298806,0.088341,0.493109,0.471093,0.620077,0.252915,0.412563],
[0.145705,0.901254,0.205149,0.596056,0.452110,0.013978,0.234831,0.654869,0.789311,0.569502,0.865317,0.183124,0.174391,0.656067,0.271638,0.840555,0.381357,0.580453,0.219866,0.361690,0.485762,0.951616,0.207261,0.633552,0.250422,0.295602,0.126662,0.721515,0.915680,0.379577,0.134078,0.061385,0.280830,0.339227,0.657440,0.732940,0.353205,0.892272,0.387809,0.142516],
[0.461774,0.253126,0.325640,0.636165,0.909193,0.597278,0.476720,0.290551,0.177732,0.696587,0.652241,0.663494,0.648203,0.859502,0.297046,0.898624,0.155105,0.423708,0.620139,0.070784,0.803284,0.754218,0.132169,0.084115,0.093444,0.789609,0.817055,0.446650,0.681881,0.204864,0.589166,0.143655,0.457990,0.914805,0.779821,0.367183,0.512084,0.256541,0.657734,0.689815],
[0.953128,0.309975,0.353309,0.601330,0.169477,0.650355,0.499955,0.324582,0.074063,0.120094,0.395366,0.877347,0.874312,0.527535,0.961462,0.967756,0.317144,0.778517,0.414406,0.999025,0.983380,0.003571,0.142680,0.441370,0.918377,0.922501,0.808553,0.430461,0.179042,0.466286,0.120276,0.132170,0.776261,0.473585,0.733500,0.945738,0.123940,0.233455,0.270320,0.198002],
[0.353549,0.665686,0.075349,0.227861,0.193220,0.036811,0.195617,0.510364,0.815327,0.610023,0.509389,0.798708,0.613595,0.652069,0.240078,0.531971,0.574570,0.048630,0.962432,0.753612,0.514917,0.082708,0.885781,0.291178,0.556292,0.619282,0.236916,0.680232,0.852737,0.507236,0.878234,0.206286,0.172922,0.953584,0.434147,0.366142,0.990394,0.629765,0.876507,0.805722],
[0.239788,0.385896,0.604430,0.853383,0.037965,0.844507,0.385354,0.612534,0.893138,0.347786,0.366146,0.408055,0.430494,0.251928,0.699233,0.986786,0.871209,0.936149,0.667018,0.723946,0.443385,0.545253,0.930232,0.616307,0.498836,0.364379,0.982450,0.489231,0.994144,0.858956,0.294952,0.233932,0.244852,0.899382,0.087315,0.282816,0.743889,0.472669,0.895351,0.637027],
[0.820455,0.261497,0.045081,0.250949,0.513425,0.744314,0.237735,0.384634,0.680463,0.904754,0.108580,0.123849,0.450006,0.038812,0.740156,0.948842,0.403191,0.722606,0.438073,0.397335,0.581562,0.733025,0.631268,0.826414,0.632407,0.718582,0.109231,0.376296,0.191251,0.004582,0.013323,0.011706,0.266079,0.058404,0.262655,0.779504,0.802718,0.500390,0.164138,0.483182],
[0.405144,0.272717,0.607030,0.855150,0.311530,0.347186,0.803992,0.714721,0.069792,0.242065,0.112056,0.651354,0.975090,0.743324,0.477769,0.607497,0.461906,0.586999,0.983794,0.653157,0.591581,0.997117,0.664863,0.857660,0.055521,0.927518,0.637163,0.858240,0.427908,0.801301,0.341421,0.833052,0.074018,0.948452,0.688201,0.385548,0.295638,0.492194,0.100269,0.365430],
[0.734258,0.212325,0.016784,0.709349,0.955649,0.494553,0.316846,0.417555,0.081552,0.300640,0.070713,0.673133,0.297757,0.735576,0.530793,0.353278,0.663094,0.167956,0.211518,0.091002,0.969257,0.552939,0.924054,0.043275,0.501391,0.612255,0.428823,0.797029,0.104449,0.529092,0.162459,0.838707,0.741417,0.179243,0.548056,0.697066,0.673796,0.864902,0.114622,0.755348],
[0.165542,0.185334,0.428481,0.463298,0.920910,0.959274,0.816577,0.584004,0.127230,0.028095,0.675006,0.096487,0.581034,0.599060,0.139762,0.082425,0.211315,0.568585,0.879454,0.315763,0.097677,0.041912,0.154471,0.839094,0.221155,0.702526,0.536160,0.894951,0.567428,0.650782,0.650299,0.732969,0.836116,0.078780,0.196268,0.757026,0.038054,0.012844,0.341030,0.165284],
[0.040939,0.016036,0.261771,0.621973,0.615095,0.401533,0.704398,0.826410,0.970118,0.583852,0.142174,0.067796,0.625765,0.296644,0.906890,0.846920,0.999170,0.443050,0.741871,0.566598,0.093832,0.392170,0.299568,0.929948,0.470949,0.495836,0.686974,0.509003,0.508680,0.028004,0.674287,0.549619,0.044040,0.936057,0.171592,0.659135,0.337591,0.875991,0.485546,0.307709],
[0.459843,0.627719,0.375505,0.085608,0.924363,0.282394,0.932528,0.923534,0.725444,0.674399,0.490132,0.819276,0.066569,0.789699,0.749224,0.537518,0.285535,0.436198,0.046521,0.794215,0.464202,0.720807,0.343834,0.508242,0.656865,0.515426,0.167377,0.994455,0.391417,0.652923,0.302164,0.851261,0.280642,0.677669,0.936869,0.205005,0.960063,0.869397,0.128539,0.685507],
[0.543796,0.618671,0.504783,0.610364,0.408370,0.254006,0.147882,0.693905,0.690204,0.194403,0.488120,0.154406,0.915210,0.831954,0.662648,0.572075,0.347381,0.830025,0.566530,0.738798,0.482948,0.868694,0.590059,0.763590,0.546363,0.526927,0.968595,0.506426,0.396324,0.097134,0.191933,0.940120,0.715805,0.696716,0.550485,0.124175,0.950722,0.698367,0.818080,0.640927],
[0.892770,0.306201,0.795333,0.807980,0.138155,0.457980,0.380054,0.485535,0.288005,0.946584,0.224333,0.770953,0.815279,0.814392,0.534543,0.361642,0.341319,0.503138,0.868068,0.737643,0.600273,0.060001,0.677763,0.316078,0.756717,0.228248,0.440253,0.707439,0.926615,0.258334,0.348366,0.819385,0.564534,0.143698,0.627364,0.702689,0.601679,0.007419,0.188224,0.889684]],
[[0.954003,0.412557,0.660637,0.769282,0.226949,0.195180,0.130924,0.568268,0.698318,0.998992,0.305911,0.298591,0.058993,0.983674,0.614669,0.815710,0.211922,0.054923,0.523149,0.138537,0.313256,0.871515,0.957922,0.877791,0.015213,0.585286,0.580479,0.616892,0.592705,0.768703,0.506576,0.546708,0.181261,0.167213,0.315990,0.408210,0.362393,0.446914,0.976477,0.060711],
[0.445906,0.282388,0.359302,0.504899,0.266063,0.973972,0.320608,0.477985,0.028894,0.843757,0.616523,0.342150,0.715272,0.574444,0.219941,0.730485,0.159730,0.800420,0.347377,0.752435,0.569124,0.853953,0.299144,0.750385,0.021165,0.615134,0.158594,0.383558,0.062048,0.135071,0.444269,0.507954,0.417460,0.803571,0.012852,0.683523,0.777543,0.333460,0.161508,0.806437],
[0.177218,0.778031,0.148587,0.892490,0.352475,0.368528,0.622975,0.512206,0.168949,0.970352,0.264641,0.738073,0.824305,0.563784,0.488457,0.845471,0.178918,0.647051,0.229029,0.240966,0.782123,0.673298,0.748920,0.199583,0.476869,0.761772,0.883105,0.254412,0.095232,0.044614,0.060849,0.272450,0.822644,0.209437,0.164940,0.175119,0.577965,0.787915,0.687325,0.746914],
[0.758267,0.951966,0.484986,0.582573,0.515750,0.973443,0.428043,0.694669,0.620494,0.657072,0.935635,0.402617,0.330369,0.684554,0.602199,0.807238,0.446326,0.485305,0.061651,0.541558,0.529919,0.122500,0.814008,0.352563,0.331936,0.978948,0.527682,0.909901,0.766863,0.215007,0.656815,0.525130,0.166973,0.141801,0.107703,0.682724,0.115244,0.535746,0.377393,0.735739],
[0.192818,0.313027,0.138355,0.523187,0.997582,0.740555,0.330426,0.443907,0.225860,0.392076,0.985465,0.755778,0.514576,0.799473,0.108341,0.846512,0.778421,0.636024,0.756413,0.545284,0.851031,0.413228,0.070414,0.018005,0.555029,0.178116,0.700729,0.670273,0.713862,0.078121,0.406011,0.906680,0.391149,0.544367,0.429867,0.388730,0.284922,0.760292,0.832637,0.510782],
[0.152369,0.818103,0.266560,0.666944,0.617576,0.374902,0.513456,0.395997,0.010926,0.269869,0.941281,0.861957,0.683097,0.011695,0.879962,0.238126,0.189811,0.580691,0.908399,0.903674,0.658812,0.314410,0.810354,0.049960,0.858777,0.240221,0.438690,0.143699,0.000513,0.271328,0.654481,0.152882,0.089431,0.921041,0.819826,0.707007,0.295943,0.333282,0.103005,0.306869],
[0.603151,0.044286,0.168826,0.286248,0.055981,0.048787,0.524374,0.245792,0.629478,0.432772,0.149466,0.288290,0.747183,0.959819,0.338250,0.605960,0.200040,0.776940,0.749659,0.200553,0.048268,0.404140,0.353435,0.137699,0.325181,0.173260,0.844706,0.621124,0.506542,0.947711,0.927992,0.109693,0.991996,0.096818,0.395941,0.047977,0.145605,0.920315,0.293769,0.775083],
[0.353087,0.443235,0.063373,0.100270,0.403055,0.401623,0.706230,0.603095,0.178563,0.455889,0.803648,0.226832,0.860028,0.157082,0.364531,0.185209,0.330343,0.209237,0.806333,0.836885,0.156947,0.734326,0.946578,0.148944,0.831144,0.342519,0.196921,0.976749,0.262835,0.490690,0.751833,0.615922,0.933926,0.815206,0.716192,0.336980,0.216829,0.422422,0.940075,0.395392],
[0.878311,0.743722,0.622224,0.738339,0.900805,0.986754,0.923549,0.231147,0.195991,0.729882,0.068032,0.352939,0.464208,0.014610,0.501882,0.295352,0.357130,0.698804,0.272101,0.619964,0.189494,0.023934,0.235887,0.123419,0.839139,0.952079,0.460400,0.055968,0.374501,0.400474,0.451360,0.252811,0.144197,0.073584,0.991151,0.045001,0.060338,0.914699,0.276149,0.256329],
[0.644581,0.344181,0.609268,0.108789,0.358791,0.111150,0.404140,0.715921,0.809954,0.676241,0.335886,0.999448,0.700175,0.571772,0.122867,0.539314,0.523851,0.583267,0.595282,0.898352,0.983741,0.046642,0.151163,0.127938,0.120226,0.142314,0.172939,0.180564,0.057013,0.449088,0.436894,0.701594,0.793269,0.046162,0.810383,0.152060,0.157312,0.214523,0.867981,0.967266],
[0.890764,0.203867,0.966714,0.590939,0.775639,0.089581,0.130253,0.299490,0.672848,0.725535,0.197841,0.656589,0.772177,0.349004,0.784527,0.892404,0.491318,0.957466,0.072968,0.548331,0.406554,0.509862,0.249925,0.199823,0.556024,0.060307,0.351882,0.713336,0.274831,0.219864,0.680602,0.165595,0.423730,0.647316,0.756534,0.199369,0.736897,0.886788,0.498859,0.409745],
[0.612323,0.696701,0.066335,0.384500,0.045705,0.850862,0.276904,0.537023,0.808329,0.349872,0.085353,0.214883,0.859734,0.335278,0.414705,0.415757,0.395586,0.766588,0.129093,0.670416,0.986451,0.809695,0.836011,0.410182,0.457010,0.592546,0.609551,0.193907,0.479333,0.108410,0.603653,0.091656,0.805111,0.669988,0.476157,0.850815,0.520850,0.753060,0.387838,0.329178],
[0.102932,0.473192,0.544061,0.962666,0.808470,0.958766,0.378424,0.204055,0.725354,0.507517,0.874471,0.711805,0.317211,0.710483,0.121987,0.774222,0.303029,0.731537,0.968129,0.782362,0.839947,0.571782,0.874018,0.645058,0.241769,0.350175,0.495874,0.762619,0.103235,0.883712,0.091797,0.206168,0.356903,0.635858,0.168834,0.165373,0.594625,0.547257,0.369428,0.319979],
[0.054774,0.243900,0.031784,0.371985,0.954383,0.153770,0.146207,0.257411,0.885308,0.114336,0.039773,0.725255,0.686118,0.913792,0.370313,0.927887,0.263967,0.866187,0.690506,0.367202,0.749899,0.782304,0.573370,0.106802,0.418162,0.742204,0.272175,0.012787,0.289461,0.641604,0.332765,0.344235,0.885503,0.364549,0.716221,0.839886,0.518319,0.862428,0.097298,0.403627],
[0.976764,0.137071,0.128882,0.662881,0.050863,0.499196,0.590768,0.314830,0.365383,0.281275,0.682032,0.115281,0.063579,0.255402,0.222083,0.481741,0.997606,0.494258,0.494528,0.287067,0.135862,0.827293,0.631303,0.021365,0.191842,0.347524,0.861252,0.710161,0.209951,0.958549,0.113788,0.186715,0.095621,0.242671,0.849596,0.146484,0.741866,0.440364,0.461313,0.107249],
[0.721639,0.143345,0.222530,0.785218,0.398747,0.444613,0.266959,0.396353,0.938872,0.761486,0.683420,0.074734,0.588779,0.314723,0.096099,0.780621,0.662247,0.957351,0.490782,0.872198,0.915900,0.604570,0.058912,0.011521,0.847241,0.908508,0.158004,0.589107,0.348873,0.619317,0.696356,0.070512,0.762663,0.918886,0.855730,0.161410,0.363500,0.122688,0.557763,0.302371],
[0.884174,0.241183,0.377105,0.472953,0.555906,0.473204,0.253574,0.218153,0.430555,0.744357,0.090351,0.346455,0.348927,0.149263,0.357975,0.196168,0.057772,0.515980,0.785276,0.406644,0.135297,0.481632,0.477156,0.897960,0.400518,0.332886,0.059370,0.764018,0.455574,0.617132,0.066389,0.339748,0.858316,0.443494,0.812702,0.414222,0.916697,0.066276,0.632375,0.347252],
[0.810633,0.722726,0.693707,0.159560,0.871989,0.051682,0.355728,0.929761,0.567662,0.141003,0.336405,0.702959,0.622635,0.813562,0.600919,0.023153,0.146448,0.660288,0.787171,0.602022,0.277421,0.853560,0.941770,0.135736,0.297054,0.754472,0.549958,0.213751,0.820748,0.182333,0.561003,0.631381,0.905059,0.254710,0.790941,0.777048,0.306392,0.146668,0.706809,0.874054],
[0.287672,0.043214,0.577013,0.910307,0.856776,0.177932,0.933461,0.003223,0.838220,0.720632,0.605245,0.115640,0.574192,0.547015,0.251377,0.871246,0.301487,0.801335,0.084997,0.122235,0.983668,0.646000,0.753616,0.888727,0.900710,0.544556,0.665775,0.207103,0.691225,0.372584,0.081157,0.978897,0.415798,0.658170,0.889204,0.272574,0.836101,0.822665,0.275798,0.674321],
[0.543297,0.881043,0.789962,0.117489,0.428058,0.041338,0.988734,0.729545,0.842673,0.073731,0.851780,0.826341,0.719732,0.605396,0.715068,0.620442,0.149953,0.380843,0.827544,0.841178,0.753427,0.908701,0.820074,0.169225,0.566871,0.709278,0.441800,0.402972,0.531943,0.717597,0.077293,0.075240,0.598640,0.867255,0.192728,0.026698,0.908593,0.181463,0.756243,0.751266],
[0.255194,0.608023,0.577607,0.974925,0.213419,0.292675,0.595367,0.363372,0.673518,0.422912,0.204550,0.426945,0.331613,0.024624,0.596171,0.898484,0.733902,0.037970,0.301456,0.265845,0.755568,0.378749,0.341085,0.354207,0.246003,0.533813,0.380905,0.154596,0.715276,0.137148,0.905862,0.970470,0.745171,0.483469,0.945395,0.958591,0.776144,0.540762,0.321963,0.449662],
[0.963674,0.526513,0.876607,0.295287,0.551137,0.472778,0.193771,0.285039,0.510749,0.495226,0.550884,0.266316,0.873975,0.891969,0.620524,0.119978,0.425782,0.001429,0.274574,0.141058,0.138577,0.180436,0.111527,0.883749,0.663905,0.056922,0.842339,0.440049,0.597685,0.164302,0.889711,0.561359,0.690815,0.766318,0.856646,0.241952,0.239096,0.050416,0.526991,0.749845],
[0.545642,0.077875,0.016162,0.419617,0.969844,0.636686,0.539595,0.395627,0.638115,0.814170,0.536685,0.776692,0.994606,0.648212,0.660441,0.658511,0.705135,0.502780,0.098559,0.302819,0.667083,0.988270,0.864178,0.357898,0.754588,0.720824,0.599850,0.993685,0.771240,0.126840,0.743530,0.316882,0.204716,0.759692,0.736499,0.174560,0.396377,0.276095,0.570187,0.034492],
[0.090264,0.106872,0.811184,0.084870,0.755084,0.471625,0.743381,0.460218,0.974405,0.841940,0.763038,0.641488,0.830210,0.627216,0.999386,0.584799,0.348039,0.599235,0.578483,0.119279,0.726076,0.322014,0.436161,0.930791,0.081705,0.172661,0.105351,0.478083,0.448755,0.675538,0.512575,0.539020,0.782410,0.323759,0.623890,0.537494,0.795384,0.367270,0.997712,0.769789],
[0.209211,0.760750,0.411277,0.039421,0.387966,0.410663,0.624219,0.736005,0.009898,0.202703,0.855284,0.735973,0.524717,0.291446,0.666764,0.606422,0.464107,0.772116,0.084505,0.912862,0.447654,0.597080,0.451882,0.230064,0.920839,0.075771,0.767558,0.716223,0.443042,0.765270,0.486012,0.652252,0.526020,0.897289,0.691673,0.913985,0.307951,0.315893,0.649990,0.317849],
[0.518596,0.505275,0.053822,0.043312,0.796721,0.720587,0.649734,0.260827,0.492702,0.734239,0.173689,0.940356,0.331318,0.625571,0.170420,0.252157,0.701342,0.937977,0.968380,0.144384,0.703247,0.454391,0.796636,0.229267,0.351680,0.488310,0.143252,0.659631,0.804202,0.793242,0.977480,0.322798,0.298517,0.031302,0.366110,0.095238,0.751889,0.015844,0.356065,0.244591],
[0.750083,0.529754,0.184947,0.081401,0.155324,0.355367,0.333558,0.856667,0.293345,0.301938,0.001051,0.996592,0.756329,0.797687,0.225859,0.108009,0.285997,0.369111,0.767640,0.090199,0.162353,0.745121,0.412997,0.460870,0.776423,0.779107,0.556107,0.528312,0.794951,0.912172,0.772903,0.545034,0.441926,0.957851,0.626436,0.597250,0.313218,0.959994,0.453917,0.606563],
[0.261931,0.454967,0.603155,0.018260,0.252654,0.829013,0.126269,0.538651,0.198124,0.893910,0.628850,0.360477,0.639030,0.041847,0.821346,0.415453,0.820954,0.377454,0.943766,0.615905,0.289626,0.716669,0.160940,0.731551,0.674519,0.787375,0.328801,0.987737,0.747369,0.782718,0.594300,0.009301,0.237685,0.197455,0.027561,0.490339,0.026468,0.153830,0.028990,0.224592],
[0.047740,0.657840,0.585068,0.686770,0.699687,0.406415,0.102224,0.520641,0.783868,0.045990,0.136546,0.073494,0.762658,0.297486,0.805045,0.437178,0.084862,0.133846,0.424915,0.832231,0.916564,0.019215,0.841531,0.154249,0.216669,0.869092,0.644589,0.243137,0.022923,0.673579,0.467729,0.070663,0.331420,0.052797,0.757433,0.031107,0.459211,0.859657,0.551747,0.243080],
[0.905647,0.688294,0.316573,0.668305,0.985780,0.121618,0.105483,0.070641,0.255465,0.530398,0.902872,0.172029,0.549612,0.744404,0.326279,0.766281,0.613496,0.970868,0.009418,0.636419,0.644447,0.477147,0.707082,0.975866,0.529944,0.464515,0.006973,0.989155,0.324173,0.558721,0.232235,0.229819,0.247014,0.548808,0.898125,0.232794,0.670426,0.003607,0.303435,0.925891],
[0.534005,0.206308,0.097920,0.083617,0.950711,0.424199,0.849898,0.564207,0.395066,0.859317,0.200626,0.039513,0.336463,0.907708,0.015380,0.866407,0.372223,0.022353,0.855562,0.696395,0.581073,0.087796,0.926215,0.828087,0.636604,0.824339,0.060882,0.307031,0.827947,0.364317,0.232922,0.361952,0.570625,0.330842,0.445569,0.521336,0.755041,0.295467,0.085543,0.150107],
[0.154784,0.286168,0.189621,0.491247,0.193876,0.205000,0.357654,0.566099,0.227353,0.213216,0.262494,0.808426,0.301013,0.188709,0.636513,0.937617,0.013048,0.697395,0.244648,0.840995,0.061712,0.477570,0.202947,0.632336,0.808412,0.648516,0.153672,0.563453,0.943983,0.239215,0.713561,0.098768,0.525383,0.903182,0.590015,0.719259,0.108182,0.947669,0.285358,0.335535],
[0.160885,0.547851,0.143961,0.461898,0.736560,0.780474,0.399515,0.749608,0.477869,0.644162,0.590603,0.539581,0.121732,0.793550,0.171918,0.930145,0.442066,0.325590,0.493598,0.386050,0.564804,0.207159,0.484817,0.090187,0.110340,0.074832,0.809446,0.218522,0.022501,0.094804,0.554057,0.183386,0.642655,0.698018,0.645284,0.379215,0.478492,0.044799,0.128824,0.956361],
[0.688961,0.719427,0.495942,0.810694,0.512977,0.667860,0.740838,0.955043,0.993450,0.234436,0.341093,0.558254,0.441595,0.825910,0.648441,0.551935,0.900742,0.457888,0.770457,0.923243,0.552692,0.324514,0.106629,0.195347,0.022532,0.751913,0.574562,0.501024,0.796712,0.703386,0.457385,0.485674,0.422813,0.953327,0.296367,0.935790,0.621187,0.037206,0.890833,0.614637],
[0.271642,0.231926,0.172891,0.713237,0.057835,0.821332,0.265172,0.958577,0.279220,0.035629,0.881820,0.831911,0.360144,0.988449,0.027258,0.382675,0.740362,0.601821,0.883699,0.537075,0.305207,0.341084,0.022748,0.728020,0.294411,0.319116,0.663810,0.915598,0.356321,0.554643,0.530235,0.627963,0.786569,0.703125,0.341200,0.844404,0.524457,0.606372,0.802981,0.803677],
[0.642001,0.684801,0.635589,0.002145,0.673250,0.662847,0.384820,0.413612,0.264668,0.268519,0.950687,0.569875,0.609603,0.973435,0.297895,0.904014,0.292551,0.961705,0.819612,0.648872,0.516348,0.349847,0.276835,0.302917,0.052972,0.618035,0.147321,0.577429,0.224407,0.950302,0.381107,0.866408,0.635103,0.016695,0.868553,0.308353,0.679542,0.253373,0.721965,0.944210],
[0.521893,0.672651,0.514085,0.131496,0.646086,0.811980,0.035510,0.938636,0.773685,0.855123,0.587508,0.290033,0.204969,0.864343,0.592950,0.257941,0.482378,0.740271,0.835371,0.706785,0.690573,0.216477,0.573193,0.325676,0.233172,0.441746,0.634028,0.912715,0.695119,0.355993,0.856925,0.217012,0.028644,0.371010,0.348508,0.674730,0.182991,0.384018,0.613366,0.956676],
[0.239141,0.200875,0.246709,0.444110,0.065218,0.839659,0.702051,0.547597,0.579930,0.537422,0.254382,0.270503,0.753899,0.827575,0.596179,0.987072,0.269321,0.230207,0.899787,0.964440,0.586200,0.756712,0.181452,0.614843,0.127722,0.529960,0.289573,0.310713,0.913979,0.902939,0.267388,0.153119,0.103814,0.514098,0.597230,0.169032,0.353757,0.299281,0.716628,0.933687],
[0.836703,0.971010,0.204190,0.590602,0.798585,0.800369,0.577674,0.067906,0.030576,0.477460,0.032347,0.616775,0.234172,0.213799,0.231619,0.361894,0.743759,0.521192,0.672607,0.657738,0.424131,0.939995,0.810857,0.527945,0.454093,0.408087,0.696977,0.807850,0.707368,0.413605,0.741537,0.544071,0.384615,0.945727,0.134673,0.183200,0.746095,0.712347,0.251107,0.776671],
[0.189807,0.283453,0.393446,0.423979,0.497252,0.625065,0.785873,0.241011,0.146256,0.458480,0.898749,0.570387,0.398475,0.709607,0.098332,0.852568,0.117694,0.795309,0.660417,0.825062,0.208914,0.401954,0.369132,0.593529,0.347681,0.503805,0.776729,0.093776,0.216152,0.027836,0.870447,0.405959,0.311289,0.263894,0.829938,0.808541,0.888959,0.615811,0.049552,0.035215]],
[[0.074291,0.948302,0.605602,0.472766,0.657908,0.703934,0.325334,0.775602,0.499243,0.985751,0.600664,0.708156,0.387705,0.969796,0.301685,0.735386,0.473601,0.078414,0.829162,0.689753,0.106250,0.699610,0.095712,0.417539,0.963503,0.925650,0.226080,0.852462,0.541462,0.275632,0.887677,0.615753,0.223934,0.493279,0.088519,0.881842,0.197213,0.413853,0.657444,0.696456],
[0.399604,0.258108,0.404613,0.787309,0.227904,0.706298,0.522695,0.701505,0.784712,0.351857,0.391258,0.890962,0.051467,0.486970,0.308501,0.014970,0.412621,0.534581,0.867432,0.954082,0.810213,0.755109,0.569835,0.034147,0.248388,0.658354,0.915989,0.445601,0.072207,0.573434,0.142058,0.471810,0.831542,0.546670,0.259120,0.059446,0.252968,0.781815,0.760951,0.037680],
[0.133672,0.152209,0.928642,0.185139,0.639180,0.237144,0.200110,0.051800,0.771725,0.067542,0.005882,0.581938,0.822651,0.575717,0.616085,0.071039,0.234071,0.532074,0.516640,0.306278,0.105508,0.658698,0.778088,0.937050,0.205368,0.037208,0.996496,0.458336,0.819022,0.757447,0.496016,0.952694,0.909657,0.424658,0.137833,0.548836,0.661802,0.337943,0.600637,0.433527],
[0.405485,0.606519,0.015464,0.228135,0.182236,0.631549,0.299174,0.416307,0.163623,0.815814,0.722585,0.269132,0.474512,0.500673,0.206182,0.679880,0.537880,0.202678,0.138216,0.356903,0.960125,0.634233,0.309597,0.869782,0.058891,0.447430,0.418618,0.720693,0.785373,0.019255,0.154220,0.190858,0.625774,0.169684,0.418994,0.808010,0.801233,0.718168,0.224317,0.964857],
[0.533982,0.946902,0.233988,0.008495,0.447575,0.440170,0.688375,0.985456,0.642848,0.826592,0.342358,0.602973,0.460824,0.651955,0.472755,0.519715,0.099386,0.891373,0.240408,0.884759,0.910628,0.394628,0.075617,0.536401,0.564312,0.494611,0.344411,0.365545,0.212779,0.568729,0.330402,0.746761,0.515631,0.564390,0.755255,0.963206,0.004560,0.443630,0.948662,0.647408],
[0.270222,0.291020,0.250381,0.731046,0.942976,0.723136,0.250761,0.042361,0.614508,0.491170,0.927121,0.525136,0.885798,0.002738,0.061537,0.450110,0.497349,0.405949,0.815655,0.710127,0.974678,0.146057,0.456888,0.490309,0.710448,0.212144,0.453515,0.715008,0.655774,0.402177,0.362416,0.925996,0.693197,0.612797,0.657042,0.636173,0.335933,0.907804,0.678534,0.950441],
[0.398973,0.605655,0.475577,0.284771,0.608393,0.537114,0.734881,0.105742,0.943063,0.550536,0.815869,0.917740,0.696594,0.272758,0.408049,0.407041,0.484901,0.861564,0.122050,0.140675,0.263741,0.484466,0.066671,0.956938,0.097263,0.723714,0.593112,0.433196,0.631517,0.271646,0.383637,0.030491,0.877301,0.859214,0.315262,0.485694,0.396328,0.050143,0.591436,0.339391],
[0.600679,0.407306,0.257131,0.297273,0.680063,0.665180,0.704315,0.164965,0.526744,0.826364,0.305640,0.790485,0.310830,0.372312,0.747424,0.408093,0.096025,0.340535,0.841288,0.727543,0.612181,0.224925,0.758033,0.489482,0.084139,0.073295,0.975176,0.480466,0.123438,0.566613,0.819857,0.724118,0.973918,0.076988,0.021391,0.653982,0.742168,0.725705,0.818947,0.268912],
[0.552069,0.124587,0.059397,0.862899,0.496899,0.806821,0.270992,0.592924,0.147356,0.112280,0.320467,0.759537,0.337206,0.078500,0.249019,0.421344,0.151795,0.224195,0.901811,0.275233,0.790808,0.721668,0.999351,0.764726,0.798656,0.020742,0.418708,0.540824,0.746447,0.237655,0.809736,0.298516,0.362242,0.869133,0.161416,0.859141,0.675953,0.432408,0.452065,0.823309],
[0.544688,0.772532,0.582846,0.881894,0.851032,0.831865,0.303238,0.002828,0.056060,0.205049,0.278061,0.846868,0.926716,0.277412,0.611594,0.725372,0.298154,0.030303,0.266196,0.044601,0.267958,0.075932,0.343117,0.630200,0.945064,0.504533,0.489341,0.621018,0.936940,0.941406,0.444326,0.481628,0.713938,0.027172,0.363522,0.564971,0.859037,0.666760,0.567798,0.915096],
[0.871809,0.845859,0.761964,0.798525,0.123271,0.373558,0.523897,0.421425,0.403861,0.790093,0.466026,0.671819,0.866025,0.809143,0.302019,0.811089,0.313676,0.791360,0.432106,0.250616,0.732766,0.876433,0.732245,0.446705,0.903605,0.095767,0.011676,0.762641,0.762527,0.579474,0.677738,0.634335,0.425333,0.439702,0.432860,0.548605,0.813261,0.956757,0.970030,0.217122],
[0.746850,0.436056,0.888941,0.612875,0.245199,0.190960,0.423964,0.558875,0.982320,0.856070,0.809492,0.715086,0.732503,0.541736,0.161791,0.636108,0.637503,0.173467,0.398749,0.400030,0.752941,0.076487,0.034365,0.178274,0.516189,0.467225,0.726879,0.329450,0.423982,0.696909,0.546571,0.170833,0.132965,0.435512,0.783708,0.378164,0.626472,0.207671,0.937039,0.608792],
[0.063741,0.746530,0.323878,0.796244,0.288267,0.485669,0.432352,0.925770,0.659136,0.831101,0.325800,0.412077,0.907588,0.360164,0.590352,0.423777,0.827389,0.317231,0.753227,0.251372,0.014139,0.299798,0.422204,0.147104,0.735311,0.205912,0.525268,0.361782,0.413583,0.462307,0.970574,0.477324,0.208838,0.294452,0.273569,0.497104,0.780121,0.705920,0.422874,0.439257],
[0.537021,0.748674,0.851335,0.444609,0.108838,0.441686,0.868387,0.936228,0.758917,0.621614,0.187599,0.773056,0.921412,0.609804,0.920160,0.656723,0.815715,0.445429,0.018505,0.229298,0.907736,0.989079,0.706623,0.116573,0.283531,0.980191,0.613678,0.063653,0.686112,0.036552,0.502910,0.223133,0.785226,0.354245,0.667742,0.894064,0.795931,0.536129,0.830291,0.554848],
[0.157743,0.017891,0.327904,0.079155,0.627694,0.248064,0.735878,0.443410,0.693493,0.754383,0.672708,0.601229,0.743462,0.379331,0.717802,0.026994,0.359522,0.331479,0.090646,0.045634,0.368031,0.593556,0.268767,0.153257,0.947801,0.936509,0.047321,0.743732,0.472638,0.877612,0.298580,0.630381,0.895503,0.626484,0.709536,0.523197,0.874548,0.445414,0.966607,0.568041],
[0.199797,0.639315,0.169269,0.943260,0.018646,0.887071,0.970254,0.378168,0.218550,0.060900,0.423801,0.586582,0.654456,0.692568,0.739839,0.602258,0.629077,0.787160,0.345990,0.101716,0.664772,0.644569,0.732097,0.560275,0.271053,0.441633,0.083472,0.145601,0.887048,0.050079,0.713642,0.086845,0.689394,0.882911,0.030105,0.708039,0.769982,0.000359,0.086207,0.988532],
[0.061259,0.510008,0.575114,0.715715,0.202576,0.314953,0.317972,0.831654,0.102112,0.663962,0.933369,0.766884,0.308532,0.665466,0.327159,0.579585,0.107099,0.410631,0.725186,0.994147,0.460711,0.438827,0.080992,0.150104,0.321738,0.111098,0.858144,0.091720,0.111456,0.944351,0.080252,0.172715,0.454359,0.655366,0.888430,0.656936,0.970319,0.206402,0.488589,0.072432],
[0.870364,0.421958,0.839316,0.178896,0.087424,0.166475,0.758480,0.194524,0.577107,0.483666,0.188671,0.037817,0.922493,0.269664,0.187922,0.244231,0.380761,0.046066,0.335951,0.492217,0.990416,0.416203,0.664932,0.444776,0.071570,0.553362,0.101711,0.041889,0.759764,0.590300,0.114321,0.630128,0.012259,0.953637,0.809024,0.099683,0.120112,0.567505,0.294207,0.697219],
[0.051171,0.482878,0.735036,0.973664,0.752542,0.922958,0.217895,0.133303,0.969024,0.553846,0.625521,0.959440,0.970050,0.290453,0.404216,0.041620,0.843815,0.505927,0.083509,0.603579,0.096228,0.197829,0.233707,0.108486,0.151466,0.042731,0.208170,0.271578,0.610236,0.502377,0.968798,0.661407,0.985255,0.703834,0.635071,0.737797,0.626792,0.852966,0.871101,0.595816],
[0.406813,0.496621,0.555256,0.376862,0.787074,0.959472,0.418482,0.630888,0.465399,0.501990,0.234467,0.561626,0.699820,0.468174,0.670113,0.851286,0.510906,0.878283,0.122864,0.121142,0.380659,0.091662,0.782549,0.365915,0.795496,0.417620,0.103712,0.422288,0.270586,0.974813,0.018104,0.677399,0.471434,0.573360,0.054261,0.258508,0.532832,0.472743,0.889396,0.998231],
[0.974733,0.123863,0.559857,0.674553,0.592037,0.229970,0.525839,0.102943,0.108253,0.648704,0.224085,0.488912,0.740366,0.006634,0.854827,0.535861,0.424254,0.958539,0.958150,0.694840,0.933352,0.976254,0.372239,0.404786,0.549614,0.426500,0.663294,0.082446,0.899243,0.552691,0.080677,0.873976,0.676554,0.640534,0.548529,0.268591,0.870505,0.074368,0.371535,0.978758],
[0.723072,0.595619,0.467670,0.463438,0.602253,0.322497,0.999299,0.026507,0.281037,0.957449,0.721347,0.214389,0.933702,0.093586,0.619176,0.483316,0.520086,0.282470,0.565762,0.419329,0.835161,0.646439,0.293306,0.511715,0.286974,0.841835,0.780306,0.157479,0.916203,0.151841,0.136236,0.639275,0.747460,0.603906,0.102713,0.349713,0.926404,0.102012,0.376220,0.207440],
[0.059461,0.097567,0.421830,0.993163,0.191153,0.041005,0.476479,0.711240,0.323475,0.042242,0.130569,0.158636,0.688681,0.423874,0.670351,0.975655,0.265709,0.450657,0.133134,0.181913,0.602498,0.269370,0.821188,0.349958,0.873276,0.923901,0.699671,0.799680,0.025913,0.075891,0.007120,0.085374,0.173459,0.428950,0.078537,0.364612,0.469955,0.555017,0.075852,0.793430],
[0.597259,0.206420,0.952066,0.285940,0.630295,0.622417,0.261595,0.896004,0.073074,0.394728,0.077917,0.675571,0.664098,0.899105,0.025529,0.537374,0.823007,0.725200,0.337054,0.848920,0.801091,0.344175,0.934294,0.974550,0.773125,0.012831,0.339162,0.243080,0.567848,0.415014,0.036511,0.165107,0.621434,0.988577,0.451046,0.251729,0.610994,0.712641,0.147733,0.684068],
[0.107369,0.225650,0.359639,0.771467,0.124755,0.385168,0.308841,0.947762,0.110369,0.645896,0.796682,0.911460,0.990071,0.730976,0.886010,0.763196,0.743807,0.225172,0.006276,0.311655,0.640186,0.042786,0.476762,0.261620,0.031363,0.927808,0.513348,0.642357,0.640449,0.661081,0.326425,0.747818,0.886731,0.686064,0.519285,0.011487,0.071232,0.828126,0.959249,0.181600],
[0.474022,0.755931,0.093060,0.464093,0.486907,0.979070,0.227289,0.230714,0.204243,0.233565,0.542369,0.844428,0.276351,0.019131,0.106048,0.307714,0.946940,0.619396,0.950071,0.587389,0.280478,0.276496,0.335207,0.167209,0.962559,0.854492,0.178696,0.033791,0.682618,0.137945,0.215391,0.156640,0.893876,0.308452,0.620733,0.380782,0.287522,0.848022,0.611496,0.491765],
[0.081586,0.153866,0.336193,0.357937,0.172997,0.442241,0.665651,0.119937,0.061637,0.615723,0.707326,0.342115,0.892218,0.042532,0.509324,0.854777,0.897024,0.688020,0.888568,0.579642,0.825965,0.103960,0.736282,0.719840,0.412412,0.357015,0.100622,0.699934,0.205037,0.712119,0.191699,0.286623,0.865984,0.527892,0.644560,0.038982,0.970133,0.310212,0.158919,0.031770],
[0.925934,0.866244,0.373884,0.818153,0.908776,0.883208,0.672930,0.805800,0.571228,0.561498,0.385442,0.397192,0.665458,0.121724,0.117032,0.077870,0.478739,0.217654,0.777804,0.683775,0.929773,0.969503,0.970398,0.795758,0.497394,0.614958,0.834739,0.467527,0.925170,0.993658,0.499296,0.851105,0.859902,0.873181,0.669257,0.768678,0.756389,0.342187,0.574479,0.327616],
[0.903686,0.959920,0.724808,0.569144,0.081644,0.841840,0.647014,0.560383,0.059495,0.424818,0.244158,0.989268,0.394320,0.214556,0.785026,0.891715,0.829515,0.619765,0.359242,0.754685,0.613423,0.858538,0.605789,0.473325,0.731719,0.275046,0.242003,0.488107,0.617233,0.816482,0.815723,0.520919,0.776402,0.540532,0.090063,0.858046,0.382372,0.737077,0.418429,0.441867],
[0.161894,0.662587,0.431135,0.556215,0.877143,0.216161,0.447929,0.706658,0.835926,0.807171,0.461342,0.449349,0.665709,0.067132,0.922674,0.397428,0.342178,0.164677,0.885535,0.959412,0.981160,0.701259,0.480331,0.757562,0.241791,0.570394,0.615608,0.624163,0.307470,0.034038,0.066030,0.469365,0.696625,0.497165,0.025579,0.573768,0.713326,0.473509,0.280425,0.549252],
[0.280680,0.741768,0.998601,0.946389,0.808899,0.921275,0.343818,0.151078,0.085953,0.229353,0.110489,0.067112,0.930612,0.590820,0.824674,0.172403,0.161213,0.440283,0.796566,0.468684,0.474321,0.862596,0.938048,0.170945,0.359761,0.963628,0.744713,0.073088,0.437136,0.025138,0.622340,0.717816,0.766906,0.620942,0.664206,0.575805,0.542217,0.008023,0.726883,0.628170],
[0.237376,0.837372,0.695282,0.167988,0.428192,0.519957,0.340391,0.589406,0.960240,0.136957,0.058089,0.434560,0.999552,0.996138,0.605505,0.359314,0.959765,0.350218,0.432401,0.396902,0.375356,0.054741,0.114718,0.142262,0.675683,0.778924,0.718068,0.217900,0.786947,0.444950,0.846070,0.024324,0.282323,0.541352,0.192312,0.710515,0.061309,0.532703,0.299920,0.021549],
[0.669660,0.358010,0.456109,0.669212,0.354147,0.061614,0.028526,0.313913,0.411833,0.460927,0.710814,0.787189,0.515668,0.825532,0.929451,0.191351,0.604456,0.647519,0.409251,0.391403,0.092469,0.255321,0.415727,0.374792,0.796673,0.608039,0.085307,0.857981,0.140742,0.385227,0.879530,0.810402,0.743237,0.335639,0.479614,0.097384,0.397253,0.508139,0.411297,0.809086],
[0.969066,0.122111,0.596275,0.484734,0.947644,0.525726,0.676085,0.552100,0.173245,0.085336,0.943504,0.265714,0.340657,0.359231,0.640506,0.137329,0.967270,0.725812,0.995311,0.108012,0.111040,0.874841,0.918413,0.854277,0.210480,0.398027,0.951661,0.607733,0.906166,0.362958,0.416819,0.875232,0.485070,0.013094,0.359967,0.432713,0.538820,0.036052,0.984814,0.712065],
[0.121388,0.928317,0.977779,0.462045,0.287548,0.618284,0.599375,0.254817,0.344097,0.594685,0.362829,0.455137,0.469526,0.281242,0.309413,0.680006,0.679269,0.261075,0.287739,0.585436,0.624033,0.704558,0.460668,0.109102,0.717652,0.820635,0.541816,0.256472,0.856687,0.526629,0.968537,0.978075,0.454946,0.946315,0.440121,0.742494,0.564600,0.039495,0.997311,0.908697],
[0.634181,0.360140,0.363833,0.103707,0.641383,0.673247,0.783713,0.320652,0.934321,0.071452,0.906088,0.558354,0.776010,0.366756,0.667456,0.493662,0.187390,0.209272,0.750134,0.044077,0.735902,0.718670,0.022153,0.190848,0.664986,0.462274,0.933342,0.229586,0.501769,0.930654,0.138282,0.135949,0.290794,0.502115,0.239656,0.932177,0.175362,0.023369,0.252829,0.109683],
[0.094821,0.158916,0.668037,0.870830,0.525672,0.335493,0.364492,0.713062,0.544766,0.114626,0.757139,0.280667,0.833296,0.779292,0.471515,0.498282,0.241566,0.404857,0.727867,0.743335,0.335511,0.866150,0.879284,0.626305,0.368265,0.118941,0.558481,0.543627,0.142309,0.811310,0.653310,0.237130,0.970226,0.321347,0.107960,0.495897,0.656841,0.472452,0.208959,0.201606],
[0.587078,0.966099,0.482273,0.420374,0.745391,0.953788,0.918655,0.986957,0.358646,0.646523,0.730292,0.694156,0.512673,0.609577,0.320461,0.880938,0.728517,0.878942,0.424565,0.870827,0.690252,0.077875,0.107957,0.660478,0.399222,0.215917,0.156375,0.056063,0.688369,0.365335,0.257669,0.275446,0.331434,0.739942,0.695820,0.076825,0.693731,0.614475,0.063783,0.052376],
[0.260998,0.794075,0.746532,0.773671,0.403652,0.066994,0.654609,0.132169,0.945936,0.079173,0.002995,0.636188,0.157049,0.110952,0.296666,0.556271,0.326869,0.453042,0.612334,0.015237,0.818377,0.870003,0.290684,0.149811,0.609945,0.986503,0.226636,0.303676,0.600979,0.290418,0.356052,0.861977,0.084493,0.102584,0.635648,0.488145,0.169578,0.290256,0.620314,0.115514],
[0.369430,0.623309,0.751702,0.526478,0.734261,0.048368,0.082749,0.061130,0.501410,0.695083,0.076367,0.319786,0.565086,0.367050,0.469597,0.175031,0.353554,0.696233,0.478707,0.954533,0.986651,0.834758,0.816510,0.071144,0.937343,0.452158,0.559289,0.106920,0.742414,0.179603,0.222434,0.111844,0.802912,0.974136,0.638322,0.537173,0.022504,0.721072,0.598303,0.523914]]];

c=[[5,9,5,10,9,9,10,2,2,1,6,5,6,5,9,9,2,7,9,5,1,2,8,4,8,4,7,3,1,7,7,7,7,3,9,5,1,8,7,3],
[10,4,9,5,8,7,4,9,6,4,6,6,7,3,1,5,6,8,9,9,6,5,7,2,8,5,8,10,2,6,2,1,9,2,8,7,9,3,7,4],
[6,4,1,2,6,3,8,4,10,9,4,7,3,10,10,2,5,8,4,8,3,5,1,4,9,8,10,7,10,8,2,5,2,4,8,9,6,6,4,8],
[4,7,4,8,9,6,2,5,3,5,2,7,1,4,10,1,1,1,7,10,9,10,6,2,5,4,10,1,1,4,10,6,2,5,5,2,10,6,6,4],
[2,10,1,5,3,10,5,4,1,4,5,1,5,1,2,10,6,1,2,8,6,1,3,10,5,9,1,7,7,9,10,10,8,2,4,2,2,1,7,4],
[6,2,6,10,4,7,1,1,9,2,8,7,2,2,6,9,10,8,7,8,6,8,8,5,10,3,7,3,3,3,8,8,6,3,10,9,9,10,1,9],
[2,8,5,5,1,2,5,1,2,1,10,7,9,7,4,10,10,2,2,4,6,9,2,2,1,3,2,1,2,3,9,5,10,6,2,3,9,6,5,10],
[9,4,9,9,1,2,8,2,3,9,5,10,9,8,1,1,10,3,1,4,5,1,8,6,8,1,8,7,7,2,8,7,8,6,5,8,9,4,9,3],
[4,3,3,2,1,3,2,2,7,4,5,3,4,5,1,4,5,10,10,3,4,9,1,1,5,7,8,3,10,8,8,5,2,10,6,4,4,9,6,1],
[4,2,5,10,8,5,3,3,5,4,7,8,2,10,8,6,6,7,1,6,6,10,2,7,9,8,3,4,8,8,6,2,1,1,1,9,5,5,3,1],
[8,9,8,9,10,7,7,6,3,9,3,10,8,4,7,8,3,1,1,1,8,7,4,8,7,6,8,3,10,10,4,7,1,3,7,10,10,3,5,4],
[3,7,4,2,1,2,9,5,2,2,5,1,10,10,10,8,5,8,10,4,7,5,2,7,8,9,7,7,3,3,2,6,10,7,7,2,8,6,6,1],
[9,3,3,8,2,3,5,9,10,6,2,8,1,4,7,10,4,3,8,6,5,9,1,6,6,10,9,5,7,7,8,5,9,10,4,2,2,8,10,3],
[5,4,3,5,9,9,6,2,3,3,9,7,2,2,5,9,1,5,5,7,1,2,3,1,4,6,5,7,5,6,2,9,1,4,6,9,2,1,2,4],
[6,1,2,9,4,8,7,4,3,3,2,3,5,4,6,10,1,10,6,5,7,7,5,8,10,2,6,3,5,10,6,10,2,10,8,5,7,6,8,9],
[8,9,4,4,4,1,3,4,2,9,10,8,7,6,5,7,8,3,1,2,2,7,3,5,6,10,9,4,5,8,3,4,6,8,8,1,8,2,6,1],
[2,5,8,9,10,5,7,9,7,7,10,10,5,2,4,2,3,4,6,9,1,10,3,8,9,2,8,6,3,5,8,5,9,5,5,10,9,3,1,7],
[9,10,8,6,4,3,7,8,6,2,7,8,3,9,5,1,10,4,8,4,8,5,10,8,10,4,10,10,8,10,9,7,1,8,2,6,1,10,4,8],
[2,10,6,4,10,2,7,1,6,4,4,5,9,6,3,10,1,4,1,9,3,1,7,5,9,8,1,9,7,4,8,10,5,5,6,4,7,2,6,4],
[7,1,8,5,6,2,6,7,7,7,7,1,7,3,6,5,10,6,5,8,1,5,10,5,9,7,10,7,10,5,10,6,5,10,1,1,3,6,9,2],
[4,5,2,3,7,7,7,8,2,4,7,4,8,8,8,8,4,9,5,3,3,6,9,10,7,1,2,2,8,2,3,2,6,4,4,4,1,2,3,4],
[7,9,8,6,7,7,4,2,8,10,7,2,7,5,1,4,7,4,7,4,5,9,7,10,4,2,5,4,4,7,10,2,6,9,8,4,5,3,7,4],
[4,3,6,10,9,6,5,5,2,3,1,6,1,7,8,5,9,2,10,4,9,9,5,6,7,4,9,4,8,7,7,1,10,4,3,8,2,7,5,3],
[10,5,8,2,3,5,8,1,7,10,6,7,8,1,2,7,6,2,2,4,8,10,4,7,4,6,7,5,5,3,9,6,7,6,9,9,3,7,2,9],
[6,7,5,5,9,8,3,5,9,6,8,6,8,3,5,1,1,1,7,7,3,5,4,1,2,2,1,4,8,2,4,5,9,8,2,9,7,6,3,5],
[2,2,1,9,7,5,1,9,7,9,5,1,5,8,1,6,9,1,2,9,5,5,5,5,5,6,3,1,4,8,6,5,9,8,5,7,2,7,5,8],
[7,9,8,1,8,10,8,7,2,9,7,6,6,3,10,10,1,5,10,4,2,7,8,2,4,4,9,7,10,3,4,8,4,3,8,1,4,5,9,6],
[6,5,3,1,8,5,2,8,9,3,3,2,10,2,3,5,5,3,2,6,6,7,3,1,2,2,1,5,8,10,10,3,6,5,5,5,9,6,4,7],
[1,6,10,2,7,2,6,3,7,7,8,2,6,2,2,7,3,4,1,1,3,3,5,1,7,10,5,7,7,1,5,7,6,4,8,5,7,6,7,3],
[4,7,6,9,8,9,7,1,3,10,3,7,2,7,7,10,6,4,8,5,6,2,3,3,5,3,7,1,8,6,4,1,2,9,2,9,8,8,1,2],
[7,3,8,10,2,7,1,9,2,8,3,9,9,6,1,5,8,10,6,7,5,1,9,6,1,10,6,10,8,9,1,6,3,1,6,4,9,8,3,2],
[6,5,10,6,2,2,3,1,1,8,7,5,10,6,2,10,7,10,10,6,8,2,2,10,4,9,6,4,6,8,5,3,4,6,1,8,8,3,10,10],
[2,7,5,1,4,6,10,10,5,1,6,4,5,9,6,8,7,1,2,4,10,8,7,5,6,7,2,3,1,2,4,2,10,8,2,5,6,3,6,2],
[6,3,6,10,1,1,9,9,3,2,3,4,10,9,8,7,7,2,1,7,5,4,8,4,2,1,10,9,3,5,10,8,8,7,9,10,7,8,9,1],
[1,3,4,2,1,2,8,9,5,8,7,9,2,4,2,5,4,1,3,8,7,4,8,6,1,6,6,9,5,6,10,6,8,5,7,10,8,5,10,2],
[4,6,10,7,1,1,1,6,3,5,3,2,9,10,7,1,8,4,9,2,1,10,7,10,5,6,1,2,2,10,4,5,7,3,2,7,6,4,2,10],
[9,7,3,9,8,10,9,5,5,7,7,6,9,5,7,3,10,8,6,1,9,9,8,6,4,1,2,1,4,6,10,2,4,3,2,1,4,10,6,8],
[9,4,5,7,10,2,1,2,1,6,4,9,5,1,4,10,1,8,10,5,5,1,8,8,5,2,8,8,1,5,8,1,10,4,9,10,7,9,1,7],
[5,6,6,9,7,9,10,9,8,9,5,2,9,5,9,4,6,9,3,8,5,2,9,5,6,7,6,2,6,8,9,2,3,6,2,1,6,1,2,4],
[9,6,7,9,10,6,4,5,6,9,3,2,10,3,6,5,1,3,9,6,2,9,9,7,4,10,7,9,10,8,4,10,4,1,9,5,8,4,2,3],
];
