m=30;
n=30;
p=3;
q=3;

alpha=[0.834066,0.941805,0.832983,0.627552,0.976051,0.751946];

proba=[[[0.181223,0.680882,0.397210,0.815224,0.418665,0.805400,0.184593,0.772124,0.004785,0.636150,0.332381,0.341476,0.787818,0.361785,0.706921,0.997531,0.316210,0.693538,0.806122,0.535625,0.306358,0.646069,0.632318,0.943949,0.151259,0.300450,0.827559,0.817224,0.555555,0.779662],
[0.321116,0.736778,0.460544,0.718326,0.552002,0.879209,0.523726,0.736595,0.651333,0.528510,0.372745,0.983714,0.869987,0.160563,0.345500,0.576907,0.158094,0.661709,0.270445,0.964216,0.197334,0.576804,0.610285,0.829652,0.520753,0.761544,0.130102,0.348312,0.578769,0.685657],
[0.127973,0.899884,0.422435,0.588517,0.618210,0.974436,0.467726,0.141936,0.711031,0.119059,0.670446,0.083776,0.102774,0.540433,0.244339,0.448273,0.117340,0.402434,0.109982,0.387785,0.366650,0.307316,0.964589,0.976935,0.136968,0.485342,0.738479,0.267070,0.833653,0.317248],
[0.952726,0.961627,0.217132,0.375161,0.550144,0.835342,0.349598,0.017870,0.977277,0.060629,0.136930,0.647723,0.144405,0.239703,0.188156,0.388744,0.687976,0.305496,0.791178,0.797959,0.693281,0.157828,0.105275,0.657870,0.134763,0.242243,0.143212,0.873242,0.509312,0.976865],
[0.190490,0.462038,0.938492,0.407622,0.837200,0.488636,0.242964,0.186797,0.506507,0.220241,0.247426,0.643436,0.867964,0.391831,0.883139,0.056120,0.780575,0.571116,0.361616,0.571753,0.369074,0.054897,0.729581,0.474349,0.712767,0.864344,0.716592,0.855979,0.737587,0.225904],
[0.832845,0.928077,0.687942,0.771337,0.335699,0.525142,0.259974,0.578662,0.711939,0.766480,0.798903,0.959365,0.409916,0.666868,0.351196,0.293056,0.722988,0.131771,0.864172,0.084604,0.703525,0.233246,0.139501,0.433106,0.707595,0.852269,0.297450,0.424187,0.708248,0.035037],
[0.650091,0.541093,0.963114,0.338034,0.312430,0.298812,0.863176,0.572404,0.877474,0.575115,0.338884,0.676378,0.534479,0.748800,0.343245,0.885675,0.041856,0.066233,0.017446,0.906028,0.150837,0.720971,0.139274,0.290338,0.154077,0.846869,0.142607,0.451527,0.271056,0.850855],
[0.486565,0.921148,0.391948,0.449678,0.259181,0.704378,0.748490,0.122357,0.276782,0.625965,0.697471,0.615666,0.302342,0.231951,0.364466,0.645588,0.117626,0.406322,0.711821,0.135072,0.312349,0.862658,0.856043,0.451623,0.152997,0.010120,0.298492,0.295604,0.461648,0.569548],
[0.146459,0.948212,0.490696,0.538407,0.397891,0.749877,0.242785,0.146381,0.872234,0.519567,0.772345,0.569706,0.135232,0.074688,0.801656,0.499698,0.720275,0.919282,0.906020,0.432097,0.054355,0.218369,0.294755,0.910398,0.669992,0.447752,0.920519,0.968484,0.743356,0.382167],
[0.538032,0.889814,0.330379,0.028728,0.428221,0.728269,0.778606,0.671006,0.874650,0.650840,0.190573,0.646995,0.220545,0.325805,0.721683,0.022201,0.825503,0.441958,0.941484,0.731523,0.874055,0.995839,0.949893,0.168810,0.906237,0.619885,0.616562,0.826755,0.588369,0.359917],
[0.208922,0.126401,0.249732,0.539301,0.155129,0.677953,0.267570,0.933735,0.348959,0.142221,0.584574,0.539532,0.789216,0.805120,0.865337,0.510899,0.827321,0.690841,0.952857,0.768805,0.422364,0.826912,0.764644,0.372257,0.995722,0.670880,0.992141,0.612284,0.497636,0.580510],
[0.972202,0.706558,0.706911,0.221933,0.245859,0.862040,0.899887,0.513429,0.795775,0.248846,0.655650,0.380350,0.788378,0.444866,0.185469,0.653715,0.955765,0.012790,0.344555,0.908622,0.781595,0.766919,0.735535,0.546238,0.139176,0.731257,0.217119,0.131317,0.343541,0.714755],
[0.711827,0.315743,0.421313,0.418738,0.537676,0.667171,0.280778,0.437563,0.180601,0.076553,0.686409,0.836250,0.456902,0.474786,0.281116,0.642372,0.128501,0.236881,0.655162,0.473056,0.145503,0.436757,0.239975,0.881038,0.982995,0.379151,0.612295,0.200114,0.510468,0.955836],
[0.914869,0.222295,0.271579,0.336181,0.641032,0.809255,0.003352,0.921810,0.246818,0.183953,0.998363,0.933226,0.020203,0.455266,0.408013,0.301319,0.097637,0.536513,0.538200,0.752799,0.009569,0.683703,0.189555,0.249545,0.564741,0.172550,0.628696,0.177035,0.372664,0.139165],
[0.132871,0.287533,0.361460,0.404450,0.623714,0.002492,0.213705,0.627066,0.924302,0.460523,0.811020,0.922665,0.393749,0.831223,0.377931,0.801761,0.132542,0.475568,0.338275,0.670743,0.228367,0.347844,0.354446,0.417922,0.597389,0.919187,0.590473,0.226086,0.096222,0.963137],
[0.365250,0.229093,0.250670,0.726710,0.633543,0.874384,0.729202,0.847247,0.501450,0.653504,0.307770,0.312470,0.576169,0.701519,0.143693,0.954100,0.503280,0.276235,0.429668,0.841555,0.946978,0.658034,0.189399,0.301424,0.075956,0.786789,0.220611,0.666429,0.012874,0.316833],
[0.629566,0.378124,0.545926,0.880236,0.104834,0.179468,0.754620,0.834035,0.026715,0.256070,0.487539,0.334485,0.568540,0.063708,0.036004,0.712233,0.017808,0.539284,0.988468,0.447475,0.380839,0.935446,0.105510,0.570238,0.236870,0.181466,0.357027,0.457481,0.847895,0.369901],
[0.774314,0.477461,0.748025,0.320239,0.357697,0.852859,0.499707,0.112316,0.686895,0.526423,0.368386,0.174434,0.860908,0.936926,0.238142,0.896911,0.649159,0.255950,0.436195,0.637627,0.703425,0.817034,0.573073,0.808935,0.387273,0.809943,0.990401,0.744300,0.267424,0.838296],
[0.114201,0.041738,0.315757,0.862226,0.361977,0.673454,0.715086,0.861684,0.785770,0.401980,0.388107,0.154157,0.576414,0.249015,0.091083,0.814556,0.145926,0.740242,0.070506,0.582122,0.377869,0.773931,0.399156,0.950942,0.582866,0.786429,0.760885,0.573267,0.530729,0.028310],
[0.411563,0.644930,0.070048,0.727320,0.507156,0.432025,0.400773,0.222242,0.293709,0.186544,0.624222,0.681816,0.340700,0.200636,0.930831,0.431783,0.015192,0.076757,0.172025,0.085698,0.658879,0.549894,0.859629,0.058035,0.500835,0.442494,0.844464,0.261721,0.015761,0.375192],
[0.290031,0.427324,0.020122,0.360078,0.154643,0.527278,0.792103,0.555417,0.749520,0.085813,0.741961,0.373742,0.767629,0.082661,0.574378,0.698460,0.514444,0.589570,0.775217,0.686469,0.675268,0.434095,0.236363,0.534897,0.492130,0.737198,0.977391,0.336594,0.998919,0.993153],
[0.711786,0.288950,0.420476,0.731908,0.649028,0.575120,0.259187,0.441131,0.130536,0.008707,0.526944,0.872497,0.382449,0.294572,0.955158,0.956827,0.993032,0.469602,0.546397,0.768249,0.156072,0.221665,0.202344,0.392434,0.756562,0.694475,0.129633,0.733954,0.031068,0.128552],
[0.727106,0.742855,0.417501,0.147583,0.474763,0.066529,0.722702,0.733950,0.507660,0.853239,0.742657,0.034604,0.725736,0.125105,0.329176,0.680894,0.081932,0.322208,0.150497,0.628330,0.090457,0.306568,0.849995,0.292801,0.699003,0.606557,0.987276,0.828635,0.340511,0.018344],
[0.957187,0.067618,0.761199,0.374688,0.215200,0.235962,0.441217,0.937903,0.969912,0.948877,0.791141,0.712568,0.983480,0.516877,0.837674,0.312656,0.197771,0.919606,0.634865,0.348268,0.547935,0.725322,0.654836,0.397930,0.018123,0.353839,0.004488,0.005399,0.182474,0.344999],
[0.023743,0.139661,0.412617,0.784942,0.514349,0.627817,0.020905,0.955565,0.565720,0.990817,0.904442,0.356861,0.703385,0.887922,0.873739,0.541059,0.200579,0.071510,0.460665,0.835443,0.419778,0.008600,0.560765,0.074614,0.406531,0.578888,0.428453,0.411019,0.584287,0.610927],
[0.756018,0.608031,0.750588,0.168634,0.392973,0.264936,0.796451,0.413878,0.220502,0.362171,0.404694,0.124944,0.719032,0.108079,0.012866,0.592771,0.649138,0.213445,0.664281,0.109803,0.048888,0.084059,0.118403,0.609653,0.158673,0.524933,0.188541,0.587126,0.935952,0.772828],
[0.198053,0.691970,0.380859,0.948641,0.860604,0.773832,0.213577,0.657055,0.187710,0.434079,0.019226,0.592404,0.559023,0.738259,0.700483,0.571889,0.331030,0.349621,0.785334,0.995310,0.459423,0.834222,0.079369,0.577826,0.443876,0.238043,0.102760,0.632417,0.825169,0.038712],
[0.405245,0.023222,0.730681,0.786104,0.971863,0.591285,0.559937,0.185440,0.248340,0.747646,0.619519,0.267567,0.340050,0.178542,0.005826,0.040533,0.750431,0.336855,0.390154,0.535765,0.332166,0.849578,0.369987,0.411535,0.427404,0.813863,0.649578,0.530164,0.446280,0.474746],
[0.568875,0.851525,0.497969,0.299556,0.637630,0.469832,0.890842,0.197566,0.655272,0.139182,0.945213,0.274791,0.406749,0.285263,0.453333,0.412574,0.325796,0.203764,0.749429,0.715950,0.739530,0.081595,0.565528,0.109517,0.493130,0.992932,0.923380,0.142707,0.523095,0.369660],
[0.617454,0.091971,0.221185,0.115422,0.391527,0.858815,0.585254,0.282369,0.056381,0.240526,0.421550,0.001594,0.515317,0.828299,0.286857,0.968650,0.240873,0.612653,0.172415,0.990303,0.328603,0.911944,0.071897,0.894131,0.021461,0.565027,0.887063,0.944841,0.707735,0.410159]],
[[0.314501,0.325188,0.502129,0.535686,0.440611,0.893656,0.394501,0.025865,0.176025,0.450882,0.266390,0.597575,0.452476,0.781707,0.425874,0.739333,0.750358,0.666747,0.351986,0.922773,0.657050,0.680589,0.834717,0.728947,0.574721,0.856179,0.293975,0.461784,0.801020,0.001709],
[0.871942,0.115521,0.326898,0.374072,0.651208,0.767508,0.267728,0.045709,0.793373,0.443752,0.496591,0.059763,0.041327,0.949068,0.841471,0.467201,0.688401,0.591829,0.133949,0.040387,0.514601,0.790999,0.720976,0.349318,0.519946,0.295697,0.205497,0.813920,0.757481,0.006517],
[0.815629,0.629423,0.122038,0.142527,0.003495,0.773246,0.910035,0.271223,0.818955,0.703408,0.714975,0.315546,0.763172,0.756302,0.264614,0.604643,0.223504,0.953015,0.196471,0.357452,0.993401,0.711073,0.148451,0.714378,0.060391,0.668396,0.010075,0.265888,0.482317,0.767556],
[0.272405,0.297946,0.396979,0.394443,0.440473,0.400474,0.167689,0.350509,0.671697,0.986644,0.053917,0.386672,0.302190,0.817089,0.142974,0.566803,0.421732,0.366477,0.519818,0.618203,0.723929,0.513219,0.329276,0.872380,0.227597,0.389667,0.540777,0.237672,0.655555,0.023093],
[0.005227,0.927960,0.321040,0.402206,0.322403,0.761513,0.802680,0.490092,0.112021,0.474377,0.476736,0.165938,0.861048,0.778925,0.983027,0.004022,0.345729,0.404759,0.370499,0.865547,0.022962,0.094429,0.378766,0.352238,0.966809,0.606363,0.741905,0.507585,0.844034,0.397461],
[0.530679,0.849261,0.325421,0.851718,0.251467,0.647824,0.613231,0.054148,0.137916,0.725253,0.528524,0.614652,0.891191,0.389573,0.393577,0.874218,0.393595,0.739305,0.278977,0.764094,0.604852,0.301939,0.858523,0.983618,0.654178,0.825332,0.589981,0.396083,0.332917,0.434015],
[0.793544,0.863596,0.283276,0.118964,0.715314,0.534743,0.766788,0.328546,0.588891,0.904704,0.053798,0.117415,0.519356,0.944989,0.506988,0.912933,0.819207,0.900583,0.652238,0.098185,0.664677,0.257090,0.400124,0.523200,0.240708,0.054302,0.348532,0.830689,0.450385,0.681449],
[0.264703,0.243928,0.545045,0.547979,0.362893,0.260359,0.082723,0.129681,0.588905,0.671614,0.034386,0.642703,0.789029,0.553742,0.587692,0.296017,0.466675,0.406899,0.196600,0.118913,0.505084,0.861277,0.376003,0.905208,0.384477,0.616712,0.959510,0.733008,0.447400,0.409894],
[0.414457,0.712104,0.653823,0.959502,0.260083,0.016716,0.219861,0.342806,0.146397,0.808766,0.014420,0.180783,0.451469,0.803449,0.734525,0.039162,0.099466,0.201199,0.446061,0.296066,0.320112,0.951145,0.157343,0.696116,0.856353,0.541819,0.312827,0.815863,0.274828,0.760228],
[0.225757,0.689285,0.472331,0.879580,0.648787,0.732414,0.896296,0.868649,0.075220,0.042693,0.677415,0.089640,0.223476,0.128885,0.893089,0.958001,0.168046,0.992555,0.159200,0.614107,0.288621,0.479312,0.565252,0.445963,0.175428,0.421605,0.987783,0.488256,0.237468,0.262611],
[0.248483,0.463225,0.951896,0.720815,0.342805,0.600683,0.453229,0.239101,0.469332,0.528449,0.281794,0.146747,0.618089,0.505270,0.275631,0.511178,0.463270,0.443677,0.503733,0.622470,0.057785,0.792354,0.101783,0.623036,0.238317,0.277211,0.044641,0.226100,0.765467,0.282109],
[0.488711,0.013950,0.745334,0.440606,0.734765,0.088139,0.041290,0.187994,0.327240,0.510621,0.716443,0.609033,0.657368,0.334533,0.114303,0.933000,0.845711,0.577574,0.376677,0.349444,0.200044,0.434462,0.141798,0.301827,0.057498,0.380115,0.579038,0.102139,0.606215,0.344505],
[0.384248,0.094925,0.358455,0.129582,0.535532,0.093220,0.217721,0.576821,0.281214,0.544960,0.087442,0.997657,0.153994,0.744810,0.332190,0.268297,0.677810,0.177901,0.845871,0.054487,0.527345,0.045915,0.488948,0.669143,0.347742,0.546446,0.049258,0.926780,0.648586,0.655472],
[0.271285,0.032834,0.750397,0.629740,0.162416,0.285929,0.722960,0.380137,0.862750,0.004174,0.925098,0.950192,0.001832,0.079091,0.695003,0.334022,0.347389,0.372813,0.511923,0.193259,0.427300,0.039269,0.239174,0.916248,0.708412,0.586916,0.462695,0.757669,0.513696,0.111280],
[0.413141,0.784981,0.144115,0.163538,0.414721,0.306531,0.449467,0.137682,0.686668,0.312217,0.141856,0.611765,0.262410,0.143688,0.690857,0.957412,0.477710,0.038245,0.330225,0.989633,0.231505,0.757525,0.028902,0.470679,0.673773,0.737314,0.057595,0.136468,0.494983,0.571291],
[0.247748,0.908124,0.356272,0.391863,0.071663,0.770994,0.698394,0.521130,0.908675,0.385061,0.833347,0.050531,0.996827,0.095757,0.194219,0.687683,0.053169,0.671929,0.725929,0.383394,0.661562,0.957434,0.140919,0.690464,0.428113,0.814693,0.427778,0.485708,0.951160,0.922761],
[0.056999,0.198909,0.830885,0.413272,0.590772,0.902547,0.184265,0.289165,0.423678,0.092940,0.674226,0.257025,0.143471,0.671053,0.352782,0.337690,0.358736,0.405951,0.009619,0.084665,0.789345,0.671181,0.042099,0.930265,0.361644,0.470211,0.744957,0.789422,0.955920,0.696118],
[0.712183,0.012919,0.895026,0.543067,0.426191,0.485798,0.445615,0.610456,0.774963,0.869292,0.703396,0.449190,0.126317,0.846868,0.120243,0.479099,0.184558,0.478979,0.885050,0.194177,0.563644,0.674395,0.865357,0.605743,0.604660,0.227002,0.075954,0.349617,0.016424,0.031874],
[0.045735,0.728606,0.044793,0.940761,0.271674,0.470984,0.426559,0.717288,0.081440,0.201522,0.586581,0.784836,0.650712,0.712898,0.631704,0.770955,0.191997,0.816262,0.249934,0.077046,0.010439,0.813579,0.751441,0.875796,0.419321,0.356101,0.102798,0.495276,0.705718,0.119222],
[0.527150,0.751453,0.847828,0.571943,0.692214,0.119502,0.042927,0.118773,0.836790,0.124367,0.320295,0.423371,0.909203,0.971008,0.136269,0.540908,0.741963,0.328266,0.357170,0.991897,0.405312,0.367609,0.805475,0.156754,0.243405,0.224797,0.512855,0.346203,0.720073,0.218573],
[0.465425,0.247223,0.970026,0.313253,0.819166,0.662239,0.432755,0.862093,0.781012,0.269545,0.986460,0.101307,0.692916,0.895663,0.072315,0.829185,0.436571,0.814278,0.157451,0.793741,0.806174,0.562763,0.161350,0.611650,0.719517,0.404755,0.836446,0.232371,0.750959,0.556519],
[0.450944,0.216384,0.803742,0.420970,0.529637,0.622908,0.083209,0.962392,0.485001,0.864221,0.231938,0.471461,0.965529,0.924854,0.367124,0.037844,0.754040,0.803695,0.852121,0.911491,0.597436,0.658296,0.474254,0.758785,0.269945,0.193771,0.163540,0.106392,0.426142,0.914499],
[0.662911,0.877086,0.130883,0.466653,0.298056,0.660520,0.089561,0.381265,0.622912,0.574562,0.245486,0.854850,0.046023,0.211015,0.779704,0.413147,0.248859,0.533744,0.216842,0.100980,0.445235,0.814278,0.759276,0.919489,0.573063,0.029221,0.113259,0.736603,0.135613,0.539401],
[0.651102,0.798524,0.416488,0.781985,0.265177,0.714544,0.442505,0.354738,0.095809,0.065417,0.929300,0.341295,0.920267,0.975323,0.552310,0.699972,0.388470,0.801169,0.233716,0.605312,0.902149,0.678951,0.419590,0.661425,0.598440,0.992653,0.690647,0.711699,0.729256,0.826260],
[0.251100,0.380358,0.624784,0.667588,0.162343,0.889961,0.382131,0.604848,0.244699,0.477940,0.670265,0.173999,0.819235,0.590533,0.149322,0.371545,0.290505,0.537793,0.172714,0.524221,0.143105,0.074864,0.203172,0.562694,0.736289,0.801612,0.555347,0.426936,0.513311,0.284603],
[0.253195,0.764411,0.664961,0.877979,0.431999,0.827304,0.767939,0.814130,0.432152,0.012638,0.292070,0.102417,0.186637,0.111305,0.692950,0.335959,0.482851,0.983455,0.873752,0.655565,0.507676,0.016857,0.730429,0.710848,0.579551,0.466718,0.512460,0.134898,0.893654,0.025770],
[0.419501,0.146849,0.790181,0.084462,0.024828,0.222180,0.911766,0.792767,0.036310,0.343918,0.805406,0.328381,0.446335,0.992043,0.439686,0.139285,0.328002,0.922537,0.122740,0.201754,0.578102,0.630416,0.218611,0.308531,0.341264,0.798162,0.775249,0.853723,0.933060,0.668903],
[0.879494,0.352561,0.815752,0.669675,0.437023,0.840580,0.891855,0.348789,0.633348,0.928166,0.692706,0.438753,0.256546,0.139041,0.430796,0.696232,0.278326,0.758798,0.618769,0.401067,0.960552,0.196871,0.031483,0.179163,0.505402,0.372746,0.977325,0.280651,0.226470,0.910386],
[0.949554,0.105964,0.262947,0.765306,0.775639,0.699970,0.605886,0.667494,0.048758,0.239234,0.595660,0.741464,0.677987,0.852206,0.880506,0.108783,0.548439,0.158832,0.867582,0.167208,0.559899,0.828134,0.364079,0.591381,0.007297,0.869481,0.964128,0.984623,0.150131,0.190597],
[0.895009,0.099685,0.296561,0.157956,0.864991,0.072200,0.857925,0.470877,0.739694,0.906683,0.710111,0.335354,0.648148,0.388098,0.187561,0.528654,0.496882,0.735999,0.687486,0.364463,0.903207,0.247384,0.192597,0.267286,0.838765,0.199895,0.136767,0.802893,0.184518,0.286898]],
[[0.993490,0.079527,0.386583,0.290051,0.237482,0.251573,0.362251,0.095407,0.722450,0.101946,0.002091,0.432561,0.437300,0.650238,0.820659,0.624860,0.178892,0.317541,0.360860,0.866378,0.682004,0.264067,0.113762,0.874602,0.531354,0.952527,0.074496,0.668120,0.755420,0.259014],
[0.955018,0.748910,0.338541,0.341601,0.038961,0.576023,0.593174,0.401213,0.671430,0.315625,0.503158,0.673521,0.748185,0.940458,0.323759,0.568845,0.565318,0.502651,0.886385,0.926178,0.369029,0.568389,0.190245,0.482790,0.442991,0.721599,0.435317,0.517487,0.389719,0.190737],
[0.776502,0.344738,0.939647,0.115043,0.686339,0.978608,0.691066,0.279513,0.379820,0.362496,0.595138,0.882979,0.036016,0.343323,0.823437,0.359775,0.912168,0.388755,0.862427,0.798553,0.314934,0.231455,0.366943,0.505179,0.714246,0.809934,0.226778,0.149563,0.327421,0.616497],
[0.340300,0.103923,0.961235,0.279946,0.218966,0.647574,0.258554,0.910031,0.927087,0.638374,0.272527,0.522225,0.521353,0.308543,0.865548,0.344790,0.668319,0.777716,0.733545,0.530745,0.576269,0.048479,0.762200,0.943212,0.553658,0.476446,0.753146,0.780436,0.626009,0.080567],
[0.396933,0.966308,0.184490,0.358168,0.246254,0.403455,0.005742,0.504808,0.313487,0.932829,0.143182,0.586013,0.455054,0.664535,0.894556,0.320603,0.009325,0.562875,0.098319,0.742871,0.093620,0.674588,0.791350,0.855821,0.617800,0.345008,0.332267,0.370946,0.125444,0.958276],
[0.451512,0.522377,0.924584,0.636002,0.880546,0.170839,0.039458,0.886288,0.675647,0.352944,0.819117,0.818829,0.938958,0.274172,0.483365,0.833514,0.594774,0.492690,0.396389,0.693093,0.235561,0.490009,0.367681,0.026910,0.345830,0.985481,0.371918,0.678097,0.356427,0.497361],
[0.636373,0.807939,0.019739,0.560957,0.443941,0.900284,0.731795,0.483399,0.786572,0.407442,0.836343,0.605689,0.226271,0.775300,0.879861,0.709636,0.608815,0.474635,0.202326,0.005204,0.167728,0.437886,0.495213,0.535409,0.464796,0.841043,0.520890,0.836714,0.519140,0.877317],
[0.334076,0.155512,0.685256,0.353814,0.716469,0.129197,0.254098,0.448264,0.612595,0.040670,0.855707,0.448938,0.646359,0.081978,0.224239,0.526220,0.791614,0.833053,0.000855,0.993940,0.838257,0.168584,0.431826,0.333470,0.703993,0.896622,0.174513,0.224883,0.733336,0.693652],
[0.102199,0.067412,0.849165,0.787455,0.421226,0.565634,0.916652,0.675324,0.013898,0.529247,0.715994,0.869605,0.978185,0.362354,0.951583,0.202424,0.888574,0.743197,0.035477,0.889429,0.737136,0.873734,0.058013,0.168962,0.207204,0.762006,0.065584,0.381717,0.986888,0.798920],
[0.075369,0.089088,0.866332,0.924534,0.876543,0.287558,0.490168,0.793195,0.962882,0.504067,0.322442,0.678877,0.373672,0.300627,0.041230,0.325254,0.503051,0.929804,0.068451,0.538529,0.819234,0.805587,0.412263,0.877247,0.974549,0.619467,0.639253,0.040133,0.001184,0.626141],
[0.839054,0.076553,0.715229,0.705386,0.001087,0.591772,0.992944,0.491255,0.384966,0.955827,0.995322,0.707408,0.634703,0.368993,0.008035,0.675933,0.694248,0.511087,0.605738,0.762699,0.049616,0.424972,0.568286,0.461879,0.302218,0.542835,0.081346,0.941471,0.582969,0.082529],
[0.567612,0.422023,0.159082,0.282841,0.127409,0.160169,0.874613,0.120353,0.651424,0.259579,0.076180,0.646746,0.966987,0.710883,0.015739,0.975022,0.386816,0.709987,0.486109,0.992554,0.472685,0.535725,0.417525,0.040971,0.997603,0.719744,0.583806,0.078949,0.661215,0.166775],
[0.161478,0.228827,0.588798,0.320560,0.511668,0.716206,0.480730,0.386280,0.836560,0.132154,0.645859,0.912739,0.778900,0.612846,0.623622,0.794639,0.587869,0.010438,0.504626,0.073978,0.002992,0.977311,0.609702,0.420518,0.018282,0.607305,0.140262,0.602089,0.686254,0.801476],
[0.768864,0.847732,0.030303,0.357662,0.168293,0.541971,0.073868,0.649022,0.928251,0.910428,0.781177,0.574111,0.823167,0.560077,0.186957,0.446789,0.354716,0.774826,0.457227,0.859342,0.848803,0.460219,0.836653,0.458506,0.880737,0.854935,0.065811,0.020998,0.457024,0.752065],
[0.822475,0.225888,0.599797,0.852778,0.583550,0.768090,0.394749,0.657418,0.417113,0.323001,0.567845,0.198289,0.897112,0.391012,0.758366,0.084069,0.837801,0.113082,0.858894,0.295028,0.972424,0.707697,0.755247,0.809077,0.166203,0.635984,0.664012,0.232014,0.656983,0.121036],
[0.984079,0.479458,0.346925,0.583876,0.332236,0.930474,0.351966,0.726985,0.587892,0.769079,0.049986,0.155738,0.967368,0.947097,0.546750,0.725734,0.031166,0.384551,0.838816,0.890060,0.679579,0.811239,0.597758,0.434826,0.620316,0.763961,0.070810,0.284328,0.995975,0.727793],
[0.405364,0.980054,0.207250,0.752289,0.563930,0.539486,0.682763,0.915896,0.266471,0.270655,0.684975,0.316457,0.426393,0.652343,0.263555,0.973143,0.378077,0.294721,0.357694,0.216893,0.184781,0.037273,0.028132,0.782539,0.472099,0.648448,0.546499,0.542909,0.932776,0.542474],
[0.270702,0.338140,0.522528,0.477953,0.090429,0.086458,0.017439,0.773192,0.002354,0.283910,0.043847,0.687330,0.600367,0.470240,0.339673,0.863922,0.443384,0.717750,0.158643,0.801078,0.934643,0.343424,0.838351,0.962775,0.125962,0.310450,0.611223,0.672462,0.853359,0.543999],
[0.214936,0.124062,0.882139,0.737464,0.602014,0.972567,0.823922,0.619453,0.745759,0.826276,0.903363,0.789606,0.513606,0.503731,0.259847,0.853279,0.367653,0.703231,0.571030,0.526295,0.504308,0.505673,0.869719,0.342659,0.468448,0.995682,0.653109,0.079672,0.668144,0.506468],
[0.623671,0.883080,0.630530,0.505809,0.620544,0.232544,0.478377,0.444466,0.851998,0.224136,0.270742,0.755361,0.013743,0.784349,0.259091,0.273589,0.637628,0.626744,0.976820,0.208658,0.153040,0.481128,0.714331,0.022759,0.823787,0.182779,0.018441,0.476896,0.262451,0.686585],
[0.983364,0.886121,0.569664,0.613894,0.391931,0.190208,0.846439,0.870307,0.634674,0.698436,0.094444,0.905417,0.453797,0.108186,0.689765,0.712888,0.381776,0.327393,0.339633,0.358596,0.536050,0.492672,0.839724,0.250381,0.515431,0.663511,0.433160,0.533872,0.140407,0.695610],
[0.220457,0.123771,0.581731,0.790121,0.737666,0.973662,0.980329,0.584104,0.843969,0.615004,0.282540,0.938413,0.520420,0.736337,0.046599,0.210185,0.449226,0.428375,0.537578,0.788859,0.786970,0.073629,0.281531,0.626694,0.324010,0.796962,0.290205,0.757170,0.330834,0.430612],
[0.452780,0.551291,0.554384,0.034511,0.341412,0.292049,0.008173,0.321741,0.876154,0.852143,0.936745,0.158694,0.790556,0.457165,0.895031,0.837155,0.667351,0.344257,0.265530,0.204929,0.133116,0.052500,0.278557,0.414647,0.679194,0.602567,0.211609,0.969399,0.359737,0.542443],
[0.400011,0.812517,0.093734,0.954395,0.847028,0.435146,0.246444,0.855202,0.756887,0.122598,0.707345,0.693632,0.281292,0.497900,0.150798,0.176323,0.335055,0.818148,0.520580,0.600585,0.023077,0.653696,0.653085,0.301634,0.068343,0.332279,0.904201,0.279951,0.301678,0.263938],
[0.822395,0.701689,0.076455,0.916129,0.656084,0.923483,0.351275,0.902528,0.778685,0.108162,0.025126,0.486030,0.801795,0.306418,0.983930,0.952592,0.482741,0.318985,0.770740,0.003321,0.919570,0.793817,0.657017,0.572655,0.095451,0.725360,0.904934,0.999653,0.005311,0.206612],
[0.263591,0.827706,0.908301,0.340046,0.743835,0.564385,0.263529,0.095109,0.466913,0.042214,0.203271,0.492039,0.528244,0.005066,0.798457,0.512174,0.957658,0.281198,0.831160,0.728398,0.284519,0.750730,0.522215,0.941536,0.323385,0.617667,0.666896,0.228319,0.617320,0.672207],
[0.434931,0.880911,0.499913,0.343231,0.220957,0.243748,0.907616,0.484487,0.338857,0.374529,0.526701,0.542129,0.866568,0.054945,0.547195,0.665025,0.567119,0.504853,0.946223,0.398279,0.233251,0.230742,0.149009,0.755467,0.172278,0.472394,0.373134,0.839174,0.700713,0.990453],
[0.511381,0.135644,0.871364,0.011295,0.478875,0.092321,0.255043,0.386491,0.576808,0.593900,0.761020,0.103509,0.136029,0.627588,0.158454,0.683223,0.292613,0.725573,0.188076,0.238836,0.123852,0.421327,0.469577,0.272861,0.176794,0.641855,0.745255,0.549928,0.481029,0.445968],
[0.540381,0.992410,0.581611,0.411745,0.003705,0.060486,0.504067,0.258747,0.446977,0.080875,0.852647,0.207997,0.184383,0.988676,0.835585,0.342838,0.671899,0.128198,0.068411,0.859975,0.367034,0.192263,0.281302,0.836611,0.465124,0.458097,0.478466,0.210379,0.008024,0.959495],
[0.656347,0.548405,0.951905,0.237958,0.960150,0.955609,0.298444,0.464217,0.214357,0.745421,0.545091,0.067004,0.953419,0.729475,0.055679,0.789004,0.072312,0.727578,0.917202,0.140723,0.587553,0.284235,0.332986,0.868855,0.120846,0.798110,0.326952,0.599312,0.008488,0.334976]],
[[0.558807,0.664835,0.883381,0.510711,0.902793,0.843531,0.466321,0.201237,0.307748,0.680678,0.946659,0.852839,0.747681,0.900077,0.582314,0.803360,0.689081,0.654626,0.530938,0.606283,0.795349,0.118491,0.890518,0.128335,0.987347,0.011364,0.926445,0.314299,0.610676,0.934933],
[0.649275,0.169483,0.599768,0.532656,0.680194,0.502561,0.376187,0.146515,0.703799,0.683935,0.827193,0.650458,0.536774,0.574874,0.550535,0.119088,0.378234,0.239616,0.773714,0.909172,0.845898,0.569063,0.027663,0.736416,0.697399,0.015010,0.747780,0.623843,0.329309,0.358456],
[0.558777,0.978583,0.527938,0.158545,0.511239,0.208132,0.661107,0.887427,0.354647,0.364905,0.571362,0.181840,0.015363,0.108136,0.756714,0.565898,0.227224,0.134947,0.805513,0.000939,0.044120,0.651412,0.570002,0.071783,0.387827,0.267401,0.086793,0.135607,0.891244,0.416101],
[0.494063,0.450021,0.394685,0.022002,0.608566,0.905924,0.230134,0.269673,0.793351,0.584782,0.634578,0.364713,0.766621,0.649941,0.472849,0.523335,0.215839,0.700073,0.658282,0.021352,0.701012,0.702402,0.672764,0.271014,0.774185,0.060591,0.538414,0.860978,0.196199,0.429658],
[0.277079,0.690262,0.879679,0.671764,0.712264,0.488245,0.577688,0.942398,0.757918,0.371039,0.527179,0.392496,0.735752,0.293801,0.042437,0.208601,0.817136,0.258276,0.908674,0.475418,0.279628,0.609685,0.177820,0.952392,0.880699,0.952005,0.012983,0.419113,0.812983,0.209182],
[0.848771,0.090062,0.899443,0.728450,0.761826,0.611707,0.216695,0.339514,0.554105,0.974613,0.710554,0.081284,0.367109,0.446306,0.375084,0.409546,0.654906,0.192220,0.667822,0.563580,0.667638,0.947450,0.173265,0.845458,0.899842,0.053964,0.797463,0.912825,0.473077,0.610446],
[0.122006,0.321849,0.700508,0.021450,0.050299,0.462333,0.633157,0.266994,0.801848,0.187261,0.241607,0.512401,0.268545,0.608716,0.958707,0.643630,0.018262,0.613613,0.835850,0.686084,0.177193,0.503488,0.633534,0.350459,0.348946,0.533376,0.404423,0.146409,0.446201,0.877501],
[0.756855,0.568207,0.199349,0.457362,0.589657,0.249648,0.919696,0.222814,0.516643,0.721544,0.410076,0.758250,0.233945,0.678621,0.366966,0.192652,0.322251,0.385229,0.806265,0.158100,0.071313,0.983458,0.661588,0.704848,0.333917,0.010534,0.238224,0.738341,0.156943,0.684425],
[0.615841,0.913798,0.252632,0.815190,0.371160,0.842290,0.064839,0.290856,0.065104,0.581481,0.012400,0.475180,0.339731,0.246345,0.153801,0.706698,0.438996,0.476051,0.091926,0.245261,0.634151,0.163240,0.228720,0.295739,0.868087,0.562637,0.306273,0.106311,0.300978,0.463215],
[0.790736,0.916819,0.377013,0.043369,0.732009,0.748173,0.885658,0.796848,0.039029,0.950762,0.378329,0.051429,0.425942,0.718060,0.297774,0.579743,0.424758,0.736770,0.055794,0.516684,0.982031,0.689945,0.679924,0.210751,0.985684,0.548011,0.773389,0.291957,0.654323,0.074366],
[0.755172,0.445059,0.991185,0.132185,0.488427,0.723195,0.880359,0.374086,0.520042,0.919388,0.324848,0.898371,0.970817,0.750790,0.616431,0.268591,0.330533,0.041189,0.005361,0.386326,0.557873,0.987392,0.076271,0.237797,0.198144,0.061955,0.785808,0.971532,0.353912,0.440131],
[0.045899,0.109084,0.885189,0.037084,0.241269,0.373617,0.760278,0.121628,0.747703,0.280321,0.041016,0.072551,0.178692,0.011833,0.823341,0.795123,0.280424,0.153873,0.836312,0.285785,0.540199,0.394185,0.273177,0.616471,0.631982,0.471321,0.678426,0.417790,0.442853,0.032337],
[0.857921,0.488752,0.141421,0.743110,0.525835,0.382690,0.116727,0.286114,0.504318,0.864430,0.566434,0.545334,0.936980,0.745126,0.557167,0.760321,0.540250,0.837591,0.914194,0.376562,0.123376,0.454394,0.770747,0.396553,0.070864,0.402729,0.867874,0.749290,0.820519,0.310727],
[0.781627,0.678440,0.799479,0.923048,0.421550,0.325315,0.305738,0.538277,0.611428,0.810056,0.402707,0.177863,0.355390,0.339687,0.922989,0.912557,0.100008,0.463239,0.750148,0.014202,0.839801,0.873524,0.468596,0.610548,0.270077,0.539460,0.013276,0.137952,0.288750,0.833795],
[0.448679,0.070376,0.512235,0.248158,0.993424,0.933785,0.573473,0.299162,0.472062,0.184901,0.109218,0.874769,0.362764,0.464608,0.214456,0.285753,0.377165,0.314464,0.748991,0.127313,0.328667,0.588792,0.000837,0.797263,0.199340,0.270914,0.336722,0.212616,0.408865,0.625472],
[0.046411,0.857544,0.695849,0.558647,0.105703,0.689273,0.492432,0.679175,0.988435,0.964494,0.864076,0.097654,0.839263,0.226840,0.562262,0.053719,0.512592,0.939427,0.368183,0.261584,0.066740,0.696850,0.850376,0.067577,0.494113,0.049715,0.338491,0.830835,0.262331,0.747357],
[0.456307,0.308743,0.604901,0.152156,0.867389,0.710604,0.841429,0.359821,0.389779,0.829864,0.324315,0.253855,0.927518,0.163578,0.480694,0.489780,0.217297,0.993287,0.429208,0.585480,0.254870,0.495948,0.282331,0.105246,0.563525,0.776443,0.154961,0.902016,0.607278,0.417293],
[0.649373,0.063586,0.726035,0.254274,0.215741,0.593424,0.964877,0.057170,0.953245,0.354656,0.887034,0.277560,0.608511,0.814552,0.441138,0.089205,0.304332,0.658435,0.082492,0.733540,0.243916,0.337362,0.229488,0.526246,0.442608,0.793013,0.302689,0.597569,0.695029,0.909968],
[0.014862,0.344402,0.973553,0.740897,0.598676,0.189295,0.334321,0.563553,0.246465,0.287567,0.918210,0.133499,0.565127,0.526720,0.948051,0.006265,0.615925,0.252383,0.664700,0.698417,0.985923,0.908616,0.035779,0.215411,0.434862,0.478387,0.008424,0.737551,0.075956,0.703453],
[0.647519,0.090818,0.047856,0.621072,0.831714,0.646532,0.810367,0.166036,0.210085,0.056831,0.453603,0.128295,0.190330,0.018730,0.655015,0.138381,0.024995,0.270940,0.390764,0.689696,0.969357,0.376688,0.598312,0.005136,0.592099,0.033174,0.483523,0.600523,0.770725,0.559478],
[0.303976,0.418244,0.650296,0.351832,0.039317,0.482010,0.998363,0.849683,0.648046,0.208448,0.906515,0.101649,0.336743,0.096845,0.120379,0.991758,0.235226,0.145375,0.262699,0.625991,0.835071,0.232056,0.002678,0.433383,0.237192,0.594777,0.466557,0.720715,0.195300,0.237282],
[0.280193,0.499276,0.655527,0.930489,0.851108,0.694843,0.412500,0.849471,0.544527,0.060546,0.057919,0.451042,0.162195,0.394663,0.547887,0.282574,0.386421,0.783113,0.427949,0.649119,0.409104,0.263020,0.881175,0.411782,0.696402,0.118367,0.006559,0.162959,0.839082,0.201859],
[0.400241,0.119275,0.701135,0.055767,0.049764,0.552242,0.750611,0.462263,0.401713,0.295137,0.522809,0.459633,0.746179,0.685004,0.854295,0.294066,0.967579,0.240716,0.077179,0.395528,0.889835,0.486283,0.658547,0.771010,0.898065,0.354949,0.889377,0.904624,0.517908,0.728459],
[0.106483,0.918149,0.847734,0.807618,0.973916,0.897497,0.359860,0.724527,0.359761,0.761574,0.019664,0.882570,0.221207,0.765843,0.567574,0.075502,0.059908,0.535153,0.316218,0.137087,0.930681,0.206054,0.623370,0.589228,0.977064,0.521435,0.944178,0.866441,0.426059,0.462086],
[0.594900,0.532542,0.380235,0.442634,0.340160,0.354151,0.340131,0.700020,0.078678,0.699892,0.461594,0.098342,0.582462,0.682801,0.864185,0.150037,0.758303,0.924093,0.685190,0.074521,0.061180,0.615871,0.280575,0.684550,0.205099,0.257639,0.205985,0.149277,0.124080,0.632044],
[0.611362,0.718981,0.164586,0.991597,0.161615,0.504746,0.345748,0.501746,0.204766,0.424426,0.201639,0.666360,0.522768,0.784101,0.349161,0.386952,0.934137,0.107464,0.311045,0.619327,0.181986,0.372225,0.235198,0.462561,0.056776,0.440297,0.720200,0.262760,0.589573,0.844280],
[0.894804,0.200936,0.563261,0.059390,0.192533,0.724876,0.564136,0.538281,0.226623,0.768902,0.962707,0.428261,0.435263,0.485475,0.212362,0.784424,0.872427,0.146499,0.891888,0.183472,0.765827,0.073874,0.555698,0.001024,0.536435,0.612473,0.441321,0.256635,0.875233,0.030894],
[0.100915,0.770038,0.231830,0.664176,0.829428,0.424363,0.389053,0.393564,0.962644,0.615675,0.162466,0.925351,0.043936,0.597729,0.410825,0.256298,0.382153,0.283252,0.402798,0.274041,0.466724,0.168625,0.347915,0.022422,0.169649,0.884350,0.634895,0.610970,0.140985,0.510128],
[0.641864,0.241900,0.280166,0.873694,0.906077,0.109594,0.298057,0.295129,0.503158,0.260700,0.910805,0.665624,0.186051,0.954741,0.263353,0.596876,0.211039,0.645506,0.880129,0.613837,0.919547,0.346853,0.782462,0.267463,0.369275,0.952111,0.151813,0.004170,0.563081,0.292798],
[0.514299,0.204945,0.534699,0.794465,0.078639,0.440776,0.904059,0.376696,0.735905,0.407217,0.637397,0.646709,0.072842,0.823448,0.601450,0.336195,0.420324,0.812490,0.981701,0.300453,0.426327,0.901248,0.647306,0.208789,0.168711,0.016581,0.160900,0.320524,0.020751,0.723981]],
[[0.613323,0.535050,0.928926,0.148021,0.329515,0.007565,0.588797,0.233574,0.384261,0.324702,0.640791,0.021658,0.971411,0.713633,0.845106,0.572862,0.049828,0.265430,0.385352,0.031529,0.565883,0.811679,0.932777,0.213189,0.020468,0.101488,0.229770,0.181368,0.422012,0.250521],
[0.905348,0.035335,0.785572,0.834274,0.183356,0.115087,0.841839,0.772153,0.348661,0.226101,0.096855,0.989452,0.247759,0.068266,0.703085,0.092864,0.641128,0.752913,0.358294,0.026480,0.784441,0.924176,0.838158,0.717218,0.137365,0.858626,0.818706,0.367135,0.039994,0.240719],
[0.617657,0.945343,0.276053,0.403228,0.779617,0.459409,0.518315,0.621456,0.231563,0.866975,0.847557,0.328418,0.856427,0.095316,0.396684,0.559512,0.188180,0.037812,0.312424,0.546473,0.064292,0.096865,0.470650,0.902450,0.814084,0.608015,0.761077,0.632790,0.975150,0.801071],
[0.873509,0.592807,0.746413,0.149562,0.996035,0.526030,0.608972,0.514349,0.147487,0.840534,0.381325,0.995044,0.168952,0.237752,0.090359,0.565636,0.797263,0.278539,0.603448,0.109688,0.825012,0.667740,0.206553,0.295662,0.570190,0.020637,0.903677,0.331266,0.653427,0.878827],
[0.132337,0.526936,0.471634,0.878750,0.676498,0.467668,0.404781,0.285470,0.982018,0.552267,0.126004,0.363343,0.547311,0.294956,0.601094,0.637670,0.860591,0.398358,0.916209,0.464039,0.508045,0.741222,0.131779,0.714598,0.036884,0.701969,0.735235,0.940561,0.033235,0.388662],
[0.819388,0.165572,0.915598,0.291022,0.044323,0.592096,0.758690,0.449103,0.877566,0.740708,0.001370,0.003569,0.104051,0.548681,0.298525,0.705145,0.186351,0.159116,0.103503,0.102560,0.623156,0.611548,0.843782,0.754934,0.326147,0.880665,0.456903,0.061382,0.821226,0.490138],
[0.450044,0.640615,0.655710,0.365642,0.931637,0.700033,0.957738,0.690327,0.149136,0.835304,0.431035,0.150506,0.838873,0.535086,0.699187,0.137398,0.240232,0.885538,0.296515,0.343735,0.988098,0.919670,0.955283,0.831879,0.674605,0.281430,0.712545,0.131508,0.342812,0.533771],
[0.621645,0.792856,0.174386,0.277356,0.158498,0.106023,0.977388,0.116236,0.796349,0.126524,0.951540,0.227385,0.277029,0.790413,0.762471,0.976216,0.927811,0.002703,0.861754,0.224326,0.346438,0.849851,0.143996,0.301721,0.681731,0.818601,0.583150,0.394276,0.950109,0.925962],
[0.928047,0.571754,0.718818,0.102433,0.849109,0.877315,0.208455,0.826498,0.993551,0.004805,0.953021,0.945090,0.232190,0.230051,0.735503,0.994661,0.206267,0.663314,0.997364,0.068021,0.887640,0.343801,0.917872,0.031637,0.645522,0.599603,0.850238,0.228673,0.993879,0.800346],
[0.154635,0.921925,0.372100,0.873452,0.024358,0.221210,0.750767,0.232814,0.047707,0.744318,0.237619,0.000728,0.689408,0.469808,0.230779,0.424912,0.464469,0.437046,0.088226,0.461833,0.505066,0.975866,0.805634,0.422939,0.007503,0.451156,0.022541,0.857741,0.679829,0.016420],
[0.658087,0.834463,0.938345,0.030187,0.707915,0.962704,0.251396,0.458682,0.195518,0.299103,0.203001,0.433136,0.299831,0.892409,0.902945,0.530610,0.317321,0.367414,0.967656,0.405547,0.829247,0.472723,0.381413,0.634881,0.895661,0.388916,0.086037,0.918203,0.246657,0.765866],
[0.934623,0.904743,0.600329,0.872968,0.934930,0.308245,0.835672,0.186326,0.766927,0.031189,0.485429,0.969928,0.464326,0.785261,0.862337,0.367270,0.315871,0.179657,0.734684,0.283527,0.585204,0.563931,0.756250,0.966617,0.198812,0.651911,0.355534,0.284850,0.570114,0.602190],
[0.050716,0.504736,0.506934,0.651045,0.377705,0.441864,0.959290,0.213376,0.628190,0.726217,0.244566,0.113619,0.696145,0.708892,0.898879,0.558481,0.076162,0.214750,0.738139,0.810847,0.498277,0.323343,0.374778,0.254527,0.289960,0.573590,0.906438,0.645494,0.858440,0.476552],
[0.247684,0.909156,0.981289,0.754618,0.560201,0.358993,0.196481,0.519491,0.572369,0.824671,0.245708,0.816935,0.938289,0.941853,0.525827,0.837168,0.500334,0.601989,0.051918,0.238473,0.412836,0.550196,0.561816,0.787614,0.804723,0.851776,0.361204,0.711161,0.497270,0.219644],
[0.187713,0.744954,0.128800,0.169002,0.499571,0.689002,0.527995,0.696053,0.208493,0.100364,0.520723,0.454201,0.917300,0.459013,0.396054,0.443127,0.296181,0.896389,0.045116,0.348099,0.134862,0.457952,0.898295,0.696678,0.245566,0.703018,0.548454,0.606770,0.414179,0.045724],
[0.826414,0.601893,0.790677,0.955215,0.770894,0.290249,0.644216,0.298889,0.986301,0.852709,0.399254,0.507025,0.306910,0.316553,0.966037,0.702965,0.759680,0.262218,0.599354,0.804796,0.610318,0.734216,0.262748,0.508613,0.430894,0.508314,0.211631,0.979348,0.115084,0.625810],
[0.025071,0.941498,0.227703,0.815749,0.896713,0.998597,0.105997,0.540929,0.297486,0.092299,0.393638,0.696740,0.599323,0.700548,0.013293,0.565360,0.403513,0.772973,0.827578,0.002867,0.577770,0.437896,0.737082,0.840518,0.946509,0.167976,0.348832,0.158139,0.147324,0.463916],
[0.783949,0.172395,0.405414,0.011652,0.988143,0.302126,0.010249,0.094141,0.843055,0.307735,0.186439,0.236693,0.004475,0.785762,0.937242,0.017768,0.351123,0.340755,0.790742,0.178701,0.343622,0.368511,0.616597,0.080704,0.209029,0.563105,0.248680,0.557861,0.721244,0.396004],
[0.021777,0.505194,0.568398,0.427191,0.516846,0.556542,0.729317,0.527095,0.650682,0.572373,0.834830,0.837122,0.809066,0.839305,0.622884,0.746307,0.857074,0.974007,0.087062,0.647816,0.152707,0.430684,0.016327,0.769304,0.511388,0.225356,0.332409,0.760068,0.783218,0.053653],
[0.156071,0.804995,0.558847,0.724470,0.232186,0.075693,0.281011,0.961503,0.602788,0.931694,0.533876,0.437618,0.768816,0.342941,0.276924,0.391700,0.089249,0.133998,0.365706,0.176311,0.781813,0.518414,0.606994,0.798140,0.287718,0.118382,0.023497,0.620127,0.878450,0.806714],
[0.673780,0.034521,0.611709,0.232627,0.758991,0.843895,0.308320,0.040002,0.805398,0.911108,0.971696,0.339274,0.348727,0.740512,0.682215,0.625651,0.132212,0.771464,0.759648,0.497918,0.947774,0.541462,0.016331,0.554769,0.339602,0.304049,0.673151,0.363098,0.924176,0.551600],
[0.169813,0.597955,0.586122,0.781522,0.830582,0.345113,0.625417,0.138903,0.385115,0.430815,0.050011,0.356811,0.770089,0.398738,0.097323,0.452304,0.024388,0.229535,0.223767,0.784037,0.727453,0.171542,0.325498,0.743784,0.726310,0.665100,0.047833,0.399461,0.028198,0.972009],
[0.951061,0.198011,0.569964,0.537183,0.979533,0.400547,0.882295,0.604950,0.539449,0.267411,0.035765,0.589460,0.624222,0.805854,0.988198,0.721545,0.258158,0.012586,0.951080,0.481925,0.796622,0.678533,0.653467,0.122121,0.422317,0.379777,0.787220,0.470150,0.779238,0.815419],
[0.442159,0.730299,0.013430,0.012123,0.267482,0.992963,0.412670,0.149777,0.597914,0.952119,0.417188,0.633679,0.541579,0.041410,0.439533,0.529777,0.762955,0.697691,0.542363,0.714035,0.179617,0.338985,0.392568,0.833084,0.461106,0.814885,0.212861,0.248326,0.285035,0.992099],
[0.063745,0.727194,0.722397,0.077175,0.739317,0.989879,0.070138,0.151986,0.139656,0.668052,0.104105,0.556844,0.301731,0.645684,0.598254,0.741264,0.175461,0.361208,0.438956,0.717823,0.075243,0.618573,0.056808,0.467811,0.451656,0.517914,0.282696,0.664517,0.766240,0.567730],
[0.656616,0.829985,0.294924,0.379013,0.907160,0.034241,0.368892,0.977298,0.186227,0.508548,0.645350,0.290332,0.065392,0.947081,0.936016,0.663646,0.688345,0.111476,0.024854,0.127301,0.829300,0.100098,0.745874,0.886108,0.567909,0.197530,0.404021,0.850604,0.862047,0.170261],
[0.418334,0.518663,0.000246,0.713258,0.897676,0.907406,0.747499,0.266568,0.884704,0.933726,0.775116,0.530053,0.224058,0.840509,0.477134,0.160074,0.504155,0.165480,0.271550,0.529009,0.292781,0.100850,0.629107,0.038654,0.986958,0.197016,0.236184,0.390979,0.047620,0.098231],
[0.561241,0.465954,0.616894,0.561486,0.179213,0.514570,0.468892,0.926712,0.781138,0.353596,0.860438,0.556254,0.883649,0.084496,0.396763,0.360783,0.244570,0.900918,0.526263,0.516120,0.429928,0.819044,0.616970,0.059035,0.857698,0.603928,0.256050,0.093883,0.994907,0.303670],
[0.192114,0.556148,0.769624,0.809008,0.117634,0.948837,0.323578,0.586526,0.875549,0.104717,0.940122,0.735987,0.660971,0.823771,0.820483,0.057734,0.184554,0.065053,0.958653,0.710817,0.581173,0.388580,0.529861,0.198143,0.447615,0.387560,0.802071,0.703665,0.481442,0.796979],
[0.007335,0.673557,0.353126,0.776960,0.482565,0.470761,0.725797,0.806144,0.057287,0.601346,0.910860,0.997409,0.337332,0.571831,0.821180,0.157815,0.629566,0.005734,0.222867,0.588218,0.716552,0.804040,0.976799,0.246413,0.002183,0.424414,0.633973,0.804255,0.128079,0.115415]],
[[0.601233,0.135415,0.788972,0.954360,0.912374,0.271537,0.425120,0.638171,0.077681,0.482408,0.239517,0.988541,0.479817,0.576849,0.560372,0.300997,0.734664,0.189938,0.306731,0.957531,0.778156,0.023283,0.761571,0.754955,0.269696,0.763755,0.179368,0.903669,0.568009,0.307448],
[0.019085,0.169243,0.442862,0.808057,0.123602,0.355237,0.079594,0.548723,0.993408,0.157275,0.031130,0.232924,0.145817,0.510947,0.809773,0.706189,0.811943,0.544437,0.896127,0.118675,0.501968,0.674283,0.141958,0.263540,0.429238,0.411654,0.027294,0.608606,0.315323,0.595304],
[0.916054,0.334408,0.764546,0.358916,0.142465,0.888148,0.714153,0.222060,0.436871,0.707561,0.379335,0.468001,0.940485,0.525152,0.978948,0.750258,0.231340,0.790891,0.294696,0.127467,0.909566,0.796664,0.801750,0.051524,0.060203,0.230988,0.463178,0.087498,0.839594,0.778501],
[0.682801,0.755648,0.112909,0.447348,0.114564,0.255375,0.335496,0.828717,0.477434,0.772367,0.536277,0.856769,0.240368,0.476763,0.381921,0.219316,0.227021,0.613261,0.010207,0.521716,0.740729,0.919773,0.318380,0.542479,0.971296,0.378583,0.773467,0.434474,0.466081,0.613061],
[0.212975,0.148882,0.368709,0.325884,0.596230,0.483273,0.581259,0.931726,0.311990,0.058693,0.704093,0.848267,0.915462,0.944461,0.325030,0.297383,0.163776,0.552051,0.910645,0.173983,0.073767,0.651373,0.093756,0.392147,0.193852,0.065052,0.770731,0.967319,0.499526,0.236812],
[0.580380,0.712500,0.385695,0.949089,0.038385,0.981925,0.432362,0.619643,0.913651,0.744352,0.678336,0.617743,0.592619,0.593799,0.562204,0.917649,0.891182,0.725981,0.469700,0.801827,0.899964,0.543467,0.453200,0.993720,0.935615,0.647052,0.058772,0.706346,0.614370,0.558297],
[0.943158,0.194750,0.270798,0.328852,0.143839,0.309182,0.310777,0.576201,0.928826,0.224427,0.320553,0.607162,0.842171,0.913172,0.200961,0.404375,0.830821,0.092143,0.130356,0.300521,0.893970,0.030319,0.843988,0.347169,0.024039,0.779602,0.994221,0.082811,0.485948,0.608592],
[0.641108,0.429106,0.803342,0.911906,0.757958,0.947181,0.221088,0.068735,0.523381,0.149914,0.293162,0.843934,0.757076,0.135333,0.757106,0.958037,0.539708,0.587926,0.050180,0.670063,0.888447,0.944150,0.700383,0.732435,0.291320,0.724422,0.512037,0.285541,0.807232,0.997985],
[0.894132,0.448340,0.427091,0.697474,0.360246,0.185049,0.644655,0.581334,0.253784,0.168036,0.731248,0.546946,0.011970,0.488324,0.682279,0.769076,0.446361,0.221987,0.357002,0.496542,0.892051,0.245449,0.440692,0.592433,0.977884,0.732012,0.316855,0.489921,0.017552,0.124087],
[0.487906,0.911685,0.572428,0.914997,0.609159,0.932673,0.100045,0.253813,0.514007,0.353829,0.421849,0.245255,0.900775,0.433820,0.733579,0.583054,0.202895,0.179940,0.805041,0.559897,0.676482,0.697092,0.805346,0.117174,0.289525,0.783230,0.849186,0.606380,0.273151,0.866738],
[0.730468,0.761057,0.778423,0.302895,0.676053,0.387581,0.235569,0.776099,0.641395,0.749576,0.129928,0.063244,0.994831,0.030703,0.497064,0.728411,0.613757,0.699959,0.908351,0.418799,0.259856,0.584833,0.115891,0.065203,0.702007,0.405416,0.848433,0.551193,0.011796,0.121584],
[0.417932,0.742264,0.882641,0.196354,0.045160,0.558694,0.583936,0.280729,0.334793,0.225331,0.030305,0.464721,0.288575,0.025136,0.495424,0.785638,0.753547,0.109181,0.485597,0.661898,0.527980,0.745453,0.246731,0.643871,0.810656,0.948739,0.049287,0.659089,0.499932,0.061083],
[0.780673,0.917864,0.803347,0.663314,0.114218,0.848507,0.222007,0.698154,0.129235,0.556800,0.923485,0.159540,0.021521,0.212059,0.184677,0.516944,0.997698,0.938224,0.626125,0.483295,0.600122,0.154105,0.228748,0.846853,0.797976,0.039404,0.795591,0.847263,0.698494,0.295524],
[0.908346,0.479167,0.213387,0.711693,0.142480,0.327605,0.560200,0.364488,0.025759,0.689435,0.921288,0.949244,0.848975,0.942808,0.161303,0.033652,0.459752,0.159001,0.971875,0.085878,0.642295,0.571997,0.239983,0.871043,0.418849,0.037959,0.910448,0.214441,0.885222,0.608942],
[0.509964,0.793568,0.088108,0.723352,0.505260,0.230589,0.050957,0.065460,0.595076,0.076716,0.754895,0.516364,0.025960,0.603870,0.459172,0.187263,0.637521,0.918925,0.346263,0.609397,0.004802,0.988559,0.181393,0.244786,0.859602,0.600243,0.282745,0.770050,0.814683,0.167967],
[0.378992,0.324648,0.961534,0.467100,0.047999,0.466795,0.697689,0.098956,0.532255,0.292765,0.175672,0.287150,0.809129,0.201632,0.891020,0.268301,0.388895,0.528541,0.187226,0.735158,0.137938,0.192028,0.723717,0.319331,0.436814,0.583319,0.919573,0.719559,0.353369,0.734257],
[0.887525,0.732361,0.058904,0.849060,0.199461,0.106904,0.315854,0.897150,0.205860,0.848109,0.189915,0.381532,0.135259,0.999044,0.583164,0.026279,0.267345,0.972059,0.554820,0.454570,0.707217,0.692757,0.646598,0.430935,0.012088,0.083412,0.014254,0.931661,0.802971,0.367623],
[0.665918,0.690496,0.099985,0.724822,0.539556,0.299446,0.831726,0.855410,0.196596,0.037586,0.703520,0.386510,0.419118,0.838778,0.385554,0.002282,0.865057,0.652898,0.974341,0.419877,0.107469,0.681558,0.112634,0.754067,0.112493,0.124722,0.837479,0.126747,0.056383,0.640450],
[0.494370,0.722301,0.330946,0.594355,0.447123,0.870502,0.893800,0.278849,0.725912,0.090396,0.316435,0.429432,0.476906,0.735553,0.268210,0.862460,0.737835,0.133267,0.515358,0.712176,0.553144,0.622827,0.393735,0.665778,0.376894,0.506228,0.790499,0.214374,0.632975,0.846882],
[0.854824,0.127345,0.569183,0.185770,0.721700,0.016307,0.056272,0.615500,0.295156,0.782185,0.705896,0.611591,0.211617,0.182802,0.347145,0.479827,0.045262,0.084980,0.613094,0.560621,0.797156,0.166238,0.183448,0.190891,0.832016,0.560342,0.697119,0.622516,0.774716,0.330093],
[0.469398,0.629540,0.457438,0.038581,0.815310,0.179138,0.054888,0.871582,0.794638,0.350044,0.653767,0.500534,0.961635,0.865384,0.683336,0.308780,0.345211,0.728598,0.393760,0.958305,0.289219,0.190916,0.124544,0.472667,0.381807,0.956560,0.033009,0.078926,0.579075,0.807725],
[0.409019,0.048473,0.437265,0.866458,0.087055,0.252575,0.045595,0.141943,0.124157,0.840233,0.491987,0.777924,0.340766,0.453622,0.643307,0.024102,0.762402,0.988518,0.752700,0.156162,0.946823,0.041919,0.347079,0.071366,0.514586,0.728886,0.027926,0.547595,0.807813,0.607002],
[0.355320,0.216832,0.655475,0.792585,0.083289,0.742530,0.045159,0.128885,0.884473,0.169316,0.969117,0.376459,0.947240,0.309883,0.830082,0.590547,0.333985,0.592484,0.579065,0.086686,0.748646,0.525888,0.128605,0.095725,0.597254,0.643191,0.824612,0.625180,0.190786,0.632424],
[0.232182,0.546106,0.849256,0.887657,0.338690,0.932545,0.630187,0.383850,0.061430,0.514659,0.553166,0.030547,0.891119,0.500406,0.340431,0.721200,0.090953,0.674416,0.313684,0.670017,0.761102,0.062331,0.195905,0.889707,0.158056,0.793159,0.532898,0.982667,0.418340,0.723683],
[0.615091,0.650522,0.269789,0.464347,0.538179,0.608480,0.396893,0.168365,0.992329,0.458323,0.683025,0.545495,0.488870,0.574143,0.045901,0.829300,0.295343,0.136853,0.503716,0.609028,0.806871,0.264818,0.671358,0.002776,0.154525,0.829414,0.795935,0.687422,0.812081,0.214275],
[0.411105,0.427173,0.864797,0.680895,0.891520,0.402976,0.289374,0.288413,0.571341,0.281704,0.746735,0.254366,0.827199,0.235605,0.828509,0.873099,0.064905,0.123853,0.009952,0.568622,0.732880,0.816823,0.833440,0.404239,0.819599,0.987964,0.233653,0.615534,0.675386,0.045734],
[0.829809,0.086492,0.472907,0.694606,0.767386,0.364426,0.097582,0.056761,0.652839,0.668923,0.338464,0.399574,0.923289,0.165663,0.635179,0.751798,0.038762,0.700084,0.875651,0.048715,0.268706,0.608531,0.865537,0.102146,0.012770,0.685136,0.090110,0.246422,0.300670,0.765496],
[0.292156,0.130479,0.851988,0.765063,0.825085,0.619374,0.129489,0.922667,0.676135,0.782328,0.591590,0.014599,0.181902,0.514879,0.180262,0.817081,0.266677,0.219025,0.517166,0.142328,0.267739,0.785872,0.750859,0.133277,0.888017,0.763628,0.818413,0.978127,0.010050,0.119083],
[0.743623,0.302206,0.249562,0.595611,0.067269,0.074647,0.214985,0.196758,0.997314,0.891120,0.979085,0.588904,0.905720,0.160987,0.103783,0.085982,0.978068,0.370460,0.305007,0.495234,0.512787,0.572746,0.281106,0.263646,0.706023,0.169123,0.027274,0.524436,0.147250,0.037324],
[0.643518,0.890873,0.339530,0.893080,0.486484,0.406799,0.967727,0.701470,0.603557,0.965041,0.592590,0.582642,0.553944,0.498310,0.743630,0.657727,0.584292,0.721698,0.028187,0.889299,0.216932,0.540974,0.462046,0.498038,0.804619,0.168069,0.667160,0.831893,0.692504,0.814410]]];

c=[[3,10,4,9,8,1,1,2,4,5,8,6,9,4,1,8,3,9,2,6,6,1,5,1,7,2,2,2,7,6],
[9,1,8,5,10,5,5,2,6,1,6,3,6,6,8,8,3,1,8,7,8,4,7,4,6,6,5,8,9,3],
[5,8,4,2,2,5,7,8,6,4,8,3,9,5,9,6,2,3,8,2,9,5,5,8,8,2,3,5,1,1],
[9,6,10,4,9,3,8,7,1,5,3,10,8,1,5,8,8,8,10,6,9,1,2,5,8,10,9,2,6,9],
[4,4,6,4,8,7,8,7,3,10,2,5,10,1,7,4,10,5,3,1,10,2,1,1,8,10,2,6,1,9],
[5,5,5,2,10,4,8,9,10,3,9,3,7,8,5,6,3,4,10,5,5,1,8,7,3,6,7,5,1,7],
[5,7,3,9,9,4,2,8,3,4,10,3,8,9,2,3,4,4,6,3,10,2,5,8,9,7,3,5,3,5],
[3,8,2,6,8,2,1,2,9,3,5,1,7,4,9,8,6,2,1,4,6,1,5,10,10,3,6,2,7,1],
[8,10,8,1,7,7,2,7,8,3,2,4,3,8,8,3,6,5,4,8,8,1,10,3,2,9,5,9,2,4],
[9,10,5,8,10,3,5,4,1,4,8,2,8,10,2,7,2,9,1,7,6,9,9,6,1,10,6,7,8,8],
[2,9,9,8,6,10,10,10,5,1,6,2,4,3,3,7,1,4,5,1,2,3,1,10,10,3,1,5,2,1],
[4,3,9,4,1,6,4,2,8,10,4,3,2,8,5,4,4,7,10,1,7,3,3,10,3,2,2,5,8,3],
[5,2,8,3,7,8,1,10,1,8,2,5,10,3,4,6,8,7,2,7,9,10,10,3,9,4,6,3,8,4],
[5,5,7,2,9,3,1,9,5,2,6,6,8,5,10,1,10,7,9,3,6,8,3,7,10,3,2,6,5,1],
[1,2,5,7,5,4,1,8,2,7,1,8,2,8,4,3,8,6,10,6,10,7,5,2,3,5,7,6,2,3],
[6,4,6,1,2,3,4,2,10,7,9,10,6,2,9,2,5,6,7,6,3,6,2,8,10,6,4,8,1,5],
[10,6,8,8,8,9,10,3,2,9,10,2,10,7,4,10,8,8,5,6,3,7,2,6,6,3,1,9,10,3],
[3,1,8,2,8,8,2,9,10,4,9,1,7,8,8,10,7,7,9,3,3,3,2,6,8,7,8,10,6,9],
[2,10,9,2,2,9,9,5,7,10,10,6,3,7,5,2,6,4,8,5,8,2,9,1,7,7,8,6,8,5],
[6,10,4,7,3,7,5,3,2,3,2,1,10,4,9,7,7,5,2,5,1,9,8,1,10,5,7,9,2,7],
[3,8,6,6,4,10,5,10,2,6,2,5,8,4,9,7,10,7,3,1,1,5,1,9,5,2,5,2,10,6],
[10,2,5,7,10,10,6,4,9,7,1,3,1,8,6,1,6,7,8,8,9,10,2,9,10,7,3,4,10,2],
[2,9,6,8,5,5,8,10,10,6,8,10,10,10,9,5,1,5,3,10,2,3,9,6,4,9,2,6,4,3],
[7,7,3,4,5,7,8,4,8,9,9,7,10,1,6,9,7,8,3,10,7,6,2,8,3,5,8,6,10,1],
[8,9,10,10,2,6,8,2,9,7,2,9,3,2,9,1,10,6,8,4,7,5,1,8,2,4,5,1,1,6],
[1,1,4,2,10,8,7,10,9,7,8,10,6,1,3,6,3,2,1,10,7,9,4,8,7,7,3,3,7,3],
[8,10,3,2,3,5,1,10,6,1,8,3,2,5,5,5,1,7,6,3,7,3,2,2,2,10,1,6,2,9],
[8,9,8,3,2,1,7,2,2,4,2,9,6,4,6,3,8,6,9,5,10,7,9,1,1,10,10,1,5,1],
[9,5,2,9,7,3,1,5,5,2,10,6,2,5,1,7,9,8,4,10,3,4,6,1,4,6,3,6,8,9],
[8,7,3,9,5,1,2,5,7,8,8,6,3,1,3,4,10,1,3,3,10,5,6,8,8,2,5,2,9,3],
];
