m=40;
n=40;
p=3;
q=3;

alpha=[0.714552,0.852850,0.771451,0.901101,0.774763,0.877216];

proba=[[[0.799616,0.505626,0.704641,0.965965,0.809705,0.123427,0.380793,0.566251,0.509498,0.703406,0.600183,0.315188,0.861519,0.740645,0.313738,0.428859,0.922113,0.337596,0.081170,0.895303,0.041788,0.666619,0.581327,0.535475,0.768993,0.010430,0.241174,0.311896,0.812632,0.790700,0.066327,0.612248,0.296325,0.770969,0.578213,0.106031,0.894396,0.959007,0.672281,0.403894],
[0.662412,0.272464,0.719081,0.523931,0.013109,0.032819,0.952790,0.935222,0.370415,0.033960,0.830525,0.412204,0.700579,0.411852,0.947679,0.469572,0.422282,0.188853,0.781468,0.234914,0.979553,0.847796,0.847162,0.275878,0.618764,0.425375,0.381909,0.513160,0.384382,0.054191,0.917054,0.046794,0.326655,0.636136,0.570725,0.339764,0.668955,0.523515,0.274986,0.039370],
[0.557476,0.105512,0.451574,0.258055,0.517363,0.399253,0.727627,0.939645,0.588106,0.509095,0.174560,0.567659,0.356891,0.021722,0.843537,0.975655,0.447097,0.225446,0.488816,0.831479,0.279637,0.405870,0.878274,0.606291,0.042005,0.448999,0.946055,0.710960,0.972515,0.221042,0.750330,0.529991,0.326553,0.201904,0.788045,0.843916,0.601157,0.515672,0.783562,0.189262],
[0.024768,0.958122,0.756921,0.381659,0.979844,0.600458,0.357314,0.426941,0.825904,0.846130,0.258420,0.105541,0.252000,0.136694,0.711832,0.294005,0.585693,0.657888,0.004965,0.558208,0.878929,0.755296,0.088199,0.205482,0.957200,0.876244,0.049399,0.558356,0.391917,0.832961,0.747619,0.416684,0.791082,0.504540,0.798344,0.770926,0.104998,0.155658,0.197867,0.930902],
[0.001788,0.456287,0.036442,0.253788,0.592982,0.748275,0.547793,0.178675,0.406162,0.552758,0.736883,0.285091,0.308054,0.825082,0.490574,0.265254,0.701326,0.539973,0.823610,0.093243,0.372933,0.571229,0.509927,0.164016,0.075769,0.308271,0.934941,0.180767,0.463929,0.132808,0.111668,0.465717,0.589096,0.148111,0.719505,0.182077,0.896386,0.267298,0.360752,0.302548],
[0.820056,0.097636,0.587639,0.128110,0.922718,0.078213,0.393363,0.624044,0.618186,0.216973,0.717286,0.991119,0.788202,0.227214,0.155134,0.863971,0.535484,0.090076,0.044738,0.999413,0.222884,0.156406,0.465130,0.811980,0.304517,0.184634,0.994057,0.200903,0.451932,0.354809,0.503451,0.271988,0.452445,0.091090,0.400098,0.375163,0.169303,0.793461,0.999206,0.787489],
[0.010434,0.716493,0.778608,0.798637,0.943706,0.933742,0.662608,0.479191,0.023818,0.707346,0.478604,0.246702,0.863752,0.943734,0.058682,0.168269,0.128368,0.052739,0.369172,0.580300,0.407548,0.872622,0.852288,0.859993,0.963712,0.252386,0.235156,0.133015,0.045847,0.234362,0.920504,0.056281,0.950855,0.699112,0.854918,0.894561,0.632854,0.517526,0.373752,0.656672],
[0.224871,0.852356,0.903374,0.088623,0.796089,0.962056,0.256892,0.924457,0.014795,0.626064,0.504757,0.422343,0.498686,0.357045,0.282337,0.462398,0.609431,0.517493,0.595414,0.655278,0.751855,0.515918,0.711559,0.702710,0.215030,0.566477,0.597271,0.847884,0.084003,0.971024,0.504556,0.308874,0.823379,0.407930,0.397497,0.619469,0.369986,0.654389,0.543926,0.384781],
[0.280453,0.048684,0.807124,0.779139,0.405729,0.089461,0.241537,0.015160,0.606954,0.836951,0.670438,0.358809,0.352869,0.381998,0.061519,0.567899,0.948475,0.658790,0.415784,0.032477,0.629814,0.920340,0.341351,0.453193,0.328270,0.738848,0.072662,0.698256,0.393237,0.616588,0.083038,0.673689,0.665272,0.890162,0.452828,0.071001,0.979623,0.694365,0.086161,0.586577],
[0.531316,0.756599,0.945385,0.884185,0.138597,0.006904,0.452085,0.087072,0.665694,0.867868,0.119549,0.295507,0.788208,0.460900,0.748700,0.116479,0.199748,0.821362,0.814735,0.592985,0.437950,0.897773,0.266674,0.103222,0.787935,0.719502,0.174222,0.767558,0.413867,0.260383,0.354135,0.945183,0.016983,0.299520,0.829369,0.155580,0.306424,0.281453,0.242651,0.972118],
[0.149322,0.362200,0.267625,0.937530,0.823100,0.016326,0.054009,0.022848,0.837688,0.868744,0.615833,0.275638,0.766517,0.882508,0.378859,0.554452,0.602010,0.553082,0.322010,0.015877,0.813465,0.676145,0.961061,0.830448,0.975665,0.790429,0.986027,0.282089,0.071882,0.228678,0.254207,0.221204,0.590878,0.521833,0.158734,0.413979,0.538159,0.212743,0.436827,0.375846],
[0.081487,0.052660,0.651484,0.848005,0.935168,0.030344,0.402456,0.537178,0.583425,0.724466,0.553055,0.396890,0.400611,0.514116,0.227338,0.376276,0.304545,0.213365,0.658365,0.376428,0.442044,0.912573,0.597632,0.032922,0.434405,0.756366,0.446901,0.972564,0.969110,0.883728,0.348410,0.050597,0.936388,0.999895,0.898601,0.871556,0.030238,0.301058,0.408734,0.613664],
[0.025524,0.961789,0.010554,0.426136,0.475905,0.237892,0.802412,0.780451,0.451257,0.460778,0.156878,0.893301,0.373350,0.754510,0.926223,0.807756,0.510877,0.373124,0.780319,0.479986,0.256851,0.128730,0.530583,0.193239,0.128624,0.429185,0.064795,0.158863,0.730243,0.473529,0.772526,0.755767,0.435318,0.783080,0.181903,0.911224,0.020972,0.984315,0.691674,0.472230],
[0.445092,0.848553,0.365531,0.818442,0.603063,0.291754,0.626198,0.113940,0.664877,0.406517,0.593926,0.921729,0.535247,0.124509,0.114968,0.663871,0.553693,0.179763,0.822734,0.283936,0.653292,0.595260,0.039703,0.088610,0.378341,0.221606,0.999834,0.399313,0.205921,0.691509,0.871543,0.651013,0.540061,0.237073,0.469455,0.143124,0.528827,0.095653,0.257064,0.193704],
[0.502171,0.850990,0.115433,0.037418,0.975499,0.230401,0.701289,0.529192,0.410164,0.524024,0.813128,0.063456,0.119284,0.852831,0.152066,0.497625,0.074436,0.151900,0.896938,0.280357,0.843409,0.768481,0.931370,0.383470,0.005554,0.400825,0.526595,0.534381,0.496478,0.783659,0.728085,0.998649,0.634649,0.843518,0.036067,0.610147,0.073919,0.737357,0.139339,0.484082],
[0.261380,0.952467,0.547538,0.380664,0.805298,0.699604,0.878289,0.879734,0.851504,0.775226,0.160091,0.694913,0.543707,0.091461,0.078383,0.549261,0.492286,0.604978,0.083642,0.988764,0.388637,0.811728,0.987413,0.023285,0.655246,0.023481,0.633433,0.729165,0.760837,0.772772,0.213247,0.022217,0.725239,0.760785,0.402882,0.530536,0.460389,0.281170,0.410270,0.311894],
[0.056397,0.570361,0.006807,0.600104,0.661822,0.085190,0.149365,0.154108,0.690168,0.233007,0.142872,0.078805,0.044735,0.130285,0.102090,0.699981,0.153766,0.735522,0.429146,0.914603,0.508294,0.642393,0.936821,0.233533,0.403179,0.339702,0.764069,0.863568,0.620872,0.174339,0.175462,0.677269,0.744700,0.182268,0.277373,0.406522,0.267458,0.426737,0.560630,0.957626],
[0.659744,0.703502,0.036430,0.704479,0.833787,0.138520,0.404460,0.987553,0.874043,0.833605,0.902156,0.382337,0.475999,0.838977,0.615870,0.879177,0.178679,0.379938,0.742745,0.799551,0.554277,0.918207,0.476820,0.298978,0.100475,0.754193,0.705500,0.367933,0.180930,0.266130,0.325559,0.840674,0.969632,0.361989,0.545153,0.803419,0.500510,0.949613,0.790972,0.374553],
[0.783219,0.693128,0.756890,0.259217,0.532105,0.372759,0.138394,0.710784,0.752698,0.881139,0.510336,0.306975,0.799346,0.987156,0.605953,0.899821,0.741349,0.311452,0.267754,0.922279,0.577582,0.593313,0.762953,0.547214,0.955302,0.308107,0.350633,0.455812,0.257720,0.141605,0.830364,0.040938,0.834733,0.587254,0.300155,0.366839,0.960013,0.438550,0.077623,0.712711],
[0.319689,0.587959,0.019686,0.119035,0.575115,0.625639,0.018856,0.316464,0.937091,0.286610,0.238743,0.514673,0.879923,0.001696,0.061887,0.835225,0.309803,0.412520,0.291037,0.567523,0.554125,0.121401,0.608461,0.388858,0.708655,0.908616,0.755697,0.668669,0.347166,0.833320,0.381380,0.666855,0.421278,0.401066,0.785890,0.996393,0.026705,0.804746,0.312857,0.963796],
[0.091357,0.551599,0.478469,0.971280,0.553295,0.540356,0.806504,0.863098,0.952876,0.097541,0.430621,0.507001,0.218942,0.039082,0.895859,0.927598,0.947698,0.651555,0.596266,0.294864,0.484875,0.977646,0.961719,0.906153,0.378712,0.747609,0.902546,0.405417,0.552356,0.215403,0.369212,0.643712,0.767003,0.847681,0.614992,0.320298,0.388037,0.421496,0.183396,0.340913],
[0.519038,0.614017,0.847914,0.737980,0.653099,0.743773,0.665578,0.600797,0.395328,0.261844,0.895661,0.880203,0.239490,0.857380,0.786356,0.618202,0.604989,0.688903,0.023619,0.157345,0.904306,0.392831,0.801057,0.671309,0.240512,0.416049,0.991607,0.628550,0.837546,0.175003,0.969463,0.356583,0.789020,0.817377,0.094563,0.442119,0.561150,0.760141,0.042915,0.956478],
[0.021985,0.938576,0.836682,0.261475,0.795956,0.623038,0.879677,0.400945,0.311941,0.903296,0.558290,0.216247,0.296127,0.359347,0.887556,0.536639,0.775396,0.879162,0.165189,0.612942,0.054165,0.134652,0.969525,0.843185,0.952029,0.064088,0.285304,0.513180,0.824229,0.328220,0.469658,0.846213,0.266796,0.306340,0.107688,0.062752,0.929378,0.987365,0.463697,0.241318],
[0.890661,0.021987,0.457565,0.186788,0.381334,0.345121,0.723428,0.156730,0.224283,0.888617,0.769672,0.278449,0.023269,0.739197,0.121634,0.975298,0.803285,0.406938,0.488478,0.627514,0.735158,0.958136,0.473728,0.001954,0.264475,0.581416,0.064705,0.193853,0.568781,0.528402,0.435171,0.459443,0.550388,0.892737,0.646231,0.931722,0.237858,0.369659,0.088452,0.462141],
[0.258275,0.858124,0.740589,0.281544,0.597322,0.862223,0.256842,0.400607,0.269162,0.745319,0.028121,0.004319,0.703455,0.501849,0.006273,0.967930,0.083265,0.070978,0.161783,0.652046,0.599380,0.596955,0.111489,0.149769,0.489691,0.757720,0.081491,0.727549,0.127379,0.169943,0.189689,0.385654,0.028067,0.930279,0.667198,0.625389,0.792502,0.924040,0.025996,0.061664],
[0.669359,0.054117,0.065983,0.372815,0.555966,0.072256,0.340745,0.639231,0.143234,0.502528,0.291277,0.742614,0.099483,0.402766,0.892383,0.589174,0.160486,0.973874,0.316723,0.287865,0.143817,0.506412,0.673519,0.171884,0.436691,0.340717,0.797273,0.229193,0.264757,0.823269,0.290857,0.934116,0.877386,0.356840,0.306931,0.433352,0.429096,0.647676,0.072583,0.572330],
[0.150204,0.363859,0.314944,0.249687,0.766625,0.207327,0.838861,0.927111,0.181201,0.155584,0.214975,0.325018,0.661996,0.888494,0.496902,0.098687,0.229211,0.294175,0.327881,0.493968,0.117443,0.618738,0.428084,0.994829,0.975578,0.735015,0.428181,0.404674,0.382691,0.500764,0.977004,0.532895,0.864623,0.291948,0.782582,0.631248,0.499275,0.621443,0.558359,0.680476],
[0.777027,0.773334,0.005494,0.439023,0.661828,0.502395,0.537710,0.891039,0.796570,0.865591,0.385007,0.914013,0.484329,0.813091,0.908843,0.459906,0.548106,0.337024,0.864580,0.930797,0.837788,0.841583,0.463692,0.702411,0.133531,0.246274,0.333659,0.632806,0.867716,0.892018,0.313283,0.644743,0.665352,0.318777,0.083766,0.327180,0.821172,0.621476,0.218220,0.617742],
[0.487067,0.603227,0.531755,0.971396,0.416318,0.440598,0.431302,0.964424,0.777622,0.295881,0.895220,0.615410,0.137465,0.358912,0.317821,0.270996,0.605186,0.651480,0.903802,0.472902,0.543497,0.217085,0.117645,0.208849,0.535862,0.201411,0.536029,0.357034,0.822887,0.754249,0.974776,0.309954,0.357476,0.506531,0.281350,0.773793,0.947129,0.712652,0.738217,0.724752],
[0.008533,0.633437,0.340162,0.145998,0.992350,0.657982,0.416994,0.597535,0.309462,0.320796,0.070437,0.852959,0.537881,0.188082,0.061808,0.073743,0.389493,0.597838,0.430776,0.212381,0.352087,0.405552,0.522335,0.709562,0.912083,0.803685,0.483356,0.859212,0.516337,0.221573,0.583964,0.524870,0.855010,0.924126,0.670867,0.847359,0.582108,0.087861,0.444895,0.891570],
[0.408657,0.515332,0.744529,0.946538,0.703414,0.806338,0.020281,0.092908,0.404175,0.451057,0.305288,0.756262,0.856609,0.827623,0.465825,0.768692,0.631308,0.949180,0.627904,0.147645,0.170753,0.211868,0.672515,0.025763,0.135994,0.343382,0.873123,0.718102,0.431243,0.318017,0.609672,0.839900,0.833349,0.354201,0.786438,0.536763,0.160538,0.806719,0.629671,0.564714],
[0.257776,0.934959,0.320976,0.114385,0.762583,0.786801,0.883077,0.393891,0.735981,0.510981,0.541536,0.906734,0.722849,0.214051,0.932497,0.858842,0.557433,0.805620,0.576944,0.988676,0.123637,0.186615,0.828576,0.956986,0.540816,0.615014,0.493750,0.701354,0.421733,0.123421,0.266068,0.679509,0.058380,0.587044,0.793894,0.820963,0.373844,0.676970,0.214854,0.109825],
[0.187951,0.756390,0.016559,0.910800,0.970440,0.949057,0.769642,0.527873,0.754677,0.346586,0.516549,0.878314,0.533201,0.345125,0.835300,0.074017,0.960140,0.329050,0.775371,0.381873,0.452471,0.041439,0.061382,0.510850,0.628482,0.855276,0.331813,0.002326,0.532246,0.546667,0.112152,0.720197,0.303056,0.128711,0.630997,0.273497,0.077768,0.400639,0.801370,0.832444],
[0.747224,0.317919,0.710758,0.280425,0.663044,0.546058,0.354442,0.623184,0.875108,0.129813,0.005057,0.327579,0.171252,0.066439,0.838429,0.799734,0.921715,0.170242,0.802060,0.453961,0.716909,0.914212,0.174159,0.019965,0.042923,0.805156,0.293462,0.120690,0.205794,0.094831,0.953135,0.953019,0.412751,0.663893,0.233444,0.075795,0.209951,0.587886,0.698979,0.085060],
[0.717699,0.704036,0.412639,0.888951,0.770475,0.251068,0.688685,0.692190,0.421310,0.490745,0.146151,0.138219,0.404956,0.320310,0.158184,0.447879,0.125466,0.451646,0.568569,0.331260,0.546477,0.521704,0.284279,0.959228,0.185597,0.517723,0.035023,0.395548,0.105610,0.734002,0.480608,0.823309,0.438038,0.893246,0.712260,0.208513,0.144314,0.400944,0.900703,0.565624],
[0.891689,0.046855,0.703843,0.296645,0.367165,0.862027,0.744524,0.492630,0.313673,0.313092,0.823890,0.860150,0.834796,0.108169,0.819378,0.020393,0.625892,0.854400,0.415941,0.731502,0.588402,0.896548,0.554811,0.026440,0.789795,0.267071,0.234954,0.934109,0.668016,0.135657,0.499733,0.559705,0.182512,0.203576,0.856350,0.549677,0.065603,0.600873,0.042307,0.379276],
[0.913966,0.866197,0.239426,0.748762,0.974366,0.058803,0.769154,0.600259,0.913204,0.185095,0.331761,0.501606,0.081643,0.886572,0.528046,0.871438,0.153643,0.763000,0.805547,0.821659,0.898657,0.305280,0.381364,0.081169,0.508856,0.237713,0.630846,0.574459,0.838586,0.673153,0.953735,0.752552,0.539350,0.193161,0.501313,0.513717,0.251965,0.270467,0.113975,0.165168],
[0.455562,0.445736,0.666774,0.537205,0.332309,0.194821,0.408643,0.485952,0.957821,0.214189,0.307611,0.856478,0.519469,0.688974,0.937647,0.028325,0.926687,0.568494,0.602785,0.765274,0.241647,0.556520,0.517826,0.780997,0.749681,0.019139,0.294714,0.001646,0.289606,0.408689,0.166814,0.745168,0.854425,0.833589,0.282374,0.186734,0.028409,0.691016,0.672686,0.986230],
[0.905206,0.980297,0.842708,0.424675,0.669271,0.780356,0.453000,0.595958,0.348849,0.055785,0.361232,0.590496,0.612305,0.879057,0.371493,0.361986,0.898196,0.666207,0.363632,0.187803,0.074896,0.530446,0.932971,0.929321,0.364035,0.215345,0.116055,0.392444,0.906361,0.788741,0.378675,0.811567,0.769038,0.221383,0.236242,0.438308,0.001738,0.689242,0.034267,0.350587],
[0.745027,0.395498,0.941083,0.357332,0.274556,0.312576,0.719318,0.172752,0.978783,0.082950,0.360555,0.053678,0.613396,0.293526,0.983000,0.977431,0.508871,0.099055,0.369876,0.415232,0.887796,0.748550,0.226799,0.656833,0.969933,0.463041,0.095142,0.971671,0.152283,0.129408,0.322258,0.897310,0.524906,0.263342,0.254642,0.799462,0.575918,0.973960,0.972214,0.554701]],
[[0.056909,0.332769,0.608379,0.670306,0.626295,0.591379,0.647737,0.135165,0.690433,0.017612,0.550397,0.578229,0.766162,0.777196,0.235062,0.736095,0.240236,0.330204,0.707766,0.392519,0.459612,0.030025,0.289829,0.984518,0.293366,0.544471,0.783980,0.869284,0.518431,0.756195,0.423985,0.575340,0.088964,0.032365,0.245646,0.715258,0.623743,0.893383,0.850424,0.314177],
[0.910995,0.400821,0.892406,0.677157,0.178017,0.127468,0.413253,0.418253,0.457672,0.121019,0.810772,0.917284,0.151043,0.100601,0.901802,0.444410,0.645072,0.685783,0.313694,0.163503,0.441977,0.737679,0.738844,0.530941,0.770044,0.984490,0.246199,0.393787,0.877872,0.096623,0.707964,0.788867,0.497444,0.600370,0.466025,0.675460,0.727838,0.879277,0.093713,0.185510],
[0.000296,0.904485,0.102794,0.151339,0.005086,0.004597,0.595749,0.650159,0.690379,0.909443,0.813662,0.132357,0.647122,0.552506,0.663298,0.417166,0.536996,0.909497,0.810953,0.414868,0.006120,0.518917,0.203735,0.503564,0.119287,0.669760,0.179024,0.847125,0.549038,0.272737,0.032635,0.549334,0.177222,0.135430,0.700673,0.182309,0.140026,0.296422,0.832468,0.830406],
[0.205865,0.646130,0.962763,0.852988,0.198636,0.626060,0.270154,0.735631,0.535557,0.081107,0.150500,0.541677,0.600024,0.354235,0.045241,0.719311,0.023995,0.224265,0.566436,0.573033,0.497002,0.599071,0.122367,0.674225,0.734501,0.823040,0.856534,0.874527,0.119462,0.689001,0.704933,0.325328,0.335131,0.667695,0.178315,0.533767,0.293755,0.448469,0.269399,0.829312],
[0.529576,0.419898,0.370989,0.129599,0.774133,0.416230,0.848910,0.798128,0.640495,0.415345,0.371161,0.137497,0.014416,0.493528,0.811722,0.748917,0.316568,0.668256,0.623444,0.436031,0.357257,0.328376,0.761358,0.692388,0.996071,0.939674,0.226155,0.289827,0.388142,0.495554,0.119139,0.917718,0.915452,0.490128,0.047317,0.689585,0.906359,0.896227,0.487713,0.546854],
[0.311573,0.858874,0.684351,0.325989,0.352403,0.496073,0.074906,0.668971,0.164329,0.698349,0.105002,0.521585,0.026725,0.866360,0.213973,0.022797,0.806033,0.440128,0.312623,0.194176,0.935682,0.431762,0.111894,0.851134,0.921890,0.159212,0.540718,0.828249,0.055439,0.028431,0.375103,0.367012,0.887306,0.059454,0.693000,0.239709,0.555527,0.767906,0.908680,0.719855],
[0.466255,0.013681,0.241441,0.492981,0.880041,0.455414,0.515777,0.686075,0.895542,0.828401,0.880251,0.831224,0.260163,0.992145,0.682358,0.182053,0.151356,0.223076,0.010302,0.206795,0.251508,0.385405,0.573807,0.138814,0.444859,0.266807,0.378522,0.000386,0.034713,0.287202,0.720241,0.500969,0.300883,0.961681,0.993949,0.180924,0.417095,0.509727,0.866999,0.312638],
[0.338128,0.747250,0.143862,0.598290,0.739394,0.826220,0.780344,0.890751,0.049296,0.790646,0.097546,0.300804,0.176051,0.671352,0.439618,0.620910,0.938160,0.818140,0.621295,0.972873,0.105342,0.341536,0.473842,0.406225,0.303218,0.467791,0.587149,0.720313,0.977518,0.454148,0.032951,0.315645,0.201397,0.176813,0.913936,0.940792,0.003033,0.694279,0.831542,0.052329],
[0.484925,0.929088,0.353133,0.660976,0.600440,0.792751,0.281886,0.538600,0.610890,0.903181,0.511473,0.716232,0.244717,0.985314,0.122457,0.547935,0.453105,0.709606,0.268248,0.430623,0.163754,0.301198,0.746269,0.365151,0.478011,0.660205,0.305943,0.481044,0.354484,0.137485,0.533373,0.839409,0.066573,0.886506,0.500385,0.667014,0.679256,0.782271,0.205614,0.290147],
[0.685452,0.717087,0.006379,0.930169,0.702401,0.128835,0.478104,0.155506,0.838441,0.746352,0.586130,0.002195,0.047550,0.332398,0.367346,0.525561,0.992603,0.673289,0.006605,0.347087,0.810774,0.539978,0.186496,0.877348,0.426483,0.686881,0.544361,0.105740,0.469152,0.749975,0.395886,0.154604,0.467062,0.402265,0.084773,0.169463,0.531100,0.562878,0.324970,0.369541],
[0.309229,0.911099,0.371736,0.356780,0.243498,0.739082,0.882341,0.236101,0.412371,0.888946,0.583188,0.223145,0.428923,0.769684,0.100492,0.855407,0.456565,0.644854,0.961146,0.925717,0.394829,0.357032,0.080321,0.861891,0.759297,0.165095,0.031355,0.290397,0.727972,0.356324,0.659938,0.037201,0.267424,0.031673,0.393981,0.510921,0.770755,0.276322,0.747022,0.183126],
[0.165267,0.330210,0.406271,0.594191,0.099893,0.506763,0.449597,0.556458,0.151617,0.410743,0.482175,0.546446,0.767776,0.562496,0.408338,0.527072,0.727591,0.439693,0.817469,0.455563,0.796017,0.477407,0.492764,0.063441,0.509080,0.886745,0.574362,0.279835,0.163067,0.321384,0.462961,0.328334,0.651594,0.869232,0.922525,0.751488,0.375995,0.372122,0.307946,0.527612],
[0.782866,0.790121,0.074059,0.550641,0.352617,0.482397,0.077713,0.080208,0.922090,0.895183,0.535770,0.718107,0.372589,0.028534,0.781547,0.881670,0.915280,0.355909,0.161505,0.078347,0.677294,0.624466,0.406681,0.328888,0.493699,0.329206,0.080376,0.869694,0.701328,0.388321,0.397306,0.484193,0.178442,0.471365,0.034835,0.531059,0.953762,0.112548,0.611267,0.875851],
[0.007731,0.147037,0.593958,0.380320,0.175572,0.375505,0.261990,0.090851,0.731415,0.423495,0.169198,0.408708,0.047961,0.575879,0.737596,0.541660,0.905084,0.817972,0.411354,0.606412,0.206293,0.808660,0.090606,0.384735,0.280025,0.125440,0.915795,0.233787,0.237988,0.527062,0.109638,0.245719,0.674099,0.703596,0.626039,0.849670,0.079101,0.888028,0.940522,0.810516],
[0.311523,0.109719,0.219224,0.359484,0.685598,0.956820,0.901144,0.590683,0.774792,0.312498,0.197095,0.981085,0.121157,0.287701,0.365820,0.401182,0.413141,0.281615,0.634969,0.651129,0.808677,0.744607,0.896848,0.482775,0.448203,0.522887,0.332446,0.527304,0.410915,0.272967,0.337820,0.722438,0.382687,0.557044,0.081923,0.068285,0.513864,0.983067,0.658967,0.288655],
[0.295564,0.856062,0.269740,0.416722,0.143763,0.635561,0.817904,0.556904,0.917176,0.452872,0.208033,0.725853,0.197479,0.104881,0.208628,0.645682,0.627768,0.541074,0.172986,0.038684,0.814041,0.510806,0.761122,0.196728,0.067850,0.843045,0.265012,0.581713,0.826111,0.923980,0.870369,0.121676,0.780042,0.140109,0.538397,0.923804,0.775670,0.356301,0.480708,0.692846],
[0.809173,0.688742,0.418698,0.006653,0.793623,0.627326,0.652335,0.421391,0.168400,0.825321,0.460075,0.982441,0.336127,0.221197,0.179169,0.403977,0.064242,0.444181,0.985690,0.890353,0.368161,0.856059,0.012029,0.148202,0.996168,0.550426,0.072007,0.771838,0.906727,0.552715,0.464684,0.715901,0.241456,0.883382,0.722553,0.035079,0.510708,0.374888,0.456471,0.679109],
[0.200209,0.916546,0.661550,0.536336,0.137743,0.840718,0.940313,0.201985,0.284899,0.926003,0.092338,0.653060,0.782062,0.104367,0.801262,0.778230,0.654793,0.873269,0.550068,0.561520,0.425984,0.014752,0.277421,0.667440,0.898134,0.999974,0.702519,0.408842,0.374862,0.158990,0.087951,0.575071,0.075536,0.749500,0.111407,0.213279,0.590218,0.051720,0.415263,0.875118],
[0.977723,0.507601,0.528178,0.759785,0.611968,0.329440,0.538015,0.266761,0.202708,0.088083,0.828281,0.628692,0.102834,0.105702,0.296132,0.000968,0.105676,0.998652,0.409810,0.480539,0.157642,0.497761,0.055610,0.233178,0.247261,0.167017,0.446456,0.837479,0.218737,0.861719,0.712597,0.196460,0.369320,0.240775,0.956245,0.981288,0.570215,0.494260,0.248049,0.772923],
[0.582343,0.076330,0.401615,0.685178,0.182033,0.697747,0.686146,0.287709,0.696399,0.095956,0.768247,0.854041,0.593716,0.823857,0.087219,0.840977,0.990874,0.533675,0.678457,0.209611,0.395394,0.391054,0.406072,0.764714,0.631828,0.362317,0.746003,0.202043,0.856577,0.994051,0.974966,0.438920,0.070382,0.376581,0.124098,0.252414,0.074329,0.810244,0.540123,0.770728],
[0.906200,0.308371,0.624769,0.499916,0.132228,0.711988,0.340893,0.123102,0.245663,0.019350,0.332713,0.641057,0.410403,0.738785,0.405771,0.042232,0.101102,0.151774,0.244275,0.957679,0.145825,0.219241,0.396600,0.216207,0.595822,0.520698,0.468621,0.670150,0.330942,0.008745,0.440878,0.237141,0.317115,0.065647,0.737057,0.449343,0.777634,0.077951,0.572445,0.023297],
[0.097301,0.905158,0.664354,0.507704,0.643943,0.070125,0.549936,0.745045,0.221899,0.794211,0.702725,0.367724,0.013451,0.099324,0.583931,0.609273,0.620022,0.052552,0.279424,0.950964,0.061297,0.720302,0.188105,0.378412,0.785948,0.925163,0.827755,0.563583,0.003113,0.400200,0.586880,0.100414,0.305359,0.251233,0.608118,0.949302,0.321358,0.158054,0.694347,0.543257],
[0.952265,0.397072,0.910981,0.965717,0.496396,0.494912,0.574990,0.116418,0.547464,0.854413,0.067382,0.608761,0.574715,0.255487,0.987174,0.360663,0.180650,0.814929,0.924246,0.183763,0.215129,0.511125,0.284178,0.520488,0.762359,0.892296,0.469790,0.083717,0.050350,0.164137,0.626974,0.002615,0.561209,0.537955,0.968332,0.057606,0.032867,0.543322,0.174024,0.580331],
[0.397735,0.241406,0.189093,0.972450,0.496893,0.176266,0.333113,0.677543,0.991195,0.257359,0.861307,0.206325,0.768484,0.145484,0.726813,0.530843,0.037780,0.196602,0.614559,0.088131,0.360740,0.241533,0.090746,0.921949,0.779488,0.059078,0.979555,0.812355,0.602400,0.153579,0.392686,0.000135,0.394985,0.581779,0.972585,0.891878,0.758046,0.305697,0.569421,0.749241],
[0.563056,0.430728,0.955566,0.331540,0.576213,0.682378,0.862382,0.613993,0.878981,0.476942,0.702124,0.239720,0.718475,0.792870,0.161670,0.497964,0.851948,0.141224,0.310319,0.454348,0.294803,0.703005,0.454483,0.689787,0.284784,0.427068,0.581665,0.042830,0.732765,0.151087,0.792071,0.295821,0.581815,0.747637,0.627361,0.158028,0.430015,0.489743,0.772021,0.308996],
[0.966685,0.474144,0.548716,0.685161,0.267014,0.710386,0.183124,0.118963,0.851610,0.493443,0.573311,0.146413,0.196448,0.027794,0.836200,0.481232,0.454861,0.417866,0.524062,0.187627,0.568952,0.316133,0.483448,0.150767,0.063769,0.110808,0.308795,0.493785,0.600552,0.080816,0.802780,0.567237,0.554960,0.351497,0.252398,0.821974,0.061882,0.435522,0.940937,0.913492],
[0.928965,0.514248,0.059905,0.125413,0.542041,0.896105,0.606644,0.996903,0.313971,0.130706,0.184529,0.882923,0.446839,0.667977,0.033690,0.510608,0.778785,0.342485,0.004393,0.379337,0.423301,0.807173,0.946574,0.978261,0.158670,0.198972,0.800235,0.220552,0.634494,0.741172,0.134045,0.563459,0.255419,0.193950,0.688872,0.797461,0.090055,0.295516,0.794364,0.404026],
[0.426222,0.978893,0.286949,0.873061,0.646870,0.320639,0.383669,0.425656,0.663125,0.388062,0.804993,0.086426,0.195235,0.751567,0.064686,0.353905,0.950540,0.864921,0.574457,0.585034,0.606093,0.708502,0.148493,0.861513,0.902452,0.837365,0.658974,0.992507,0.132881,0.453337,0.396532,0.559103,0.432231,0.683481,0.432165,0.079101,0.004120,0.815834,0.504757,0.667245],
[0.203896,0.309749,0.753671,0.399132,0.061317,0.818357,0.753037,0.011856,0.683278,0.327494,0.596890,0.289372,0.035996,0.745383,0.150884,0.938448,0.582748,0.809858,0.930955,0.715630,0.263195,0.327487,0.274733,0.695426,0.010968,0.706898,0.774527,0.015089,0.522732,0.279284,0.682334,0.726628,0.589033,0.436004,0.125760,0.650350,0.254361,0.878797,0.662206,0.937639],
[0.206291,0.259096,0.227011,0.242287,0.004480,0.377895,0.180735,0.587228,0.187753,0.111690,0.302858,0.450949,0.439178,0.577591,0.146375,0.450146,0.284488,0.920902,0.465235,0.807220,0.200185,0.147569,0.533848,0.789218,0.583573,0.659607,0.439568,0.837934,0.538404,0.101774,0.775574,0.744695,0.360870,0.002585,0.986982,0.365349,0.380480,0.167717,0.952577,0.568233],
[0.279408,0.255435,0.019182,0.718585,0.833025,0.165557,0.168731,0.117514,0.086459,0.633966,0.924733,0.286644,0.781535,0.458581,0.075862,0.365108,0.118188,0.515430,0.203042,0.656592,0.617204,0.978616,0.401287,0.978073,0.981200,0.388269,0.343423,0.361680,0.555986,0.296000,0.929914,0.835394,0.551434,0.949096,0.553979,0.384460,0.114653,0.722710,0.501973,0.201111],
[0.356676,0.426706,0.487756,0.138211,0.885288,0.563618,0.503319,0.003476,0.079048,0.706361,0.660068,0.696252,0.684977,0.061355,0.674325,0.666177,0.449624,0.017748,0.027857,0.005610,0.313748,0.957771,0.841004,0.865182,0.906867,0.394983,0.249641,0.021519,0.117693,0.751614,0.222630,0.474369,0.178321,0.710386,0.612581,0.063608,0.274004,0.115900,0.067085,0.353052],
[0.822261,0.727153,0.049304,0.507237,0.788508,0.723629,0.173415,0.238132,0.741377,0.201272,0.243743,0.055125,0.159043,0.084747,0.920307,0.065909,0.479730,0.169948,0.087428,0.597423,0.921562,0.310059,0.071793,0.099883,0.020445,0.684373,0.163492,0.294449,0.800273,0.230576,0.647501,0.622533,0.957729,0.696805,0.129771,0.746237,0.420434,0.303185,0.984370,0.161811],
[0.504457,0.228113,0.216936,0.663500,0.312860,0.137243,0.729409,0.792590,0.307191,0.816838,0.390013,0.228753,0.126897,0.461805,0.328637,0.147341,0.146178,0.492128,0.441790,0.946451,0.722705,0.089291,0.568984,0.680434,0.786095,0.698755,0.426671,0.206529,0.001940,0.411041,0.368341,0.506397,0.639154,0.585277,0.169897,0.952013,0.722520,0.899306,0.744603,0.029710],
[0.716144,0.134615,0.258464,0.843040,0.596421,0.587100,0.990382,0.742599,0.079229,0.432172,0.689050,0.801933,0.521462,0.258034,0.482367,0.307557,0.956789,0.909038,0.514086,0.958729,0.320079,0.882427,0.465125,0.959233,0.467704,0.635022,0.911246,0.190223,0.534328,0.655849,0.219934,0.250472,0.790465,0.478398,0.093512,0.386885,0.065498,0.083894,0.129484,0.144727],
[0.516066,0.818534,0.946660,0.037528,0.076568,0.429027,0.345085,0.033356,0.338066,0.859171,0.992085,0.658145,0.741598,0.457210,0.617378,0.209302,0.092232,0.528625,0.399525,0.626561,0.184474,0.619459,0.877033,0.974938,0.097857,0.970545,0.361824,0.163355,0.054439,0.491308,0.308081,0.570505,0.309842,0.254741,0.608033,0.386409,0.683769,0.953118,0.419766,0.021834],
[0.812289,0.411851,0.679979,0.553887,0.869061,0.297357,0.763189,0.961293,0.825982,0.162715,0.587854,0.010456,0.782174,0.464887,0.985394,0.880030,0.435432,0.347218,0.043385,0.489871,0.838526,0.351466,0.060376,0.148368,0.606208,0.668409,0.534777,0.289976,0.621527,0.954543,0.311810,0.433816,0.366393,0.991790,0.987703,0.235454,0.289147,0.750893,0.196747,0.115129],
[0.913607,0.784601,0.125585,0.695781,0.249488,0.110979,0.575811,0.684920,0.458197,0.619196,0.174792,0.296723,0.970663,0.235168,0.445091,0.576870,0.903577,0.979868,0.866846,0.525104,0.934410,0.178657,0.958920,0.300803,0.170446,0.946623,0.536257,0.459593,0.697515,0.733004,0.574722,0.611123,0.517606,0.700307,0.306904,0.767094,0.811287,0.882715,0.452014,0.269484],
[0.501912,0.626806,0.566207,0.472574,0.861974,0.011298,0.049444,0.765551,0.991166,0.916291,0.290655,0.925576,0.094947,0.249575,0.226379,0.265394,0.196198,0.762636,0.724987,0.893713,0.495641,0.299709,0.504836,0.013246,0.000017,0.811740,0.780340,0.811304,0.694455,0.232354,0.080788,0.196367,0.859160,0.646995,0.668941,0.721135,0.658293,0.718386,0.486686,0.649459],
[0.634676,0.777342,0.575034,0.729624,0.026916,0.801413,0.995017,0.223114,0.564050,0.720004,0.116827,0.059690,0.019713,0.621663,0.072937,0.019730,0.433403,0.853277,0.831034,0.127858,0.085632,0.911822,0.324224,0.944792,0.558817,0.993166,0.665927,0.217110,0.711551,0.152613,0.866568,0.346227,0.929954,0.441603,0.075851,0.956871,0.243016,0.070868,0.179985,0.807066]],
[[0.790872,0.296812,0.866756,0.810586,0.918475,0.939693,0.830316,0.351878,0.792970,0.661350,0.479736,0.878602,0.573171,0.803960,0.823394,0.131988,0.797126,0.489321,0.349098,0.508677,0.641934,0.215666,0.854904,0.571888,0.657269,0.930755,0.528759,0.900285,0.001623,0.708744,0.707351,0.792496,0.005557,0.574107,0.603081,0.924032,0.513801,0.433397,0.275910,0.306771],
[0.094747,0.755645,0.185373,0.667919,0.559605,0.008767,0.799907,0.356731,0.498088,0.149004,0.865407,0.140022,0.364670,0.720312,0.711910,0.021939,0.651067,0.240669,0.922224,0.652690,0.949413,0.629575,0.445186,0.954970,0.203683,0.048267,0.879002,0.717484,0.481664,0.154912,0.024255,0.576412,0.910557,0.209628,0.244330,0.470162,0.218395,0.044237,0.826893,0.716483],
[0.193241,0.692300,0.856505,0.557912,0.412612,0.568414,0.579851,0.063679,0.809084,0.502075,0.716369,0.758497,0.131650,0.161554,0.713467,0.335333,0.209821,0.592469,0.052817,0.691486,0.747381,0.077071,0.267897,0.657937,0.286699,0.512227,0.128100,0.505094,0.556464,0.954993,0.221577,0.749706,0.647293,0.078081,0.307617,0.059905,0.646496,0.887468,0.123583,0.455579],
[0.389543,0.839952,0.214077,0.521193,0.001506,0.927544,0.856526,0.211327,0.520013,0.909343,0.902813,0.267393,0.986414,0.170710,0.925330,0.273113,0.682938,0.053430,0.778207,0.239402,0.008423,0.999784,0.989108,0.655716,0.077865,0.296725,0.715620,0.724361,0.184193,0.839204,0.179941,0.573736,0.679156,0.394017,0.094929,0.680662,0.321561,0.951455,0.891990,0.841573],
[0.860798,0.794803,0.108966,0.847211,0.965513,0.034297,0.120324,0.648451,0.087727,0.898531,0.887853,0.096150,0.898315,0.876961,0.751865,0.976181,0.173686,0.467485,0.700542,0.357879,0.306689,0.880483,0.931614,0.985845,0.274500,0.026543,0.666507,0.596061,0.977998,0.558497,0.437634,0.838795,0.353300,0.546600,0.686007,0.318813,0.580897,0.806331,0.967264,0.668624],
[0.704863,0.855117,0.764774,0.603178,0.732078,0.516639,0.579359,0.905764,0.984124,0.279901,0.263643,0.290814,0.160383,0.195257,0.276659,0.434883,0.221800,0.943166,0.030944,0.199798,0.501663,0.468578,0.038594,0.854963,0.015178,0.724600,0.173776,0.596075,0.530932,0.141040,0.264700,0.235795,0.996157,0.029473,0.838973,0.728235,0.546112,0.418332,0.633999,0.530237],
[0.698233,0.897642,0.821050,0.858616,0.092899,0.097709,0.293499,0.314699,0.040876,0.324443,0.514497,0.542539,0.793020,0.553091,0.397502,0.808199,0.277691,0.571278,0.404274,0.808623,0.712318,0.668973,0.044418,0.708475,0.698447,0.883391,0.436710,0.244559,0.301723,0.070709,0.774796,0.999955,0.968351,0.595846,0.858571,0.061251,0.693556,0.152070,0.375950,0.734431],
[0.476513,0.890447,0.276970,0.269534,0.443538,0.674472,0.077732,0.721230,0.245750,0.482006,0.529853,0.958068,0.150979,0.574271,0.666543,0.849426,0.457662,0.103253,0.093985,0.759384,0.173962,0.868781,0.759340,0.142314,0.464628,0.617911,0.203564,0.158183,0.769981,0.579514,0.892615,0.246494,0.469962,0.169585,0.516028,0.913500,0.844057,0.593760,0.634730,0.089808],
[0.075765,0.164583,0.047876,0.226745,0.738854,0.714418,0.076171,0.196516,0.817671,0.170156,0.955900,0.991634,0.038937,0.715240,0.133947,0.503565,0.333151,0.337512,0.661748,0.103132,0.917026,0.554363,0.349626,0.386988,0.723948,0.865653,0.300488,0.568005,0.459413,0.935218,0.657813,0.535178,0.099802,0.705688,0.761923,0.838656,0.420107,0.838093,0.035172,0.237778],
[0.008249,0.991072,0.229412,0.047187,0.706312,0.363359,0.550751,0.039462,0.700871,0.212500,0.142594,0.617897,0.766863,0.492220,0.004884,0.490811,0.357873,0.305373,0.058816,0.817285,0.240591,0.716629,0.352463,0.340392,0.422317,0.114386,0.179048,0.842424,0.952480,0.214220,0.080202,0.960729,0.205292,0.309614,0.007916,0.911604,0.672973,0.558667,0.951066,0.373843],
[0.771167,0.093660,0.991740,0.538029,0.585880,0.996624,0.028840,0.943752,0.301997,0.087656,0.761038,0.542587,0.804285,0.113501,0.882980,0.226602,0.227887,0.062028,0.069026,0.180367,0.276248,0.149228,0.141096,0.481540,0.458842,0.149011,0.393144,0.131815,0.707678,0.344210,0.505658,0.478845,0.437870,0.497398,0.016874,0.023749,0.494022,0.045714,0.967502,0.796019],
[0.133370,0.728539,0.338606,0.937655,0.842040,0.221586,0.164258,0.069928,0.283614,0.233284,0.250294,0.559862,0.382512,0.391390,0.041402,0.841355,0.540401,0.434545,0.973169,0.248079,0.778755,0.478827,0.726924,0.216625,0.976225,0.743798,0.240375,0.470247,0.789513,0.207876,0.266266,0.922883,0.936416,0.604872,0.860539,0.778456,0.826458,0.024796,0.848384,0.110072],
[0.258080,0.098678,0.669934,0.640593,0.490068,0.711335,0.481947,0.030469,0.145881,0.455117,0.278548,0.924636,0.933944,0.005472,0.141261,0.910170,0.749271,0.381636,0.380417,0.538784,0.589512,0.646682,0.461667,0.525928,0.251554,0.322206,0.304384,0.078012,0.347002,0.152768,0.188084,0.605082,0.251446,0.858017,0.245675,0.741514,0.569352,0.727622,0.771983,0.715233],
[0.182739,0.050531,0.639869,0.116684,0.056004,0.781130,0.026853,0.805274,0.162766,0.407270,0.344058,0.752278,0.053952,0.805725,0.278206,0.305507,0.127930,0.582590,0.383519,0.474932,0.735358,0.571602,0.080014,0.986804,0.429619,0.325689,0.728318,0.998972,0.053311,0.500301,0.714205,0.236051,0.550832,0.354074,0.352734,0.606835,0.135204,0.379587,0.412110,0.297970],
[0.786857,0.756168,0.050248,0.840809,0.561893,0.328454,0.146316,0.689823,0.911043,0.529834,0.164755,0.646401,0.101437,0.244769,0.633204,0.531056,0.570459,0.361522,0.530028,0.623770,0.861823,0.244233,0.859821,0.412654,0.598307,0.212555,0.019490,0.733511,0.592142,0.431600,0.031482,0.378999,0.187767,0.081730,0.219808,0.749660,0.410183,0.366124,0.439483,0.321227],
[0.895959,0.604238,0.967627,0.997395,0.849008,0.600831,0.528451,0.419466,0.962353,0.058479,0.043236,0.824176,0.302712,0.903057,0.236830,0.901019,0.115612,0.256320,0.634530,0.707754,0.687920,0.666012,0.086753,0.875687,0.747742,0.306561,0.625347,0.157925,0.672686,0.064830,0.479151,0.568645,0.669068,0.446779,0.566040,0.518076,0.047610,0.094491,0.937542,0.009963],
[0.152970,0.980778,0.834139,0.455682,0.883835,0.070970,0.356701,0.999447,0.327290,0.991231,0.707201,0.015209,0.657243,0.793954,0.890897,0.404984,0.100515,0.516244,0.562909,0.773201,0.581074,0.042061,0.341846,0.250142,0.488839,0.907886,0.768217,0.536449,0.002377,0.705759,0.546413,0.155348,0.686537,0.380552,0.611030,0.570372,0.451521,0.967731,0.569819,0.778811],
[0.958962,0.277020,0.794021,0.616205,0.070973,0.684917,0.021189,0.171489,0.201161,0.584099,0.944690,0.782234,0.626159,0.286535,0.032376,0.114998,0.194421,0.800594,0.651448,0.196798,0.506353,0.197860,0.352146,0.192890,0.578412,0.963176,0.763263,0.029933,0.930907,0.333082,0.808745,0.889869,0.610101,0.602765,0.506074,0.681075,0.287682,0.527263,0.852563,0.488843],
[0.111362,0.797253,0.271077,0.737521,0.083788,0.303453,0.852519,0.278209,0.104047,0.503967,0.475008,0.610400,0.701827,0.827154,0.803290,0.280239,0.790330,0.566552,0.310172,0.721237,0.899634,0.118917,0.611105,0.509735,0.721682,0.117179,0.190810,0.009364,0.644442,0.043374,0.498207,0.755804,0.840626,0.769284,0.493325,0.924415,0.072738,0.345844,0.202624,0.176784],
[0.849811,0.677632,0.787184,0.551638,0.504785,0.590474,0.831878,0.295115,0.157026,0.142050,0.016352,0.056660,0.260967,0.627457,0.566396,0.982649,0.744636,0.757206,0.992013,0.389079,0.800579,0.490221,0.144883,0.641206,0.259505,0.638208,0.565621,0.332242,0.984052,0.768245,0.509027,0.833864,0.445876,0.296211,0.385502,0.950662,0.886684,0.217380,0.245777,0.043710],
[0.359430,0.262129,0.100371,0.620397,0.889586,0.666766,0.603046,0.634222,0.423972,0.595059,0.023301,0.224552,0.085280,0.168184,0.865758,0.344785,0.806392,0.431378,0.677028,0.790444,0.199623,0.186054,0.624308,0.645499,0.482265,0.009810,0.596161,0.368949,0.227190,0.841938,0.412660,0.586620,0.104066,0.513030,0.207016,0.993652,0.179797,0.810062,0.627874,0.603769],
[0.405122,0.651175,0.828321,0.490402,0.819359,0.694079,0.835187,0.625751,0.125457,0.512215,0.416195,0.325080,0.698269,0.040503,0.970579,0.180534,0.050313,0.566740,0.549483,0.277503,0.408678,0.962143,0.864123,0.512745,0.475173,0.071139,0.506397,0.654970,0.881202,0.134271,0.258739,0.286323,0.785446,0.087060,0.776726,0.604805,0.781138,0.611913,0.230555,0.906595],
[0.124127,0.646750,0.231675,0.822396,0.687253,0.202254,0.002930,0.737566,0.768995,0.552413,0.015069,0.177673,0.514556,0.879191,0.690417,0.989729,0.950330,0.196814,0.644699,0.831532,0.331085,0.903438,0.117855,0.116531,0.990498,0.894581,0.721335,0.771636,0.506493,0.951891,0.678231,0.630621,0.598641,0.909907,0.453017,0.285893,0.112161,0.455947,0.023459,0.881156],
[0.008360,0.038528,0.058828,0.522915,0.917719,0.749246,0.512644,0.868049,0.946059,0.157343,0.699581,0.277144,0.060782,0.817436,0.393675,0.051279,0.712017,0.115010,0.822916,0.218510,0.066901,0.501147,0.849131,0.665541,0.411053,0.302148,0.951435,0.523214,0.758094,0.974894,0.404370,0.766454,0.013421,0.463198,0.289370,0.931140,0.212444,0.802014,0.799189,0.158503],
[0.959358,0.498770,0.435647,0.020139,0.316206,0.829322,0.071418,0.028223,0.944332,0.894334,0.246733,0.011233,0.395481,0.095864,0.676774,0.806534,0.398011,0.628209,0.329749,0.156106,0.603102,0.734118,0.922560,0.616524,0.197317,0.211930,0.547664,0.409760,0.013944,0.346853,0.568264,0.973301,0.845623,0.003911,0.993440,0.161829,0.833233,0.064859,0.190052,0.777565],
[0.959193,0.436785,0.788798,0.354674,0.532649,0.465572,0.161208,0.930661,0.093781,0.490957,0.086767,0.696883,0.225075,0.009327,0.313407,0.422392,0.221256,0.861071,0.832152,0.235200,0.207924,0.400416,0.208501,0.053547,0.404327,0.201942,0.215376,0.237560,0.266801,0.405429,0.015125,0.225994,0.842214,0.803923,0.580667,0.374863,0.269495,0.741875,0.305524,0.363276],
[0.232832,0.392290,0.060159,0.457907,0.401617,0.373565,0.880299,0.622873,0.234636,0.712450,0.858073,0.442559,0.112866,0.066575,0.496106,0.517193,0.268516,0.711483,0.754752,0.535317,0.116911,0.769877,0.761311,0.959125,0.573800,0.341978,0.333989,0.843295,0.083853,0.639512,0.206571,0.316685,0.031803,0.266730,0.774592,0.433420,0.640295,0.654890,0.056293,0.874931],
[0.367341,0.914366,0.317490,0.480207,0.980941,0.813596,0.997399,0.249457,0.525079,0.752152,0.784774,0.641991,0.522029,0.546085,0.601116,0.095829,0.888063,0.935105,0.939124,0.971916,0.574617,0.145695,0.288601,0.606420,0.412424,0.063193,0.039839,0.052719,0.718083,0.096132,0.927650,0.085424,0.010498,0.245140,0.565631,0.991439,0.058736,0.563031,0.240896,0.583816],
[0.315182,0.025670,0.225806,0.837211,0.571755,0.826922,0.933040,0.459818,0.762027,0.872164,0.431734,0.336644,0.017859,0.720335,0.943064,0.430283,0.783528,0.982903,0.483002,0.501611,0.079035,0.410652,0.587036,0.089534,0.655792,0.152667,0.080972,0.714528,0.715698,0.321868,0.298344,0.030880,0.347538,0.524150,0.868091,0.919293,0.351072,0.801131,0.379111,0.113099],
[0.673295,0.810845,0.449743,0.691154,0.531180,0.392807,0.121437,0.314708,0.375710,0.604439,0.816319,0.454746,0.015091,0.403355,0.544279,0.670883,0.556022,0.625252,0.385411,0.271719,0.947120,0.683755,0.302599,0.294659,0.207905,0.170691,0.213952,0.558977,0.971822,0.593063,0.672076,0.645116,0.403909,0.121820,0.336270,0.935089,0.514627,0.457707,0.249796,0.890337],
[0.062146,0.066116,0.345083,0.077238,0.469470,0.889362,0.748121,0.025492,0.514614,0.133532,0.297211,0.461735,0.817287,0.599811,0.756393,0.025192,0.770501,0.970345,0.584168,0.742323,0.563409,0.256244,0.387439,0.967317,0.378064,0.723709,0.902406,0.892691,0.181416,0.152202,0.783028,0.243563,0.218318,0.128111,0.320800,0.687788,0.017473,0.068921,0.713280,0.532088],
[0.202453,0.010492,0.993822,0.019740,0.610303,0.750215,0.044932,0.380804,0.720561,0.629100,0.123127,0.283970,0.885345,0.510566,0.251287,0.263409,0.234276,0.153693,0.156099,0.415692,0.305896,0.939127,0.659255,0.524213,0.067238,0.980055,0.212002,0.084712,0.048976,0.925282,0.616799,0.251430,0.935774,0.610621,0.271170,0.546077,0.360837,0.316101,0.926881,0.081398],
[0.945202,0.050008,0.365367,0.830546,0.560574,0.616655,0.093955,0.794850,0.770348,0.250054,0.210542,0.076243,0.189181,0.869797,0.600457,0.256420,0.849852,0.812458,0.341131,0.898828,0.737740,0.957931,0.150258,0.673514,0.568552,0.421428,0.219591,0.929389,0.737529,0.146471,0.010787,0.682731,0.196479,0.376154,0.513277,0.757053,0.992809,0.607232,0.551903,0.763156],
[0.857286,0.762445,0.839400,0.046467,0.632241,0.439856,0.302886,0.482093,0.252315,0.644018,0.380922,0.990055,0.601948,0.531179,0.663570,0.170500,0.952607,0.883160,0.099889,0.690136,0.029632,0.110676,0.372867,0.226111,0.486830,0.886144,0.983164,0.479639,0.493375,0.535066,0.242795,0.350661,0.297511,0.082195,0.397128,0.929752,0.522051,0.700014,0.411846,0.774366],
[0.344032,0.792767,0.764421,0.945980,0.323947,0.427991,0.116480,0.276554,0.311151,0.216370,0.966690,0.340783,0.327045,0.339557,0.566894,0.813875,0.225701,0.550058,0.293514,0.719077,0.085124,0.536309,0.069738,0.382635,0.618503,0.466866,0.312388,0.140555,0.166880,0.724233,0.914920,0.510912,0.517001,0.679341,0.456892,0.840948,0.107332,0.573373,0.117502,0.418483],
[0.789742,0.084192,0.759266,0.116788,0.423750,0.326160,0.930663,0.649451,0.876217,0.224177,0.368527,0.961341,0.760485,0.438265,0.343977,0.378989,0.905131,0.656364,0.519543,0.072011,0.380598,0.434464,0.582923,0.897598,0.113805,0.039815,0.738546,0.221137,0.613188,0.856048,0.639620,0.402930,0.940240,0.398886,0.519718,0.363990,0.725046,0.450381,0.013441,0.601263],
[0.674558,0.381968,0.562605,0.435043,0.820233,0.906581,0.814032,0.725364,0.562945,0.333575,0.797374,0.943543,0.768039,0.380297,0.841141,0.881844,0.420112,0.579688,0.102982,0.033300,0.435736,0.742602,0.436230,0.375976,0.141488,0.955949,0.739966,0.866534,0.406330,0.753407,0.467797,0.080887,0.135375,0.030402,0.515931,0.955608,0.936983,0.329963,0.680972,0.499929],
[0.663538,0.478346,0.443471,0.431577,0.858643,0.284613,0.313422,0.278755,0.864301,0.416403,0.312055,0.300037,0.159005,0.748286,0.676013,0.300493,0.704234,0.415979,0.167028,0.110564,0.169386,0.634825,0.191451,0.304761,0.665227,0.707382,0.260369,0.602210,0.037345,0.941341,0.102139,0.700883,0.419687,0.545610,0.132460,0.278330,0.830223,0.445882,0.557085,0.694524],
[0.862285,0.869140,0.994560,0.021290,0.617426,0.670573,0.321784,0.321660,0.086552,0.488811,0.432225,0.255938,0.123636,0.623676,0.560698,0.788863,0.331058,0.821067,0.391073,0.368403,0.762408,0.493212,0.069285,0.182094,0.038822,0.201745,0.460424,0.869045,0.647627,0.017509,0.563569,0.509912,0.886650,0.558129,0.531202,0.504076,0.228702,0.852986,0.825736,0.315254],
[0.341798,0.257961,0.571192,0.465434,0.881637,0.131891,0.254297,0.212695,0.952958,0.645371,0.581097,0.715366,0.138583,0.650382,0.897460,0.177405,0.852128,0.357884,0.046451,0.499755,0.375394,0.610020,0.009667,0.262043,0.168149,0.540869,0.766119,0.396851,0.393855,0.591855,0.712106,0.735653,0.849815,0.283298,0.201087,0.731452,0.415188,0.455384,0.944146,0.368146]],
[[0.100754,0.525244,0.083512,0.239337,0.175626,0.980972,0.416742,0.027754,0.338856,0.463193,0.527508,0.714250,0.073212,0.537175,0.976293,0.241361,0.078044,0.742412,0.638213,0.471900,0.334266,0.350318,0.207553,0.184082,0.633616,0.408640,0.915534,0.048804,0.864023,0.859680,0.416950,0.964778,0.384924,0.500462,0.204115,0.560550,0.481434,0.620857,0.588303,0.820290],
[0.084049,0.115812,0.534540,0.157262,0.652987,0.510833,0.398623,0.731031,0.253244,0.036836,0.202931,0.587511,0.387154,0.410484,0.771592,0.020771,0.819124,0.687126,0.069575,0.683147,0.546806,0.486525,0.647925,0.931730,0.986987,0.852039,0.492280,0.468421,0.472896,0.080583,0.288711,0.556946,0.196395,0.823251,0.714207,0.849382,0.334084,0.112831,0.580413,0.587328],
[0.149666,0.783345,0.174839,0.536821,0.193829,0.946431,0.557591,0.012952,0.633557,0.627166,0.696099,0.180363,0.113692,0.344024,0.112093,0.100679,0.196064,0.604373,0.569101,0.668960,0.684956,0.857812,0.225906,0.881350,0.681063,0.940113,0.730732,0.015147,0.052944,0.311145,0.602475,0.202610,0.094490,0.777314,0.739431,0.288319,0.723745,0.297022,0.301271,0.357301],
[0.924188,0.997370,0.537664,0.037880,0.341395,0.649757,0.138559,0.537458,0.254130,0.707659,0.206418,0.939085,0.565471,0.432324,0.820436,0.246535,0.372437,0.551168,0.261682,0.425380,0.862314,0.864157,0.627990,0.956803,0.641471,0.367421,0.245122,0.365215,0.664443,0.546393,0.722517,0.588631,0.543763,0.260181,0.626511,0.885158,0.909938,0.765069,0.422616,0.164068],
[0.472729,0.629035,0.103153,0.038200,0.061359,0.923589,0.284735,0.433796,0.474757,0.546416,0.859176,0.337071,0.410573,0.487166,0.293874,0.052044,0.854587,0.538996,0.417259,0.519030,0.085389,0.139775,0.107661,0.629153,0.399956,0.734172,0.514311,0.309894,0.499241,0.936927,0.473962,0.971970,0.565962,0.577116,0.010170,0.627320,0.500705,0.294905,0.061116,0.975463],
[0.841321,0.920292,0.312534,0.251894,0.407458,0.606408,0.303938,0.262046,0.145404,0.721197,0.781076,0.230794,0.860972,0.888737,0.859946,0.260929,0.622909,0.374257,0.570823,0.122150,0.311184,0.044785,0.094121,0.877146,0.621901,0.104291,0.504466,0.122606,0.399196,0.565582,0.098069,0.240517,0.485874,0.410603,0.492411,0.893332,0.017011,0.796349,0.155377,0.162416],
[0.517546,0.936453,0.393209,0.378518,0.825190,0.253156,0.639447,0.448099,0.627413,0.210270,0.570250,0.938597,0.255055,0.664370,0.815742,0.876956,0.768661,0.320208,0.999563,0.167857,0.885790,0.097632,0.408374,0.371664,0.508235,0.900785,0.264996,0.525246,0.697134,0.420373,0.687661,0.214680,0.356826,0.080871,0.593198,0.182016,0.334026,0.232645,0.630115,0.961439],
[0.442914,0.200365,0.900035,0.697969,0.864735,0.715778,0.574925,0.633396,0.035986,0.574488,0.801253,0.921776,0.672120,0.209627,0.293440,0.180355,0.110412,0.558436,0.705601,0.807546,0.978808,0.393262,0.022226,0.335634,0.474133,0.615424,0.517650,0.808159,0.848069,0.147765,0.769598,0.290983,0.348130,0.669633,0.988953,0.212864,0.385411,0.563878,0.846261,0.421397],
[0.138366,0.647514,0.343174,0.810486,0.857141,0.636614,0.990841,0.967553,0.195049,0.696442,0.775099,0.173858,0.089704,0.797325,0.509492,0.563837,0.412750,0.027142,0.371996,0.260819,0.174907,0.141593,0.551802,0.523037,0.811227,0.540755,0.735901,0.196638,0.104633,0.582162,0.618035,0.242999,0.229675,0.961209,0.053486,0.086816,0.597822,0.044327,0.054369,0.792871],
[0.740768,0.829469,0.966729,0.830472,0.626794,0.476221,0.394309,0.039544,0.503363,0.766304,0.300363,0.678270,0.907898,0.852165,0.201306,0.719124,0.392920,0.937208,0.915762,0.497553,0.519369,0.533797,0.740552,0.749045,0.495006,0.794038,0.835861,0.092828,0.838364,0.890230,0.885700,0.579133,0.719699,0.852429,0.409605,0.346493,0.328650,0.803914,0.386037,0.832012],
[0.570218,0.686399,0.510282,0.478116,0.538564,0.711589,0.197241,0.931484,0.648796,0.113003,0.429036,0.168166,0.646800,0.169588,0.917211,0.141806,0.963626,0.753072,0.234635,0.801990,0.643302,0.120334,0.381123,0.363001,0.972763,0.790728,0.709494,0.301413,0.594642,0.095531,0.133425,0.164860,0.781930,0.643708,0.642977,0.320495,0.355296,0.840217,0.251978,0.004093],
[0.953220,0.681015,0.172258,0.600020,0.850603,0.089469,0.741826,0.814229,0.842541,0.976461,0.616219,0.485843,0.096795,0.997342,0.848844,0.069558,0.788070,0.558339,0.370971,0.382713,0.653870,0.504397,0.547573,0.435800,0.148104,0.190550,0.756295,0.503400,0.030767,0.008273,0.507493,0.983987,0.689288,0.679751,0.584007,0.539891,0.769220,0.325833,0.354120,0.611761],
[0.302294,0.970340,0.097604,0.399089,0.967682,0.946448,0.468647,0.755752,0.504787,0.839618,0.138465,0.158656,0.344015,0.686038,0.594457,0.492119,0.876587,0.350751,0.995520,0.907354,0.359024,0.503013,0.891341,0.048312,0.182764,0.475347,0.588203,0.951984,0.801180,0.942323,0.563745,0.103474,0.912663,0.661349,0.502562,0.880345,0.607797,0.971209,0.636097,0.112584],
[0.810828,0.774562,0.271240,0.154843,0.460600,0.865697,0.646962,0.337188,0.216448,0.642481,0.244542,0.575472,0.145494,0.135882,0.623784,0.328258,0.611230,0.211987,0.280242,0.412410,0.154310,0.843987,0.515884,0.066973,0.505335,0.018446,0.947318,0.113132,0.989655,0.583415,0.225716,0.800483,0.357977,0.496956,0.955326,0.818578,0.362653,0.602287,0.155765,0.579101],
[0.244769,0.400307,0.154573,0.390263,0.536190,0.778357,0.718521,0.147420,0.990344,0.998763,0.559829,0.144654,0.842749,0.075713,0.211627,0.348085,0.094159,0.158945,0.461217,0.083814,0.742360,0.686933,0.884297,0.100337,0.183889,0.839623,0.918915,0.546542,0.441910,0.074680,0.125643,0.686679,0.474988,0.280216,0.076942,0.011177,0.058573,0.795463,0.158597,0.048916],
[0.794225,0.718427,0.193570,0.636975,0.794140,0.405197,0.985059,0.888299,0.564141,0.446276,0.972113,0.306501,0.133209,0.856410,0.406838,0.317099,0.696033,0.325753,0.863641,0.137943,0.400433,0.989284,0.824623,0.875421,0.269499,0.901565,0.886599,0.328072,0.697027,0.045196,0.376988,0.491253,0.763622,0.570558,0.128227,0.557762,0.975755,0.113286,0.446060,0.539896],
[0.559563,0.418173,0.846397,0.692772,0.274583,0.253235,0.009870,0.970617,0.578989,0.873511,0.108560,0.979422,0.862795,0.933183,0.854843,0.132294,0.834747,0.741441,0.460366,0.531774,0.786637,0.837354,0.023027,0.550259,0.407912,0.151254,0.108021,0.383667,0.264540,0.554081,0.923563,0.824103,0.972255,0.769960,0.516875,0.246838,0.023196,0.526745,0.217455,0.602184],
[0.400256,0.326015,0.581606,0.263051,0.259197,0.436449,0.395345,0.093944,0.177890,0.855710,0.625719,0.964528,0.693064,0.648746,0.514787,0.100976,0.800000,0.622808,0.484642,0.064541,0.176889,0.408205,0.888644,0.149144,0.178165,0.405519,0.395982,0.201361,0.932264,0.613436,0.803545,0.332520,0.939451,0.385151,0.595571,0.198648,0.821600,0.990916,0.292592,0.999491],
[0.846627,0.918311,0.964018,0.539691,0.567057,0.478805,0.640667,0.367057,0.101613,0.125309,0.431598,0.278502,0.533514,0.320241,0.427645,0.711679,0.725760,0.823627,0.913040,0.658024,0.437063,0.716586,0.990544,0.376514,0.101737,0.586116,0.575162,0.923337,0.577032,0.867754,0.922827,0.423659,0.786065,0.886846,0.963349,0.353122,0.365650,0.604016,0.720179,0.467263],
[0.729325,0.151776,0.745765,0.262839,0.472018,0.173410,0.974518,0.197777,0.997037,0.887559,0.855801,0.434100,0.604144,0.846346,0.810614,0.705881,0.432461,0.385776,0.629218,0.009493,0.253530,0.552046,0.433152,0.039595,0.438891,0.396501,0.392717,0.804542,0.000517,0.112896,0.271805,0.729842,0.264672,0.017570,0.992681,0.736690,0.190980,0.967199,0.934467,0.188017],
[0.854758,0.790268,0.622118,0.458903,0.636614,0.432732,0.164784,0.069075,0.818508,0.794002,0.078568,0.072038,0.346048,0.511720,0.111633,0.784939,0.908222,0.504349,0.589481,0.908739,0.617245,0.861286,0.638581,0.881917,0.878856,0.631262,0.618607,0.069836,0.598461,0.553074,0.257853,0.453220,0.343342,0.879971,0.912122,0.979956,0.312703,0.076906,0.049031,0.131211],
[0.870909,0.127600,0.203249,0.216957,0.639320,0.314882,0.001896,0.547542,0.819231,0.591377,0.456281,0.436476,0.452663,0.094862,0.318393,0.331518,0.726124,0.937000,0.401354,0.324585,0.490073,0.659207,0.777805,0.833415,0.539178,0.689928,0.813371,0.851881,0.766834,0.862403,0.983092,0.637743,0.990002,0.186341,0.854699,0.629322,0.501223,0.856595,0.176864,0.320455],
[0.447971,0.633145,0.756931,0.900634,0.728007,0.075324,0.232152,0.454131,0.012324,0.633506,0.778716,0.502397,0.292713,0.556521,0.335813,0.831890,0.246449,0.149184,0.683771,0.013283,0.011587,0.666863,0.651025,0.001589,0.853205,0.505724,0.630911,0.354428,0.362319,0.807776,0.674882,0.810291,0.440921,0.431813,0.710925,0.168928,0.507137,0.943077,0.623059,0.519461],
[0.576583,0.401775,0.021858,0.869295,0.958296,0.357671,0.701186,0.204745,0.506855,0.384957,0.218028,0.518442,0.051820,0.869053,0.520030,0.905025,0.374778,0.150942,0.259453,0.737097,0.958717,0.934335,0.547388,0.399638,0.366149,0.258313,0.568566,0.873286,0.201389,0.191625,0.392747,0.777972,0.593400,0.414605,0.647267,0.551696,0.772276,0.348453,0.756441,0.279131],
[0.733410,0.974469,0.797573,0.785231,0.843523,0.317603,0.690256,0.218301,0.468545,0.949709,0.955398,0.427262,0.884044,0.502786,0.826901,0.250193,0.761098,0.395466,0.123479,0.962487,0.587091,0.516226,0.740459,0.180491,0.930831,0.387727,0.732187,0.703107,0.736180,0.488628,0.982238,0.469591,0.463097,0.779811,0.254821,0.306620,0.097414,0.945078,0.524921,0.565958],
[0.894786,0.480319,0.993221,0.778831,0.983104,0.820121,0.029024,0.744202,0.215588,0.152502,0.706690,0.802679,0.668728,0.447149,0.983170,0.599559,0.834876,0.715356,0.302666,0.571056,0.203984,0.284904,0.040647,0.667081,0.064714,0.295468,0.973701,0.162128,0.240546,0.498622,0.728086,0.135332,0.978941,0.721307,0.914163,0.962045,0.541428,0.943187,0.706247,0.757016],
[0.095689,0.412937,0.559695,0.764417,0.860086,0.542864,0.363976,0.694962,0.258220,0.666641,0.266019,0.462205,0.951545,0.306665,0.129286,0.016259,0.602134,0.102987,0.178387,0.842679,0.601609,0.906473,0.978012,0.580550,0.627780,0.892175,0.542594,0.169208,0.835361,0.248842,0.926224,0.931050,0.661779,0.485919,0.695467,0.521865,0.028783,0.059443,0.216827,0.287003],
[0.726084,0.482846,0.749208,0.677629,0.789511,0.878494,0.693888,0.391645,0.981481,0.872275,0.234324,0.583090,0.778749,0.212336,0.163640,0.406528,0.104511,0.706234,0.575737,0.939872,0.955076,0.501960,0.870923,0.616854,0.987879,0.566390,0.138719,0.016662,0.625833,0.355546,0.303665,0.351917,0.838392,0.052873,0.029547,0.627903,0.931367,0.723435,0.019548,0.912847],
[0.595711,0.253872,0.495938,0.374459,0.466208,0.659577,0.780988,0.570719,0.365812,0.356724,0.510591,0.320887,0.858685,0.381514,0.937742,0.846564,0.947904,0.076461,0.863225,0.573737,0.432007,0.166890,0.925655,0.270400,0.219763,0.955201,0.898303,0.151130,0.678636,0.917851,0.063977,0.274347,0.171723,0.559915,0.648806,0.637932,0.219492,0.429794,0.208651,0.585304],
[0.786518,0.719242,0.906191,0.645203,0.100756,0.843933,0.491766,0.048660,0.920394,0.354991,0.622398,0.352401,0.521882,0.548052,0.622801,0.741645,0.503253,0.521103,0.892775,0.181890,0.438954,0.956753,0.456237,0.610678,0.516668,0.105043,0.248610,0.736160,0.534837,0.457261,0.321464,0.321355,0.176503,0.227655,0.966557,0.277259,0.071588,0.458323,0.325920,0.991981],
[0.813315,0.948317,0.344382,0.335197,0.496369,0.967183,0.076842,0.999623,0.488286,0.969617,0.181513,0.927241,0.926370,0.637750,0.537919,0.443038,0.742793,0.786529,0.179198,0.277630,0.243789,0.500661,0.598984,0.420292,0.728316,0.565541,0.697551,0.799904,0.023865,0.023471,0.791885,0.837180,0.971788,0.136267,0.172376,0.468158,0.103451,0.249219,0.467780,0.591737],
[0.218836,0.649293,0.518978,0.145206,0.287043,0.056897,0.588244,0.029836,0.843425,0.767442,0.307465,0.087214,0.268103,0.906449,0.507507,0.996419,0.471991,0.205058,0.796323,0.495856,0.228529,0.588208,0.333035,0.200317,0.724476,0.505412,0.668474,0.827926,0.754630,0.136255,0.419663,0.973466,0.785548,0.938641,0.118672,0.072591,0.995538,0.706916,0.102426,0.838963],
[0.474358,0.409891,0.926178,0.742461,0.316341,0.433684,0.738880,0.788331,0.638742,0.535203,0.284187,0.867271,0.123411,0.617222,0.067587,0.847887,0.122634,0.736062,0.675813,0.877264,0.872316,0.095476,0.850730,0.657864,0.034117,0.969402,0.730455,0.029655,0.676318,0.832881,0.868618,0.150676,0.242772,0.794796,0.893137,0.559113,0.228480,0.632017,0.347444,0.867222],
[0.167220,0.631631,0.734493,0.290631,0.248853,0.802080,0.138518,0.371487,0.538141,0.814331,0.248751,0.410458,0.909807,0.099481,0.068322,0.943924,0.068883,0.798777,0.973579,0.745201,0.631658,0.842197,0.895878,0.874430,0.636993,0.789014,0.433543,0.865473,0.421032,0.780987,0.732695,0.588252,0.412618,0.467188,0.878883,0.661471,0.269268,0.017402,0.032959,0.807409],
[0.831733,0.281710,0.217867,0.741540,0.381191,0.286188,0.685464,0.450074,0.084965,0.659043,0.195275,0.716623,0.501240,0.091153,0.591053,0.138234,0.880167,0.024595,0.003707,0.301199,0.805582,0.736402,0.889451,0.218201,0.203590,0.768334,0.879672,0.472857,0.785735,0.912631,0.280266,0.617468,0.194340,0.498133,0.359008,0.575531,0.784321,0.044472,0.025605,0.869286],
[0.703515,0.220880,0.585908,0.204756,0.312033,0.176961,0.342989,0.192200,0.201556,0.346696,0.493398,0.007139,0.083098,0.382849,0.225339,0.286687,0.151183,0.105011,0.759545,0.936918,0.017642,0.039811,0.554386,0.211982,0.537943,0.913394,0.787513,0.322264,0.957867,0.813117,0.191550,0.661382,0.033997,0.777458,0.866138,0.346030,0.954419,0.209127,0.538229,0.155975],
[0.555823,0.031628,0.163114,0.638921,0.414477,0.388453,0.925608,0.565660,0.493465,0.685153,0.502578,0.511106,0.724963,0.056964,0.723088,0.262906,0.970359,0.510601,0.585170,0.928225,0.323718,0.776720,0.589607,0.357716,0.554179,0.455745,0.703745,0.508598,0.664872,0.241975,0.664573,0.220695,0.273602,0.827687,0.859616,0.688079,0.216140,0.785224,0.253739,0.709605],
[0.470377,0.756317,0.220711,0.195340,0.813281,0.943800,0.458247,0.783640,0.454401,0.043417,0.711865,0.778119,0.820137,0.301472,0.135835,0.374316,0.757217,0.839580,0.882914,0.422088,0.081555,0.547487,0.642783,0.355157,0.375174,0.502398,0.043236,0.591314,0.287622,0.296975,0.300919,0.757999,0.053292,0.521631,0.953339,0.866574,0.465431,0.411586,0.650213,0.919832],
[0.455003,0.362078,0.697951,0.275141,0.663550,0.833786,0.649456,0.420767,0.673366,0.532370,0.842855,0.754920,0.079857,0.485638,0.110077,0.455031,0.988037,0.153314,0.046345,0.275659,0.450289,0.347264,0.033658,0.503581,0.868895,0.986998,0.370155,0.334326,0.398584,0.020368,0.254158,0.853587,0.382447,0.952108,0.128727,0.045997,0.785894,0.778184,0.466764,0.459260],
[0.310554,0.309620,0.214180,0.390411,0.795258,0.324258,0.845441,0.783295,0.477572,0.891786,0.058954,0.927861,0.239051,0.092612,0.431442,0.107946,0.079610,0.801597,0.442272,0.478193,0.821965,0.696430,0.331780,0.204412,0.648538,0.460508,0.250409,0.434432,0.238691,0.717173,0.893693,0.549245,0.026793,0.107873,0.939656,0.822051,0.432131,0.785097,0.605345,0.909703]],
[[0.676884,0.664299,0.837563,0.915934,0.756911,0.269005,0.023881,0.836521,0.070602,0.466153,0.314714,0.892568,0.162582,0.646494,0.096980,0.811121,0.107002,0.347389,0.245553,0.345693,0.064562,0.139246,0.894939,0.091355,0.247119,0.834594,0.913406,0.679250,0.619692,0.518751,0.588952,0.296575,0.183050,0.426515,0.212510,0.939961,0.695521,0.236390,0.776482,0.766123],
[0.702543,0.091196,0.658691,0.865125,0.737690,0.755671,0.676246,0.844692,0.103060,0.921799,0.190386,0.167622,0.061044,0.085324,0.258977,0.308163,0.919919,0.172383,0.987413,0.539610,0.691134,0.576365,0.836185,0.874184,0.002880,0.048695,0.814145,0.698401,0.285085,0.590627,0.464524,0.987628,0.681823,0.123214,0.852753,0.419513,0.878885,0.528999,0.264205,0.981945],
[0.450797,0.454591,0.149566,0.511842,0.539915,0.408543,0.820005,0.459833,0.580926,0.807417,0.999444,0.272060,0.383782,0.835629,0.146243,0.386662,0.884324,0.960388,0.085063,0.169409,0.551015,0.549586,0.157036,0.232838,0.672801,0.009789,0.652351,0.551686,0.538788,0.916556,0.533631,0.989585,0.371147,0.683197,0.501427,0.911062,0.091740,0.321432,0.370895,0.672666],
[0.128849,0.370339,0.944726,0.512631,0.205967,0.090969,0.899293,0.090291,0.051357,0.984356,0.259700,0.602372,0.533942,0.416736,0.835210,0.206743,0.426525,0.487560,0.758429,0.965313,0.404116,0.292060,0.954898,0.775263,0.975257,0.456324,0.686325,0.066997,0.777756,0.057220,0.739664,0.906605,0.427559,0.684389,0.419236,0.633526,0.775359,0.318529,0.723817,0.826716],
[0.302886,0.983517,0.429088,0.836828,0.400253,0.264298,0.043571,0.826778,0.751858,0.802000,0.792091,0.155974,0.094060,0.746988,0.931238,0.069317,0.203312,0.617563,0.136314,0.981068,0.674783,0.875978,0.887673,0.102341,0.560367,0.306909,0.735868,0.335726,0.625439,0.459685,0.162442,0.928324,0.443202,0.591530,0.765152,0.843455,0.855827,0.808723,0.670233,0.607685],
[0.610724,0.462324,0.763660,0.704784,0.209312,0.694898,0.774101,0.412624,0.312460,0.910415,0.393692,0.987243,0.786393,0.281366,0.089584,0.346760,0.588275,0.825452,0.682486,0.213714,0.285136,0.844927,0.142039,0.728338,0.436457,0.907191,0.571793,0.292284,0.715914,0.242026,0.899970,0.326638,0.704350,0.663630,0.031422,0.913661,0.358527,0.805523,0.326286,0.670987],
[0.715938,0.719978,0.658230,0.502330,0.001344,0.747814,0.849090,0.589619,0.573266,0.531576,0.803333,0.858402,0.376503,0.945372,0.586740,0.812960,0.852563,0.158534,0.105244,0.568477,0.400560,0.005214,0.895115,0.104910,0.668844,0.926537,0.018571,0.027372,0.732060,0.344857,0.698359,0.447997,0.064835,0.356589,0.950328,0.066179,0.104403,0.799418,0.655798,0.677669],
[0.330993,0.459131,0.536071,0.707496,0.404503,0.122811,0.520456,0.257065,0.281345,0.625700,0.825542,0.681905,0.630915,0.720657,0.786815,0.299759,0.647194,0.805386,0.327131,0.379254,0.150243,0.025490,0.827251,0.215077,0.382079,0.777579,0.281256,0.486482,0.576996,0.937054,0.164151,0.907990,0.396185,0.700221,0.615486,0.800687,0.823033,0.135942,0.057753,0.104378],
[0.761642,0.883295,0.786283,0.392557,0.603952,0.573097,0.692316,0.251146,0.378483,0.019447,0.630400,0.528726,0.044936,0.457651,0.743803,0.427015,0.235230,0.025059,0.913496,0.812227,0.962113,0.077647,0.720216,0.358298,0.777869,0.335702,0.158985,0.600901,0.471644,0.216738,0.705279,0.233286,0.100033,0.491562,0.625843,0.703985,0.064659,0.318159,0.955131,0.443142],
[0.337606,0.585531,0.971867,0.382542,0.043183,0.715670,0.809556,0.278413,0.740729,0.723053,0.090640,0.702842,0.800700,0.810856,0.061140,0.578569,0.146558,0.220125,0.179470,0.618202,0.436862,0.884749,0.851488,0.536895,0.376310,0.477331,0.240880,0.440969,0.795490,0.196011,0.884111,0.133096,0.781542,0.855978,0.515638,0.824724,0.571648,0.325194,0.103137,0.312378],
[0.048247,0.193777,0.015220,0.848947,0.004633,0.076359,0.427515,0.151191,0.296484,0.606985,0.769392,0.733346,0.491734,0.620880,0.270241,0.868044,0.098211,0.511121,0.309013,0.893701,0.707132,0.193124,0.026797,0.488673,0.049102,0.542435,0.313398,0.620751,0.867629,0.416535,0.933128,0.915876,0.610312,0.948348,0.764822,0.614944,0.024707,0.192338,0.766135,0.321191],
[0.799323,0.535527,0.054537,0.291057,0.156407,0.324778,0.159101,0.254619,0.835899,0.468114,0.148320,0.543031,0.661238,0.175117,0.031704,0.710341,0.717552,0.345102,0.331091,0.585181,0.761637,0.264219,0.501057,0.371949,0.212567,0.265879,0.986893,0.237274,0.458217,0.753028,0.558465,0.257539,0.288555,0.613003,0.548596,0.444962,0.937781,0.707697,0.699581,0.773680],
[0.175811,0.847901,0.316711,0.837049,0.023018,0.348416,0.547390,0.740570,0.693518,0.878481,0.325751,0.455155,0.142700,0.826808,0.827103,0.355268,0.092687,0.813996,0.592542,0.550903,0.567024,0.151008,0.808443,0.855578,0.764010,0.357039,0.300540,0.701791,0.064735,0.000121,0.475472,0.240546,0.848022,0.792183,0.077596,0.871040,0.140599,0.624986,0.611610,0.834116],
[0.503467,0.937362,0.289271,0.646167,0.764170,0.116374,0.001435,0.856857,0.930370,0.593977,0.407760,0.497394,0.744984,0.216203,0.352972,0.508995,0.573241,0.653512,0.210786,0.637977,0.653633,0.686258,0.878523,0.501655,0.478441,0.956119,0.372695,0.619040,0.581104,0.984305,0.453156,0.084571,0.921667,0.742427,0.730738,0.685837,0.858801,0.732173,0.542694,0.789171],
[0.326149,0.950453,0.286564,0.071134,0.166656,0.639536,0.580129,0.739897,0.293048,0.790915,0.377874,0.946681,0.477173,0.256398,0.448336,0.955614,0.212517,0.821031,0.574654,0.793621,0.805336,0.027810,0.878192,0.727003,0.770237,0.608930,0.412840,0.629038,0.341103,0.955534,0.418209,0.667252,0.905987,0.704773,0.738386,0.072644,0.344309,0.318514,0.812541,0.637358],
[0.109429,0.190415,0.584039,0.586602,0.446813,0.032375,0.542216,0.659329,0.853406,0.116870,0.452950,0.658742,0.144680,0.331142,0.385745,0.914917,0.940072,0.798586,0.543955,0.281175,0.754120,0.962164,0.948427,0.660107,0.666937,0.686813,0.732751,0.011246,0.005327,0.545292,0.648604,0.114756,0.735707,0.232642,0.701358,0.182520,0.265017,0.243574,0.841850,0.118422],
[0.360444,0.294800,0.777164,0.505125,0.625943,0.162909,0.420042,0.566015,0.961495,0.963997,0.847190,0.715615,0.926160,0.795617,0.375722,0.593097,0.482430,0.108473,0.604343,0.487757,0.653765,0.252947,0.602513,0.389472,0.485589,0.303871,0.571993,0.750606,0.547446,0.413843,0.869028,0.907890,0.708643,0.646193,0.413015,0.334585,0.809102,0.833056,0.900601,0.770597],
[0.797053,0.747791,0.486212,0.723213,0.543408,0.861934,0.316310,0.025837,0.970408,0.920653,0.513594,0.624173,0.173600,0.116107,0.013645,0.659189,0.419978,0.585638,0.409795,0.967424,0.999480,0.278823,0.875314,0.708123,0.925016,0.288329,0.042708,0.734118,0.121385,0.943309,0.504715,0.918438,0.691100,0.990927,0.641651,0.234507,0.852862,0.957961,0.260345,0.823269],
[0.878614,0.773939,0.447442,0.052214,0.890046,0.461087,0.711403,0.310025,0.046724,0.121198,0.277449,0.046205,0.400021,0.152763,0.754327,0.325036,0.441092,0.797036,0.059154,0.562478,0.740345,0.563869,0.480916,0.431444,0.554796,0.122568,0.665952,0.407658,0.080529,0.926297,0.230928,0.959143,0.700236,0.678370,0.011358,0.590282,0.139456,0.722761,0.900306,0.186181],
[0.843958,0.177755,0.232385,0.243979,0.330518,0.986713,0.569015,0.771611,0.783749,0.628169,0.334088,0.524094,0.192038,0.815005,0.955538,0.746835,0.937572,0.621490,0.154493,0.018101,0.547787,0.385421,0.977245,0.248022,0.063790,0.988602,0.838304,0.203247,0.711363,0.738611,0.389428,0.555321,0.916366,0.621813,0.799300,0.246884,0.608526,0.368315,0.018495,0.392275],
[0.996484,0.352583,0.916369,0.188522,0.167588,0.871907,0.935357,0.105160,0.493397,0.089850,0.123261,0.041183,0.475271,0.100506,0.289206,0.539062,0.089108,0.127510,0.742309,0.800471,0.866121,0.131737,0.355792,0.782487,0.753550,0.155092,0.029371,0.362076,0.523406,0.047866,0.754351,0.519891,0.400450,0.670720,0.708413,0.568038,0.542627,0.643770,0.673198,0.036024],
[0.733621,0.796459,0.077207,0.208892,0.896965,0.366413,0.747954,0.986073,0.493923,0.490263,0.786544,0.360044,0.621999,0.142335,0.142531,0.375549,0.297427,0.171902,0.737625,0.820833,0.219768,0.491977,0.340724,0.620218,0.162697,0.049137,0.188256,0.705324,0.692907,0.861454,0.741347,0.426528,0.657913,0.818555,0.635420,0.554877,0.184967,0.383374,0.540950,0.678890],
[0.873637,0.327494,0.038934,0.495636,0.469829,0.181465,0.871185,0.767256,0.353367,0.608810,0.588090,0.573135,0.100787,0.928814,0.193353,0.263484,0.977951,0.381609,0.968808,0.670858,0.243062,0.710155,0.097386,0.900975,0.528710,0.732807,0.455852,0.713677,0.116181,0.996802,0.392568,0.989817,0.324296,0.431502,0.485453,0.794126,0.612967,0.356638,0.561382,0.966334],
[0.965449,0.149472,0.539469,0.066236,0.078286,0.732822,0.329720,0.056237,0.114431,0.298528,0.727095,0.357493,0.008684,0.824481,0.258468,0.537394,0.557288,0.714320,0.251071,0.673469,0.711122,0.643639,0.663286,0.035418,0.075141,0.148739,0.829544,0.688109,0.505377,0.390926,0.654442,0.470826,0.540397,0.193911,0.537062,0.618683,0.926733,0.866782,0.674920,0.041164],
[0.165310,0.402015,0.398657,0.173994,0.226496,0.657125,0.711388,0.783784,0.371444,0.962459,0.457252,0.082566,0.606098,0.120538,0.117985,0.681240,0.269277,0.947529,0.369349,0.774655,0.338454,0.023791,0.245480,0.878852,0.217702,0.782542,0.497535,0.144436,0.649324,0.172454,0.185600,0.814635,0.574469,0.584257,0.988629,0.800965,0.241381,0.700017,0.584749,0.612826],
[0.662476,0.042001,0.695392,0.268575,0.162539,0.813377,0.949815,0.431817,0.760905,0.319163,0.206471,0.099360,0.342954,0.451951,0.978211,0.560657,0.234494,0.475746,0.705092,0.883818,0.648200,0.890692,0.698453,0.222669,0.474949,0.687082,0.023634,0.716331,0.387099,0.608383,0.329156,0.049575,0.650384,0.024548,0.318150,0.812923,0.837925,0.267964,0.244739,0.598831],
[0.587127,0.451210,0.698190,0.930082,0.903162,0.676402,0.490738,0.137656,0.152148,0.195831,0.021474,0.800348,0.086523,0.719927,0.023017,0.561472,0.407009,0.046652,0.277803,0.794107,0.655034,0.606959,0.843682,0.305418,0.631508,0.161832,0.118340,0.469433,0.429796,0.363080,0.068264,0.016924,0.814290,0.766454,0.947006,0.717452,0.442856,0.437744,0.855107,0.595003],
[0.633574,0.876581,0.395352,0.720097,0.596508,0.418369,0.281570,0.003516,0.465021,0.559372,0.797624,0.120055,0.166331,0.641306,0.425472,0.797839,0.803138,0.543813,0.267272,0.232935,0.906892,0.335536,0.249859,0.721182,0.101990,0.196864,0.438634,0.544846,0.634608,0.293742,0.139849,0.268182,0.170323,0.535201,0.988280,0.766831,0.953570,0.269849,0.770347,0.418591],
[0.829222,0.567970,0.538645,0.995553,0.209276,0.964118,0.793392,0.012415,0.507930,0.060664,0.245349,0.414823,0.396200,0.495208,0.136005,0.498190,0.692072,0.574639,0.043036,0.326680,0.868381,0.182885,0.594863,0.038704,0.718085,0.583142,0.805534,0.671655,0.852992,0.575881,0.090246,0.682213,0.143852,0.628891,0.677767,0.353128,0.593008,0.471159,0.365543,0.100939],
[0.531823,0.610892,0.515761,0.928023,0.106100,0.651766,0.426214,0.798172,0.226405,0.469249,0.124852,0.094786,0.652134,0.719715,0.133490,0.370219,0.302857,0.939025,0.041874,0.155849,0.514906,0.132120,0.838062,0.658758,0.761011,0.515829,0.011886,0.354020,0.986987,0.377429,0.454958,0.518811,0.988321,0.970720,0.446834,0.094421,0.622486,0.873048,0.892593,0.848891],
[0.342297,0.017445,0.943678,0.994431,0.737160,0.077168,0.364650,0.040017,0.016193,0.406524,0.195865,0.531099,0.538645,0.033928,0.189857,0.299656,0.549756,0.201742,0.653676,0.536744,0.579171,0.108634,0.055554,0.567492,0.079354,0.502388,0.661912,0.701839,0.375436,0.554505,0.550731,0.717733,0.571950,0.494408,0.712163,0.309110,0.571576,0.076813,0.349126,0.587769],
[0.483338,0.544992,0.118868,0.021982,0.578919,0.308725,0.321638,0.128676,0.510467,0.975314,0.665419,0.089638,0.083948,0.720973,0.657130,0.163301,0.223361,0.319043,0.865141,0.598797,0.873548,0.415871,0.316530,0.445498,0.910280,0.028693,0.754607,0.481856,0.105507,0.103734,0.069626,0.588845,0.648726,0.188494,0.610827,0.227645,0.497218,0.932465,0.356321,0.007686],
[0.907779,0.021740,0.097324,0.991727,0.742713,0.754454,0.155028,0.966074,0.073497,0.020169,0.564872,0.947044,0.436040,0.881402,0.392542,0.346320,0.910095,0.147149,0.828176,0.015602,0.250883,0.897802,0.604446,0.899609,0.086296,0.215273,0.127254,0.583514,0.147739,0.483575,0.591200,0.055518,0.505314,0.688524,0.047245,0.248027,0.442978,0.202273,0.214102,0.516474],
[0.222443,0.778973,0.463518,0.658483,0.660375,0.856060,0.004803,0.570470,0.003209,0.832979,0.586071,0.254093,0.730781,0.190518,0.153701,0.817077,0.405791,0.280955,0.400591,0.553530,0.764530,0.991790,0.609047,0.269844,0.680314,0.656293,0.517871,0.123291,0.858566,0.731973,0.639765,0.081009,0.510946,0.103284,0.739491,0.171321,0.959344,0.744294,0.741790,0.962553],
[0.577274,0.327862,0.216646,0.308055,0.518379,0.370347,0.125131,0.924170,0.651303,0.525722,0.477700,0.415832,0.517512,0.086747,0.685677,0.197826,0.743040,0.203548,0.321118,0.601606,0.935521,0.960883,0.682614,0.446467,0.064166,0.422106,0.617787,0.023510,0.166400,0.359578,0.986063,0.743674,0.687439,0.202709,0.051729,0.205819,0.573056,0.176860,0.129989,0.224359],
[0.702582,0.607689,0.640191,0.220095,0.694436,0.325868,0.417921,0.437476,0.529416,0.739038,0.039082,0.464937,0.699921,0.721696,0.911403,0.764088,0.143802,0.529191,0.787598,0.310202,0.888768,0.773661,0.053876,0.576208,0.976370,0.105605,0.782027,0.549426,0.282465,0.912016,0.773785,0.985047,0.519705,0.413976,0.205142,0.214141,0.739844,0.623062,0.651617,0.269260],
[0.362101,0.690699,0.734197,0.062022,0.412395,0.645600,0.826109,0.556197,0.174791,0.613707,0.866399,0.063559,0.387368,0.920275,0.639767,0.363738,0.025880,0.421793,0.913164,0.308345,0.333809,0.686949,0.293392,0.853514,0.100925,0.498533,0.067655,0.840769,0.121596,0.719272,0.110030,0.483696,0.409971,0.844226,0.545718,0.822366,0.489826,0.371827,0.378564,0.664617],
[0.985534,0.244963,0.728176,0.372902,0.165238,0.367943,0.736640,0.191119,0.789736,0.649804,0.499463,0.123545,0.336752,0.792855,0.977059,0.437677,0.291389,0.044714,0.278447,0.412984,0.763986,0.388476,0.896681,0.173958,0.232703,0.442399,0.996324,0.722529,0.814226,0.374888,0.387146,0.799760,0.619851,0.115322,0.172663,0.785089,0.483264,0.909302,0.976208,0.273000],
[0.559106,0.475671,0.396545,0.895858,0.268526,0.373604,0.333536,0.559915,0.418319,0.611982,0.972900,0.182305,0.000459,0.869580,0.356262,0.233161,0.311979,0.352586,0.955690,0.126205,0.727474,0.342836,0.925966,0.347325,0.458157,0.098628,0.132414,0.941421,0.007930,0.108622,0.214421,0.567036,0.584293,0.610967,0.462894,0.852819,0.984571,0.796430,0.412734,0.402889],
[0.408413,0.385634,0.585194,0.408871,0.255214,0.941457,0.642033,0.567193,0.294043,0.597723,0.693398,0.021517,0.940559,0.619364,0.368842,0.398716,0.717992,0.501256,0.340137,0.725922,0.609877,0.554559,0.292958,0.194170,0.165525,0.755853,0.046989,0.150096,0.552283,0.459723,0.552986,0.960695,0.845357,0.138180,0.369567,0.100571,0.079637,0.011599,0.667764,0.373680]],
[[0.609322,0.361162,0.395197,0.549880,0.980525,0.764039,0.948596,0.698517,0.265295,0.288734,0.424439,0.875172,0.843293,0.717397,0.069342,0.008818,0.473250,0.116331,0.158914,0.025533,0.576054,0.711900,0.986228,0.421411,0.850080,0.355795,0.521982,0.929716,0.367394,0.189745,0.303396,0.976716,0.550907,0.698593,0.526596,0.531432,0.462632,0.475193,0.229949,0.727927],
[0.763927,0.654388,0.603099,0.607219,0.371786,0.672441,0.616037,0.845036,0.788772,0.774952,0.870569,0.364826,0.486851,0.856797,0.786237,0.336931,0.212592,0.308218,0.266648,0.579986,0.497964,0.570044,0.556702,0.048871,0.268637,0.083298,0.580303,0.731269,0.558491,0.810253,0.459196,0.322418,0.464641,0.062294,0.929637,0.836427,0.734735,0.545674,0.681463,0.523507],
[0.320626,0.552032,0.888333,0.807477,0.408829,0.674569,0.144408,0.621421,0.982788,0.411056,0.201407,0.480751,0.981099,0.758109,0.529622,0.249736,0.841407,0.109925,0.981005,0.399899,0.920178,0.440201,0.722316,0.384819,0.502495,0.651953,0.221246,0.237230,0.197627,0.902709,0.760737,0.518253,0.454741,0.649070,0.325730,0.863569,0.323639,0.470138,0.484990,0.306426],
[0.881194,0.686397,0.787178,0.862293,0.444506,0.316800,0.112029,0.285913,0.426725,0.093035,0.685812,0.346903,0.533235,0.408128,0.731722,0.035731,0.060081,0.952968,0.272961,0.257708,0.855677,0.033698,0.775961,0.310418,0.682768,0.101691,0.173987,0.006407,0.571829,0.658977,0.312833,0.453022,0.345374,0.100011,0.315316,0.789880,0.416811,0.427345,0.075793,0.843536],
[0.520380,0.761605,0.190439,0.053615,0.169733,0.922161,0.089345,0.229814,0.875129,0.362306,0.487523,0.730806,0.396005,0.263484,0.041223,0.078772,0.365174,0.215210,0.085179,0.937003,0.874187,0.398013,0.390025,0.219562,0.498024,0.705341,0.009442,0.914835,0.132686,0.085235,0.758370,0.653065,0.846840,0.948809,0.706680,0.016573,0.870970,0.796026,0.246388,0.746098],
[0.158332,0.733910,0.476904,0.554336,0.997394,0.518127,0.633109,0.362568,0.733338,0.718288,0.299571,0.607525,0.116301,0.689596,0.827087,0.614325,0.394937,0.836528,0.529159,0.527623,0.921763,0.287530,0.180688,0.768604,0.236339,0.887368,0.785177,0.107308,0.683393,0.031565,0.853407,0.841725,0.765475,0.330311,0.396062,0.762869,0.848438,0.029171,0.125437,0.581776],
[0.747459,0.425008,0.189301,0.863760,0.114604,0.016388,0.478085,0.509540,0.852916,0.007244,0.037163,0.774679,0.294774,0.217851,0.543283,0.531113,0.105219,0.328460,0.638421,0.788612,0.360025,0.491828,0.630337,0.125500,0.822139,0.026399,0.888369,0.670577,0.055570,0.013806,0.252353,0.803029,0.438813,0.441654,0.666789,0.553417,0.458041,0.144874,0.062957,0.310957],
[0.152118,0.100120,0.085636,0.446892,0.317971,0.628919,0.978005,0.423189,0.957379,0.616426,0.211801,0.317404,0.108254,0.842139,0.442904,0.930392,0.868538,0.331273,0.600969,0.924108,0.345079,0.853322,0.727137,0.783892,0.294976,0.393926,0.337309,0.753017,0.538800,0.400266,0.063974,0.690919,0.500386,0.149610,0.137811,0.818357,0.778529,0.115816,0.241546,0.735909],
[0.732242,0.453347,0.053313,0.840496,0.295486,0.496217,0.770888,0.164024,0.827491,0.371857,0.088132,0.172570,0.225180,0.815270,0.956462,0.520155,0.209196,0.293771,0.273172,0.747996,0.694037,0.337146,0.438915,0.194422,0.486756,0.576726,0.012779,0.265285,0.692541,0.254325,0.001194,0.424783,0.707672,0.054507,0.265279,0.003158,0.550724,0.036167,0.167183,0.378215],
[0.408025,0.255315,0.550784,0.633204,0.070585,0.507246,0.153359,0.279780,0.801017,0.426532,0.027777,0.495053,0.763677,0.466691,0.689476,0.250433,0.043417,0.702255,0.515718,0.735959,0.956580,0.516912,0.160742,0.664252,0.571418,0.426021,0.667411,0.122142,0.462188,0.834593,0.500357,0.870213,0.089908,0.051141,0.503417,0.160493,0.558388,0.656776,0.440273,0.359404],
[0.083308,0.468050,0.854458,0.846985,0.934742,0.543933,0.097418,0.978159,0.246188,0.613137,0.714117,0.202768,0.130048,0.874859,0.867020,0.701467,0.300880,0.534431,0.823609,0.763068,0.369024,0.323966,0.633281,0.458932,0.375107,0.136698,0.619425,0.933495,0.793474,0.059699,0.292899,0.876782,0.527749,0.147357,0.723767,0.462491,0.691290,0.821186,0.440649,0.937478],
[0.434322,0.154767,0.140246,0.564371,0.029626,0.007266,0.265837,0.330506,0.541697,0.089446,0.093574,0.910721,0.413412,0.726855,0.369654,0.788519,0.863553,0.989079,0.722014,0.657027,0.048778,0.014914,0.533809,0.576527,0.162271,0.257577,0.039018,0.853561,0.078762,0.479667,0.791039,0.513085,0.634434,0.931285,0.077456,0.664060,0.938552,0.343293,0.994566,0.480249],
[0.432739,0.088141,0.390970,0.846151,0.814996,0.760624,0.634671,0.678549,0.749704,0.356685,0.335576,0.798482,0.371599,0.869386,0.375009,0.533869,0.126962,0.414027,0.387430,0.205725,0.893694,0.178469,0.718810,0.528129,0.109754,0.796265,0.192189,0.048306,0.139558,0.186755,0.528556,0.572297,0.274895,0.919526,0.418448,0.089891,0.680150,0.053119,0.768441,0.429854],
[0.409804,0.104017,0.228336,0.781403,0.973403,0.603345,0.315272,0.100365,0.017372,0.702702,0.306090,0.911066,0.881171,0.024899,0.439195,0.990925,0.821165,0.631383,0.039232,0.960723,0.818138,0.567787,0.533020,0.093034,0.487313,0.951468,0.182925,0.167464,0.004588,0.951366,0.597317,0.414392,0.055382,0.825653,0.195794,0.028785,0.428998,0.511066,0.129150,0.446369],
[0.213768,0.435240,0.357435,0.094939,0.460139,0.796630,0.085864,0.281303,0.428013,0.125096,0.242026,0.246151,0.692883,0.775046,0.339185,0.180196,0.726515,0.522110,0.347660,0.731102,0.473476,0.944977,0.145494,0.528858,0.770630,0.341288,0.557643,0.199628,0.852354,0.686793,0.645997,0.066122,0.122032,0.003432,0.161061,0.582171,0.800062,0.246925,0.863475,0.228075],
[0.372021,0.105501,0.474226,0.064904,0.880547,0.813411,0.245101,0.607062,0.335521,0.592761,0.338164,0.808997,0.537738,0.483657,0.337855,0.308368,0.824945,0.895498,0.507996,0.677300,0.582291,0.153992,0.743422,0.704323,0.157425,0.904483,0.286494,0.957487,0.151409,0.149969,0.185562,0.523430,0.255470,0.659788,0.588334,0.136017,0.473200,0.833435,0.743079,0.808721],
[0.426196,0.081242,0.617718,0.963934,0.564900,0.955572,0.272302,0.389845,0.851070,0.780297,0.067145,0.433361,0.934290,0.810566,0.137684,0.091714,0.715050,0.424178,0.049201,0.866458,0.574147,0.234763,0.389888,0.829617,0.894551,0.978222,0.965634,0.367750,0.811657,0.708712,0.176471,0.237853,0.789954,0.794189,0.201787,0.354854,0.749761,0.474089,0.744699,0.600831],
[0.254386,0.811843,0.034192,0.188676,0.622410,0.171876,0.280390,0.337459,0.596054,0.329591,0.203917,0.170200,0.564354,0.593805,0.999817,0.458905,0.572028,0.965450,0.826655,0.383685,0.674163,0.003127,0.621538,0.464117,0.797315,0.823325,0.818971,0.547077,0.297413,0.563670,0.147908,0.551799,0.375513,0.182100,0.740475,0.997923,0.353976,0.020866,0.335382,0.950030],
[0.350457,0.539299,0.120230,0.914811,0.133105,0.120047,0.373716,0.705133,0.085497,0.200372,0.088817,0.759660,0.203498,0.710355,0.223777,0.000814,0.533680,0.042748,0.547890,0.831093,0.606417,0.695798,0.382893,0.981930,0.877899,0.123368,0.979853,0.231875,0.144234,0.315235,0.181905,0.494691,0.854534,0.302135,0.409502,0.987639,0.422181,0.783219,0.692772,0.507679],
[0.983590,0.781589,0.267339,0.187088,0.491945,0.491116,0.187902,0.025625,0.533863,0.735792,0.856718,0.140281,0.431591,0.239611,0.122211,0.309489,0.362979,0.102064,0.541364,0.507213,0.417299,0.723269,0.001904,0.271833,0.025404,0.411407,0.259472,0.447585,0.194625,0.952244,0.955264,0.178215,0.733833,0.222602,0.365303,0.225778,0.713718,0.553205,0.251402,0.247581],
[0.288997,0.108120,0.387862,0.720588,0.347732,0.510073,0.030078,0.710711,0.612137,0.571442,0.217924,0.029435,0.294711,0.219828,0.301269,0.320114,0.631235,0.560741,0.767699,0.825860,0.512985,0.722963,0.004075,0.246818,0.945565,0.369379,0.472595,0.659283,0.922584,0.723997,0.906864,0.211581,0.832118,0.294725,0.932169,0.179850,0.804798,0.962247,0.890560,0.416935],
[0.533689,0.108484,0.446370,0.828400,0.328313,0.747639,0.148514,0.959548,0.308380,0.916213,0.785407,0.821364,0.639176,0.789483,0.068182,0.584741,0.158861,0.540777,0.244024,0.081445,0.264775,0.150887,0.293026,0.096893,0.445613,0.225195,0.276742,0.250411,0.187442,0.167303,0.667346,0.721131,0.275787,0.113717,0.549530,0.604100,0.861356,0.698044,0.563647,0.169735],
[0.614258,0.349055,0.991100,0.253433,0.138537,0.059282,0.838174,0.297398,0.600059,0.082198,0.378843,0.864833,0.233085,0.671869,0.961726,0.678698,0.897065,0.238468,0.929109,0.084507,0.405771,0.596456,0.805638,0.681558,0.710172,0.355168,0.285657,0.571528,0.053213,0.849305,0.741263,0.667470,0.198359,0.732363,0.920904,0.336897,0.791644,0.759078,0.634295,0.391703],
[0.841276,0.013138,0.256537,0.074362,0.685007,0.218263,0.753060,0.582072,0.456731,0.682170,0.666579,0.862502,0.278625,0.472217,0.544060,0.988797,0.827385,0.829717,0.560325,0.880598,0.679022,0.301588,0.548069,0.877381,0.033951,0.468972,0.214278,0.825595,0.228051,0.848573,0.217298,0.069327,0.861711,0.473834,0.143689,0.546719,0.692097,0.896749,0.128791,0.148828],
[0.578918,0.795370,0.011330,0.857544,0.267587,0.555389,0.846341,0.094973,0.385107,0.406666,0.975571,0.064128,0.708254,0.523639,0.941510,0.742204,0.992612,0.155787,0.567799,0.220662,0.004360,0.785097,0.289989,0.866071,0.258932,0.433678,0.412790,0.951029,0.330427,0.541581,0.099857,0.909345,0.336951,0.111187,0.766889,0.604538,0.666576,0.613230,0.699510,0.051683],
[0.019896,0.675081,0.115811,0.728150,0.198720,0.057320,0.470354,0.191332,0.213108,0.038153,0.411994,0.217468,0.823251,0.701984,0.083540,0.082182,0.135662,0.496330,0.033211,0.466089,0.037910,0.133068,0.375434,0.374861,0.244254,0.142323,0.979398,0.910830,0.755553,0.678909,0.962513,0.775449,0.353990,0.078324,0.503599,0.552710,0.135644,0.973953,0.744042,0.348752],
[0.012106,0.156037,0.566220,0.835357,0.858020,0.649760,0.917539,0.993682,0.146089,0.950750,0.459771,0.183999,0.083817,0.835205,0.558860,0.328072,0.977528,0.538259,0.238902,0.733081,0.217167,0.201415,0.508530,0.571157,0.279738,0.012129,0.123867,0.415382,0.986081,0.867909,0.764134,0.998187,0.023946,0.330355,0.833544,0.881966,0.980114,0.751083,0.875648,0.126204],
[0.701832,0.335419,0.310203,0.785650,0.170624,0.869063,0.113722,0.148152,0.407322,0.352624,0.881233,0.624489,0.554038,0.389764,0.195646,0.833777,0.401893,0.319513,0.249159,0.387974,0.187422,0.013294,0.386161,0.211368,0.343648,0.219705,0.093334,0.323763,0.970788,0.968982,0.449966,0.672620,0.304400,0.760169,0.458270,0.475024,0.629233,0.571992,0.623176,0.036555],
[0.924615,0.504410,0.661044,0.478654,0.894173,0.856690,0.312430,0.296066,0.176204,0.561590,0.684040,0.363626,0.574883,0.070201,0.574994,0.918532,0.289906,0.668328,0.242294,0.260694,0.637309,0.692260,0.933315,0.941710,0.452430,0.391585,0.416734,0.081662,0.963576,0.039910,0.118217,0.888192,0.544320,0.779261,0.366845,0.438493,0.635951,0.679276,0.734559,0.812155],
[0.240865,0.418599,0.175781,0.815748,0.488800,0.750774,0.734280,0.778706,0.419102,0.976574,0.039401,0.056411,0.668835,0.972715,0.998121,0.121264,0.364300,0.414855,0.202926,0.327876,0.454765,0.321143,0.216068,0.999085,0.100404,0.582913,0.437578,0.736355,0.262189,0.172137,0.548509,0.503054,0.590735,0.724290,0.318803,0.079535,0.475064,0.053083,0.858241,0.894167],
[0.029657,0.897642,0.950578,0.698491,0.870357,0.948699,0.819756,0.234657,0.363554,0.022682,0.562534,0.818319,0.343825,0.778602,0.817404,0.444229,0.361515,0.254982,0.180584,0.623704,0.427119,0.729093,0.126758,0.017854,0.453383,0.445561,0.097389,0.928447,0.498643,0.955630,0.822614,0.528300,0.853272,0.773192,0.226792,0.723629,0.721891,0.046547,0.958287,0.085445],
[0.069229,0.520820,0.903765,0.413055,0.299422,0.721169,0.857284,0.660938,0.976151,0.037868,0.284642,0.403270,0.766961,0.411400,0.421124,0.220344,0.856960,0.518513,0.148791,0.355604,0.474143,0.971405,0.883904,0.327415,0.744597,0.110695,0.051044,0.466488,0.157243,0.009331,0.551933,0.226472,0.530151,0.455698,0.639527,0.829573,0.176867,0.496811,0.490511,0.153018],
[0.534678,0.775153,0.556288,0.301639,0.186552,0.977411,0.521983,0.043513,0.495924,0.670775,0.399117,0.970067,0.642180,0.283020,0.297481,0.386777,0.393716,0.348526,0.853265,0.550958,0.357856,0.405199,0.777430,0.888007,0.860897,0.416957,0.717581,0.037764,0.913767,0.208092,0.190782,0.448446,0.983245,0.747070,0.750085,0.169797,0.724481,0.272068,0.213310,0.220405],
[0.942843,0.612427,0.190472,0.585023,0.895447,0.487953,0.971800,0.289163,0.836479,0.825065,0.840121,0.194335,0.230264,0.617551,0.082343,0.091160,0.034508,0.799924,0.128924,0.948276,0.008016,0.319707,0.396721,0.991260,0.066777,0.146806,0.161058,0.791258,0.418874,0.374368,0.011663,0.361717,0.986795,0.202135,0.946740,0.882242,0.690088,0.918539,0.171405,0.526567],
[0.743604,0.011526,0.720902,0.973868,0.629077,0.803245,0.065028,0.663586,0.603168,0.193952,0.611861,0.611184,0.513659,0.008583,0.602444,0.580436,0.155389,0.763502,0.371693,0.574263,0.137870,0.383357,0.935980,0.124664,0.585492,0.882720,0.006906,0.275580,0.801259,0.178311,0.802147,0.544863,0.189837,0.523049,0.518731,0.818914,0.326294,0.583759,0.482500,0.929462],
[0.777711,0.094361,0.540646,0.291370,0.102944,0.143091,0.871806,0.258333,0.906593,0.243499,0.832596,0.044463,0.626856,0.768577,0.169127,0.212348,0.651297,0.176033,0.487927,0.452556,0.354345,0.290074,0.997419,0.544182,0.813123,0.516150,0.363096,0.139416,0.099909,0.845596,0.068879,0.877620,0.939957,0.609525,0.168990,0.042901,0.752615,0.040796,0.301234,0.659208],
[0.284296,0.133830,0.703671,0.911152,0.902407,0.872798,0.123499,0.553704,0.048831,0.611426,0.006260,0.403176,0.901500,0.003679,0.947357,0.714623,0.519829,0.310453,0.854040,0.619738,0.156049,0.922918,0.497358,0.096006,0.532443,0.666348,0.138908,0.285058,0.707144,0.440142,0.944266,0.991440,0.573972,0.647936,0.902592,0.476379,0.520734,0.026091,0.030083,0.569565],
[0.637517,0.036343,0.972741,0.539017,0.040023,0.920098,0.253641,0.559852,0.230551,0.107680,0.179590,0.386600,0.030598,0.676947,0.482606,0.563041,0.343295,0.621514,0.848099,0.050440,0.061656,0.792365,0.041880,0.635628,0.440301,0.944471,0.112007,0.961035,0.970562,0.142091,0.530600,0.608079,0.178434,0.503341,0.147097,0.218457,0.423438,0.400737,0.778308,0.653989],
[0.508417,0.957898,0.040589,0.539015,0.634845,0.523195,0.102056,0.978141,0.144709,0.950155,0.028581,0.206364,0.742520,0.070460,0.841992,0.182821,0.014932,0.954000,0.143856,0.985494,0.096090,0.674457,0.593573,0.274525,0.177797,0.740669,0.492981,0.601236,0.141406,0.271290,0.255225,0.649824,0.229188,0.295813,0.188839,0.864033,0.819008,0.290895,0.842174,0.963717],
[0.241051,0.870755,0.170081,0.983571,0.941215,0.012074,0.166392,0.956147,0.966073,0.310248,0.941640,0.062164,0.984705,0.535213,0.336688,0.162502,0.275882,0.829670,0.763737,0.417288,0.100960,0.018962,0.067112,0.330148,0.314775,0.255951,0.194181,0.133783,0.546846,0.036355,0.097500,0.787897,0.907110,0.267582,0.771468,0.848325,0.279655,0.937859,0.804471,0.245729]]];

c=[[5,9,8,5,6,1,10,8,4,9,9,3,8,7,8,2,5,9,7,8,10,10,6,2,10,5,6,6,5,8,10,9,8,8,3,3,10,5,2,3],
[3,2,7,10,8,7,3,2,5,9,1,4,1,8,5,2,2,2,8,6,1,9,7,8,8,1,2,7,5,3,2,7,4,8,8,3,6,1,4,10],
[1,6,6,1,3,2,3,4,4,2,2,6,10,10,4,8,10,7,6,5,2,7,3,7,7,1,10,2,3,5,4,3,1,1,4,3,2,8,9,7],
[1,2,3,2,1,8,9,10,4,7,6,5,3,1,2,1,3,3,5,5,7,8,9,7,10,4,2,1,1,2,10,3,5,2,5,5,1,5,6,6],
[1,4,1,6,4,4,6,6,6,10,2,4,9,10,3,8,4,4,1,6,7,2,9,1,5,3,7,5,9,2,10,10,5,2,7,10,7,2,5,2],
[4,6,8,2,8,10,2,1,5,4,6,1,5,4,3,9,8,9,5,9,2,4,10,9,8,6,8,4,7,5,8,10,2,5,4,9,4,7,1,10],
[2,7,2,6,2,4,6,2,4,2,10,7,7,9,5,4,6,5,10,2,1,7,4,4,1,9,5,6,5,5,7,6,1,8,3,5,1,10,6,6],
[1,7,2,9,7,9,3,2,5,2,5,7,10,10,10,2,8,4,9,4,1,5,1,3,2,5,7,4,6,4,9,8,2,2,7,8,2,1,1,6],
[4,8,4,3,7,4,4,7,9,2,2,9,6,5,2,7,1,10,2,7,4,10,4,5,3,2,5,5,2,5,2,5,4,8,7,1,1,2,9,1],
[3,2,10,8,6,3,6,7,2,7,5,5,8,10,2,3,2,6,9,5,2,2,10,8,9,8,10,1,10,8,2,2,1,3,2,7,5,9,5,6],
[8,1,3,5,10,4,9,1,1,7,6,4,1,7,1,9,4,10,10,5,9,1,9,10,5,2,8,9,10,4,6,7,4,8,4,3,3,2,6,5],
[1,3,9,1,1,1,1,6,1,10,1,1,2,9,10,6,10,7,6,1,2,2,8,5,9,3,10,4,6,5,8,8,9,8,8,9,9,1,4,1],
[2,4,1,4,4,3,1,5,1,9,6,3,10,5,7,10,9,6,3,4,2,1,2,10,8,1,8,8,1,4,8,3,7,1,8,3,3,10,7,3],
[8,4,7,9,10,4,9,8,1,1,4,3,3,5,4,1,7,2,10,10,5,10,4,3,10,3,7,4,2,4,6,2,9,3,10,1,8,8,8,8],
[1,1,2,3,7,6,5,6,9,5,5,5,4,8,7,3,10,4,6,3,9,3,4,9,7,6,9,6,5,9,4,5,1,7,8,8,2,2,3,2],
[6,7,6,1,6,5,5,5,8,10,9,8,5,3,8,3,10,7,9,4,7,4,1,7,10,8,4,4,1,8,5,9,6,1,9,3,5,4,7,4],
[5,6,3,1,10,10,4,1,8,2,6,4,5,6,3,4,3,8,9,4,6,4,4,3,6,2,6,2,7,4,5,2,1,9,4,2,8,7,2,8],
[8,8,3,2,3,5,8,8,3,6,3,10,1,6,2,6,9,9,7,6,3,3,9,3,1,2,5,1,9,8,10,8,7,2,2,10,9,9,9,1],
[6,1,10,9,8,3,4,6,2,3,1,4,7,1,8,10,3,4,2,1,4,1,8,10,4,9,1,2,9,9,4,7,1,5,5,8,8,10,6,1],
[4,6,6,1,7,5,10,1,9,1,3,2,3,2,3,6,1,4,10,1,2,3,9,5,10,5,2,9,5,7,9,8,5,6,10,3,10,9,3,10],
[1,7,1,3,8,4,9,10,9,10,1,10,2,1,6,3,6,8,1,10,6,9,9,2,6,9,6,6,9,10,5,10,6,8,4,4,3,4,3,1],
[3,5,2,7,6,8,9,3,7,10,4,4,10,2,8,6,2,3,1,3,5,7,2,10,4,5,5,8,1,8,8,3,4,2,9,1,9,8,3,7],
[9,6,10,8,10,7,3,3,2,5,5,6,2,8,7,7,5,2,5,5,1,4,7,6,5,8,7,5,7,1,1,5,9,3,2,8,1,7,2,2],
[1,7,9,2,6,6,9,10,9,5,4,9,8,3,4,5,10,2,9,8,3,2,2,1,4,5,10,6,1,1,10,4,9,8,7,5,5,7,6,3],
[1,10,3,1,4,7,5,5,8,5,2,2,6,5,2,1,1,3,7,4,6,8,7,4,7,3,10,2,10,6,6,2,7,9,2,2,7,6,6,6],
[1,9,8,8,3,1,9,3,4,7,6,1,4,4,6,10,7,6,3,8,3,9,9,1,9,3,2,7,10,9,2,2,7,1,10,1,2,10,5,7],
[6,1,7,1,6,2,2,2,9,5,1,3,5,2,5,5,4,8,1,3,6,4,5,4,5,6,4,6,5,1,4,2,3,10,2,8,3,5,2,2],
[9,2,6,5,3,1,9,6,8,1,1,6,5,7,9,9,2,5,6,6,5,9,7,7,10,10,6,4,6,7,7,5,9,3,1,3,3,2,1,2],
[2,1,7,8,7,8,8,8,4,3,5,8,3,3,6,4,4,1,8,9,10,6,5,8,8,6,10,2,9,2,6,2,2,2,10,10,1,9,9,4],
[2,3,3,6,7,8,2,10,1,1,9,10,6,5,9,4,2,10,7,10,2,2,2,5,6,3,7,6,1,5,10,4,10,2,2,6,2,3,6,4],
[3,6,5,8,2,3,3,4,4,2,3,7,3,6,2,8,10,8,4,3,2,5,6,3,6,9,9,9,1,6,2,5,1,6,5,2,8,9,7,4],
[10,10,10,3,7,3,2,9,10,7,1,4,1,8,6,9,7,4,7,9,1,9,4,3,4,10,7,4,8,3,7,8,4,8,2,3,1,5,1,10],
[2,1,5,2,10,3,10,8,8,7,7,9,7,2,1,10,1,7,5,10,10,3,9,5,1,10,7,3,5,7,4,8,9,9,9,9,1,1,6,10],
[9,4,8,5,5,9,6,7,7,3,7,8,5,7,3,7,9,1,9,5,8,5,2,6,3,10,6,5,2,4,4,10,7,4,6,2,4,2,10,2],
[6,8,10,10,5,4,9,3,4,9,7,1,3,8,9,7,9,6,1,3,9,7,4,6,2,10,9,5,3,8,6,8,6,7,9,2,10,7,6,4],
[6,4,6,10,3,6,7,3,2,7,5,10,5,9,7,6,8,5,2,2,3,10,9,10,6,9,3,6,6,8,1,3,1,8,2,5,6,10,7,7],
[7,2,8,3,10,7,1,9,1,2,2,5,1,2,6,9,10,8,4,7,7,6,1,9,5,3,3,10,4,10,8,2,3,8,5,4,4,7,2,6],
[10,5,1,3,6,6,1,5,6,6,2,4,1,2,3,7,6,7,7,10,8,6,1,10,5,7,3,8,3,6,4,3,10,6,5,5,3,5,10,8],
[2,3,4,4,6,8,10,2,4,8,3,4,4,5,3,8,2,8,8,6,3,3,8,5,8,4,9,10,10,10,10,1,2,5,4,10,2,4,1,7],
[3,5,10,8,9,3,8,10,10,5,6,4,7,5,8,6,1,9,7,10,8,8,1,2,2,6,1,3,1,3,10,4,7,9,1,7,3,8,9,4],
];
