
m = 14;

n = 14;

p = 4;

q = 4;

proba = 
[[[0.22,0.50,0.42,0.59,0.31,0.08,0.52,0.01,0.29,0.06,0.15,0.23,0.35,0.36],
[0.46,0.06,0.08,0.38,0.10,0.41,0.18,0.44,0.11,0.14,0.07,0.25,0.28,0.16],
[0.11,0.39,0.45,0.33,0.29,0.27,0.32,0.60,0.35,0.25,0.00,0.04,0.30,0.16],
[0.27,0.05,0.51,0.12,0.11,0.59,0.50,0.21,0.40,0.08,0.04,0.52,0.22,0.12],
[0.17,0.50,0.28,0.27,0.29,0.13,0.00,0.58,0.39,0.33,0.57,0.14,0.58,0.57],
[0.18,0.28,0.13,0.45,0.33,0.04,0.57,0.44,0.03,0.47,0.04,0.44,0.55,0.08],
[0.35,0.17,0.20,0.52,0.07,0.48,0.20,0.36,0.01,0.20,0.34,0.40,0.53,0.31],
[0.54,0.51,0.28,0.12,0.18,0.41,0.57,0.51,0.45,0.54,0.35,0.48,0.41,0.39],
[0.32,0.36,0.48,0.07,0.53,0.08,0.59,0.01,0.56,0.19,0.37,0.56,0.39,0.10],
[0.36,0.32,0.41,0.30,0.23,0.09,0.42,0.41,0.50,0.39,0.32,0.34,0.33,0.07],
[0.23,0.14,0.46,0.55,0.51,0.34,0.02,0.44,0.42,0.01,0.45,0.37,0.20,0.22],
[0.34,0.59,0.32,0.10,0.31,0.12,0.40,0.53,0.21,0.22,0.34,0.11,0.01,0.06],
[0.45,0.34,0.14,0.08,0.48,0.00,0.03,0.39,0.34,0.04,0.23,0.16,0.05,0.08],
[0.53,0.25,0.30,0.27,0.24,0.01,0.37,0.54,0.14,0.16,0.48,0.35,0.38,0.22]],
[[0.46,0.39,0.28,0.31,0.13,0.42,0.39,0.01,0.42,0.42,0.40,0.16,0.46,0.04],
[0.32,0.52,0.12,0.26,0.17,0.41,0.53,0.40,0.43,0.29,0.35,0.57,0.45,0.22],
[0.32,0.24,0.44,0.18,0.03,0.13,0.49,0.15,0.55,0.29,0.17,0.37,0.11,0.57],
[0.53,0.57,0.01,0.25,0.49,0.13,0.51,0.05,0.54,0.44,0.46,0.37,0.13,0.20],
[0.33,0.58,0.43,0.05,0.22,0.27,0.23,0.25,0.39,0.12,0.40,0.34,0.40,0.57],
[0.10,0.51,0.54,0.03,0.48,0.55,0.28,0.37,0.07,0.19,0.42,0.01,0.03,0.28],
[0.38,0.16,0.48,0.11,0.14,0.31,0.16,0.37,0.58,0.39,0.01,0.37,0.50,0.41],
[0.11,0.30,0.38,0.21,0.21,0.32,0.24,0.09,0.27,0.53,0.45,0.34,0.12,0.27],
[0.35,0.15,0.55,0.13,0.31,0.43,0.25,0.45,0.14,0.41,0.22,0.12,0.19,0.23],
[0.48,0.09,0.04,0.59,0.40,0.42,0.20,0.01,0.14,0.44,0.09,0.41,0.37,0.55],
[0.15,0.49,0.22,0.51,0.04,0.17,0.04,0.35,0.01,0.29,0.20,0.15,0.09,0.42],
[0.26,0.29,0.06,0.15,0.38,0.10,0.14,0.18,0.52,0.34,0.18,0.06,0.18,0.28],
[0.47,0.55,0.23,0.03,0.44,0.45,0.53,0.48,0.02,0.57,0.23,0.03,0.26,0.43],
[0.18,0.35,0.25,0.44,0.03,0.31,0.59,0.41,0.41,0.13,0.59,0.33,0.46,0.18]],
[[0.39,0.04,0.45,0.27,0.59,0.08,0.29,0.43,0.53,0.22,0.31,0.55,0.19,0.54],
[0.58,0.45,0.37,0.16,0.20,0.02,0.00,0.23,0.33,0.59,0.05,0.14,0.12,0.04],
[0.47,0.58,0.21,0.26,0.03,0.07,0.53,0.02,0.14,0.22,0.46,0.07,0.45,0.17],
[0.02,0.04,0.11,0.01,0.49,0.48,0.17,0.09,0.50,0.17,0.32,0.24,0.16,0.37],
[0.38,0.28,0.41,0.25,0.27,0.02,0.51,0.29,0.08,0.45,0.32,0.23,0.07,0.17],
[0.30,0.52,0.34,0.33,0.56,0.45,0.33,0.46,0.32,0.50,0.55,0.23,0.07,0.27],
[0.46,0.24,0.04,0.24,0.52,0.45,0.49,0.19,0.47,0.41,0.48,0.55,0.25,0.20],
[0.18,0.32,0.37,0.49,0.24,0.11,0.21,0.20,0.55,0.55,0.06,0.28,0.45,0.01],
[0.50,0.52,0.28,0.37,0.16,0.32,0.01,0.08,0.17,0.50,0.27,0.04,0.31,0.15],
[0.60,0.56,0.34,0.18,0.28,0.11,0.07,0.52,0.22,0.28,0.13,0.17,0.23,0.19],
[0.45,0.08,0.20,0.35,0.00,0.48,0.12,0.16,0.20,0.13,0.25,0.38,0.03,0.51],
[0.42,0.34,0.06,0.41,0.30,0.41,0.59,0.58,0.52,0.06,0.50,0.14,0.34,0.03],
[0.31,0.56,0.22,0.16,0.04,0.42,0.51,0.04,0.30,0.03,0.20,0.50,0.16,0.45],
[0.27,0.19,0.36,0.09,0.52,0.43,0.50,0.22,0.23,0.50,0.19,0.15,0.56,0.10]],
[[0.29,0.29,0.13,0.60,0.26,0.35,0.15,0.30,0.17,0.06,0.34,0.47,0.09,0.54],
[0.36,0.25,0.39,0.04,0.44,0.15,0.13,0.36,0.58,0.03,0.57,0.21,0.53,0.17],
[0.37,0.49,0.26,0.05,0.18,0.40,0.05,0.44,0.15,0.20,0.14,0.32,0.27,0.48],
[0.18,0.36,0.42,0.55,0.01,0.21,0.58,0.44,0.36,0.11,0.20,0.34,0.15,0.17],
[0.55,0.08,0.34,0.32,0.57,0.00,0.37,0.15,0.40,0.42,0.59,0.55,0.02,0.13],
[0.26,0.29,0.01,0.44,0.05,0.42,0.39,0.05,0.03,0.37,0.50,0.39,0.49,0.10],
[0.13,0.03,0.27,0.08,0.11,0.01,0.39,0.08,0.01,0.16,0.23,0.41,0.58,0.23],
[0.36,0.00,0.36,0.02,0.29,0.36,0.46,0.34,0.18,0.25,0.39,0.21,0.02,0.29],
[0.60,0.51,0.39,0.13,0.54,0.06,0.20,0.06,0.07,0.60,0.14,0.09,0.16,0.38],
[0.50,0.14,0.00,0.26,0.14,0.36,0.28,0.43,0.12,0.14,0.17,0.30,0.39,0.56],
[0.51,0.42,0.25,0.51,0.33,0.04,0.03,0.27,0.10,0.24,0.33,0.17,0.23,0.47],
[0.26,0.39,0.25,0.16,0.53,0.25,0.42,0.07,0.00,0.10,0.50,0.12,0.24,0.07],
[0.42,0.03,0.03,0.33,0.45,0.28,0.24,0.18,0.31,0.28,0.45,0.41,0.51,0.18],
[0.58,0.14,0.05,0.24,0.53,0.29,0.40,0.46,0.54,0.21,0.53,0.54,0.31,0.44]],
[[0.06,0.55,0.51,0.48,0.58,0.54,0.22,0.43,0.22,0.46,0.01,0.53,0.13,0.46],
[0.34,0.05,0.04,0.32,0.19,0.08,0.56,0.12,0.37,0.35,0.59,0.31,0.57,0.52],
[0.26,0.28,0.36,0.32,0.23,0.27,0.20,0.21,0.20,0.42,0.05,0.42,0.28,0.06],
[0.35,0.41,0.52,0.09,0.45,0.55,0.41,0.04,0.04,0.37,0.17,0.41,0.12,0.15],
[0.12,0.09,0.07,0.38,0.37,0.43,0.10,0.59,0.10,0.30,0.21,0.30,0.12,0.25],
[0.12,0.40,0.31,0.47,0.21,0.23,0.56,0.06,0.19,0.37,0.11,0.22,0.14,0.28],
[0.03,0.26,0.43,0.16,0.35,0.51,0.54,0.12,0.34,0.04,0.12,0.43,0.34,0.32],
[0.14,0.46,0.58,0.26,0.26,0.29,0.13,0.47,0.52,0.09,0.54,0.11,0.46,0.04],
[0.33,0.00,0.32,0.37,0.26,0.15,0.53,0.02,0.06,0.46,0.14,0.40,0.50,0.25],
[0.23,0.24,0.58,0.37,0.10,0.56,0.03,0.36,0.25,0.15,0.23,0.17,0.24,0.16],
[0.28,0.10,0.21,0.01,0.10,0.53,0.38,0.37,0.08,0.31,0.39,0.15,0.17,0.52],
[0.54,0.07,0.18,0.18,0.30,0.16,0.55,0.40,0.11,0.57,0.16,0.36,0.13,0.39],
[0.53,0.37,0.55,0.21,0.47,0.16,0.22,0.57,0.09,0.00,0.34,0.18,0.31,0.12],
[0.32,0.48,0.05,0.26,0.54,0.23,0.44,0.24,0.38,0.39,0.04,0.49,0.36,0.20]],
[[0.25,0.49,0.59,0.18,0.26,0.54,0.39,0.13,0.10,0.01,0.10,0.19,0.01,0.43],
[0.37,0.32,0.56,0.09,0.20,0.00,0.35,0.14,0.23,0.19,0.38,0.01,0.58,0.43],
[0.51,0.34,0.03,0.16,0.23,0.02,0.34,0.49,0.56,0.13,0.01,0.06,0.14,0.11],
[0.25,0.15,0.54,0.02,0.47,0.50,0.11,0.07,0.51,0.46,0.21,0.14,0.06,0.59],
[0.15,0.04,0.42,0.06,0.38,0.45,0.21,0.02,0.47,0.55,0.50,0.43,0.08,0.52],
[0.49,0.22,0.02,0.14,0.37,0.57,0.17,0.24,0.47,0.28,0.31,0.37,0.14,0.52],
[0.51,0.20,0.51,0.06,0.24,0.34,0.11,0.02,0.19,0.33,0.04,0.06,0.28,0.54],
[0.49,0.36,0.46,0.38,0.59,0.48,0.52,0.36,0.45,0.09,0.60,0.32,0.37,0.31],
[0.09,0.50,0.23,0.60,0.10,0.14,0.05,0.34,0.48,0.17,0.36,0.07,0.50,0.40],
[0.12,0.18,0.34,0.01,0.54,0.20,0.39,0.53,0.08,0.32,0.28,0.53,0.41,0.28],
[0.24,0.17,0.59,0.33,0.08,0.22,0.33,0.18,0.36,0.38,0.52,0.24,0.55,0.28],
[0.30,0.44,0.08,0.43,0.02,0.42,0.44,0.56,0.02,0.23,0.49,0.10,0.55,0.17],
[0.03,0.36,0.46,0.27,0.53,0.44,0.00,0.00,0.06,0.33,0.18,0.42,0.11,0.10],
[0.06,0.06,0.37,0.37,0.51,0.45,0.20,0.53,0.27,0.04,0.49,0.29,0.27,0.38]],
[[0.39,0.22,0.56,0.42,0.57,0.41,0.09,0.50,0.26,0.09,0.50,0.32,0.42,0.08],
[0.14,0.53,0.18,0.21,0.59,0.55,0.57,0.50,0.40,0.17,0.43,0.08,0.21,0.32],
[0.37,0.48,0.10,0.17,0.10,0.06,0.59,0.07,0.48,0.08,0.57,0.14,0.17,0.47],
[0.46,0.59,0.56,0.00,0.52,0.13,0.21,0.51,0.09,0.18,0.41,0.49,0.35,0.24],
[0.57,0.56,0.56,0.34,0.43,0.06,0.51,0.53,0.13,0.50,0.60,0.00,0.57,0.57],
[0.14,0.14,0.44,0.60,0.12,0.40,0.60,0.04,0.53,0.21,0.55,0.02,0.39,0.36],
[0.51,0.14,0.60,0.48,0.09,0.55,0.22,0.52,0.01,0.13,0.45,0.14,0.03,0.45],
[0.14,0.00,0.41,0.28,0.14,0.25,0.28,0.26,0.05,0.28,0.30,0.59,0.48,0.25],
[0.00,0.27,0.01,0.51,0.41,0.01,0.39,0.50,0.56,0.02,0.42,0.58,0.15,0.28],
[0.12,0.18,0.12,0.26,0.18,0.54,0.54,0.32,0.19,0.22,0.58,0.24,0.50,0.28],
[0.23,0.38,0.54,0.23,0.05,0.55,0.15,0.46,0.56,0.54,0.36,0.52,0.56,0.18],
[0.50,0.11,0.46,0.02,0.29,0.58,0.28,0.47,0.52,0.22,0.19,0.11,0.44,0.17],
[0.35,0.34,0.45,0.58,0.12,0.39,0.21,0.17,0.34,0.36,0.03,0.30,0.30,0.39],
[0.23,0.27,0.58,0.13,0.38,0.44,0.15,0.07,0.42,0.43,0.54,0.34,0.05,0.13]],
[[0.44,0.49,0.30,0.19,0.22,0.15,0.17,0.34,0.54,0.39,0.52,0.29,0.15,0.55],
[0.59,0.45,0.34,0.22,0.12,0.31,0.34,0.49,0.15,0.49,0.56,0.57,0.32,0.50],
[0.30,0.36,0.03,0.14,0.25,0.33,0.34,0.47,0.48,0.51,0.22,0.43,0.30,0.13],
[0.11,0.45,0.08,0.10,0.30,0.41,0.32,0.42,0.13,0.06,0.31,0.27,0.55,0.28],
[0.24,0.27,0.18,0.54,0.03,0.21,0.08,0.27,0.54,0.42,0.15,0.42,0.33,0.36],
[0.25,0.03,0.50,0.36,0.47,0.57,0.46,0.17,0.39,0.18,0.59,0.51,0.24,0.30],
[0.18,0.19,0.58,0.42,0.46,0.16,0.36,0.48,0.37,0.44,0.16,0.31,0.26,0.30],
[0.13,0.59,0.07,0.38,0.02,0.56,0.14,0.49,0.54,0.60,0.06,0.32,0.18,0.06],
[0.24,0.42,0.36,0.42,0.01,0.34,0.24,0.46,0.50,0.00,0.35,0.26,0.44,0.50],
[0.57,0.10,0.21,0.09,0.09,0.28,0.47,0.10,0.24,0.01,0.59,0.18,0.01,0.06],
[0.51,0.18,0.11,0.14,0.00,0.47,0.56,0.01,0.21,0.20,0.47,0.11,0.21,0.22],
[0.37,0.05,0.13,0.34,0.15,0.33,0.43,0.24,0.01,0.30,0.34,0.26,0.31,0.33],
[0.44,0.32,0.39,0.34,0.50,0.50,0.49,0.50,0.37,0.45,0.51,0.58,0.05,0.39],
[0.09,0.26,0.01,0.46,0.31,0.14,0.20,0.46,0.47,0.03,0.09,0.48,0.34,0.43]]];

alpha = 
[0.45,0.42,0.46,0.59,0.52,0.59,0.51,0.49];

c = 
[[4,10,7,5,3,7,2,8,2,5,10,8,10,9],
[3,4,8,7,9,8,6,6,9,3,3,8,9,10],
[4,5,9,4,4,5,6,6,10,6,3,9,7,10],
[4,6,8,5,8,4,9,4,10,4,8,7,3,7],
[4,8,4,5,3,2,5,3,4,9,5,3,4,5],
[8,9,4,10,2,8,3,8,10,10,8,8,3,3],
[4,2,8,4,6,2,7,7,2,2,7,2,9,10],
[4,10,4,8,6,4,8,7,2,9,2,8,6,7],
[3,7,8,3,5,6,6,9,4,9,4,2,9,9],
[3,6,6,3,3,9,9,7,9,4,10,9,9,2],
[5,4,7,6,7,2,6,10,4,10,7,6,8,9],
[5,5,5,6,7,9,5,8,5,3,2,4,6,2],
[9,4,9,10,7,3,4,3,3,8,10,6,5,6],
[10,2,2,2,3,3,6,8,10,9,5,3,9,6]];
