
m = 14;

n = 14;

p = 4;

q = 4;

proba = 
[[[0.03,0.58,0.27,0.50,0.20,0.32,0.50,0.29,0.10,0.47,0.09,0.36,0.54,0.42],
[0.19,0.27,0.52,0.05,0.13,0.16,0.01,0.30,0.49,0.25,0.16,0.34,0.31,0.22],
[0.24,0.59,0.28,0.27,0.57,0.55,0.18,0.17,0.27,0.07,0.46,0.37,0.55,0.55],
[0.14,0.49,0.38,0.32,0.16,0.30,0.37,0.29,0.45,0.39,0.60,0.34,0.04,0.16],
[0.08,0.35,0.38,0.32,0.33,0.05,0.59,0.30,0.00,0.17,0.47,0.28,0.24,0.33],
[0.05,0.19,0.28,0.18,0.08,0.06,0.51,0.24,0.36,0.28,0.53,0.22,0.07,0.53],
[0.56,0.10,0.09,0.03,0.45,0.47,0.35,0.18,0.52,0.35,0.47,0.52,0.52,0.34],
[0.20,0.16,0.07,0.25,0.35,0.36,0.43,0.43,0.42,0.34,0.07,0.18,0.02,0.00],
[0.40,0.08,0.54,0.35,0.18,0.02,0.39,0.03,0.49,0.14,0.20,0.41,0.49,0.08],
[0.33,0.40,0.42,0.53,0.56,0.50,0.18,0.31,0.25,0.01,0.13,0.07,0.35,0.20],
[0.25,0.36,0.21,0.05,0.45,0.14,0.40,0.03,0.17,0.19,0.06,0.06,0.33,0.26],
[0.46,0.22,0.34,0.20,0.02,0.16,0.13,0.58,0.06,0.30,0.29,0.31,0.31,0.43],
[0.38,0.06,0.03,0.03,0.43,0.23,0.08,0.27,0.38,0.48,0.30,0.54,0.07,0.35],
[0.60,0.40,0.01,0.46,0.02,0.35,0.06,0.04,0.52,0.19,0.03,0.57,0.49,0.32]],
[[0.28,0.20,0.14,0.06,0.26,0.17,0.10,0.09,0.41,0.18,0.36,0.18,0.06,0.06],
[0.13,0.13,0.41,0.13,0.53,0.43,0.59,0.55,0.18,0.05,0.60,0.10,0.23,0.02],
[0.07,0.12,0.34,0.35,0.33,0.48,0.41,0.59,0.06,0.51,0.08,0.46,0.09,0.44],
[0.05,0.15,0.50,0.18,0.28,0.31,0.30,0.21,0.14,0.29,0.17,0.32,0.34,0.16],
[0.42,0.57,0.19,0.49,0.10,0.53,0.24,0.42,0.41,0.06,0.41,0.47,0.57,0.49],
[0.33,0.05,0.33,0.38,0.20,0.23,0.55,0.48,0.55,0.26,0.10,0.09,0.55,0.26],
[0.42,0.29,0.43,0.24,0.26,0.01,0.13,0.36,0.54,0.37,0.18,0.35,0.43,0.59],
[0.22,0.39,0.48,0.55,0.45,0.22,0.32,0.05,0.45,0.28,0.53,0.40,0.53,0.03],
[0.49,0.48,0.29,0.31,0.16,0.12,0.55,0.42,0.13,0.08,0.18,0.07,0.45,0.36],
[0.42,0.28,0.35,0.04,0.07,0.24,0.58,0.52,0.45,0.31,0.57,0.30,0.58,0.50],
[0.10,0.52,0.53,0.60,0.39,0.22,0.30,0.56,0.33,0.25,0.38,0.47,0.32,0.56],
[0.54,0.17,0.32,0.37,0.45,0.07,0.40,0.52,0.31,0.39,0.44,0.16,0.10,0.41],
[0.47,0.08,0.31,0.57,0.59,0.24,0.57,0.39,0.45,0.27,0.35,0.19,0.52,0.13],
[0.06,0.24,0.09,0.60,0.41,0.41,0.36,0.26,0.48,0.17,0.19,0.19,0.56,0.03]],
[[0.35,0.05,0.45,0.22,0.13,0.16,0.19,0.12,0.40,0.15,0.51,0.25,0.42,0.26],
[0.44,0.34,0.38,0.50,0.58,0.47,0.50,0.39,0.28,0.26,0.05,0.16,0.43,0.24],
[0.35,0.39,0.27,0.10,0.44,0.12,0.32,0.57,0.28,0.51,0.09,0.08,0.06,0.00],
[0.33,0.48,0.26,0.18,0.22,0.05,0.07,0.20,0.52,0.57,0.59,0.20,0.23,0.04],
[0.36,0.06,0.28,0.12,0.45,0.56,0.22,0.29,0.08,0.54,0.25,0.36,0.45,0.35],
[0.44,0.51,0.35,0.18,0.40,0.01,0.35,0.02,0.06,0.43,0.21,0.58,0.40,0.20],
[0.18,0.04,0.25,0.54,0.10,0.53,0.06,0.55,0.49,0.28,0.24,0.57,0.22,0.49],
[0.33,0.08,0.24,0.18,0.59,0.59,0.35,0.38,0.60,0.11,0.40,0.06,0.54,0.02],
[0.04,0.34,0.22,0.21,0.37,0.46,0.16,0.47,0.39,0.21,0.42,0.28,0.49,0.06],
[0.25,0.12,0.55,0.59,0.19,0.19,0.16,0.18,0.17,0.52,0.57,0.17,0.03,0.37],
[0.23,0.56,0.38,0.26,0.30,0.00,0.48,0.07,0.47,0.03,0.54,0.26,0.25,0.37],
[0.54,0.14,0.43,0.20,0.26,0.38,0.18,0.45,0.56,0.35,0.04,0.13,0.27,0.00],
[0.30,0.29,0.37,0.53,0.25,0.15,0.20,0.55,0.15,0.07,0.02,0.02,0.10,0.57],
[0.28,0.35,0.33,0.22,0.49,0.16,0.42,0.15,0.54,0.00,0.01,0.50,0.35,0.04]],
[[0.03,0.02,0.04,0.34,0.31,0.41,0.27,0.56,0.56,0.46,0.51,0.11,0.54,0.54],
[0.13,0.04,0.50,0.40,0.39,0.24,0.02,0.28,0.40,0.44,0.44,0.34,0.44,0.44],
[0.23,0.19,0.48,0.27,0.21,0.52,0.00,0.52,0.33,0.27,0.48,0.29,0.14,0.39],
[0.40,0.07,0.33,0.53,0.12,0.23,0.33,0.51,0.47,0.35,0.19,0.27,0.19,0.03],
[0.00,0.03,0.47,0.24,0.23,0.35,0.51,0.44,0.28,0.51,0.35,0.01,0.18,0.23],
[0.30,0.32,0.02,0.10,0.40,0.35,0.03,0.51,0.58,0.36,0.42,0.45,0.11,0.01],
[0.12,0.30,0.04,0.13,0.33,0.51,0.36,0.56,0.26,0.27,0.40,0.54,0.18,0.15],
[0.55,0.36,0.38,0.25,0.08,0.40,0.35,0.48,0.15,0.38,0.39,0.13,0.13,0.21],
[0.58,0.24,0.22,0.10,0.54,0.26,0.23,0.28,0.17,0.59,0.24,0.44,0.26,0.03],
[0.38,0.44,0.18,0.32,0.21,0.56,0.57,0.29,0.36,0.32,0.17,0.51,0.10,0.56],
[0.04,0.24,0.17,0.03,0.48,0.40,0.13,0.42,0.06,0.36,0.10,0.23,0.35,0.33],
[0.07,0.02,0.37,0.44,0.46,0.55,0.17,0.06,0.51,0.14,0.35,0.27,0.46,0.52],
[0.19,0.57,0.49,0.23,0.20,0.06,0.26,0.08,0.45,0.39,0.50,0.51,0.15,0.60],
[0.14,0.50,0.33,0.21,0.52,0.10,0.06,0.37,0.05,0.22,0.44,0.56,0.36,0.19]],
[[0.23,0.23,0.12,0.42,0.19,0.00,0.05,0.39,0.06,0.31,0.48,0.51,0.10,0.38],
[0.42,0.25,0.37,0.57,0.15,0.11,0.18,0.06,0.20,0.23,0.44,0.25,0.46,0.28],
[0.20,0.22,0.47,0.43,0.45,0.59,0.25,0.04,0.59,0.30,0.44,0.05,0.01,0.31],
[0.56,0.11,0.09,0.39,0.36,0.46,0.36,0.51,0.57,0.54,0.57,0.17,0.17,0.41],
[0.42,0.03,0.09,0.02,0.25,0.56,0.45,0.10,0.55,0.11,0.14,0.54,0.41,0.58],
[0.59,0.42,0.29,0.55,0.53,0.38,0.34,0.29,0.24,0.10,0.19,0.21,0.03,0.17],
[0.38,0.21,0.58,0.20,0.24,0.07,0.22,0.49,0.03,0.07,0.59,0.57,0.18,0.12],
[0.51,0.58,0.10,0.50,0.40,0.39,0.45,0.33,0.16,0.19,0.02,0.40,0.29,0.21],
[0.01,0.33,0.38,0.38,0.53,0.36,0.58,0.17,0.42,0.20,0.05,0.45,0.27,0.04],
[0.42,0.44,0.16,0.33,0.43,0.26,0.23,0.23,0.05,0.08,0.56,0.21,0.27,0.58],
[0.01,0.56,0.19,0.02,0.29,0.57,0.41,0.22,0.32,0.39,0.39,0.14,0.58,0.44],
[0.59,0.25,0.48,0.41,0.09,0.04,0.14,0.52,0.31,0.36,0.14,0.36,0.44,0.10],
[0.57,0.11,0.08,0.58,0.08,0.26,0.00,0.36,0.23,0.41,0.58,0.55,0.20,0.37],
[0.09,0.18,0.21,0.08,0.42,0.09,0.49,0.51,0.14,0.02,0.43,0.45,0.38,0.57]],
[[0.21,0.23,0.07,0.18,0.34,0.15,0.16,0.42,0.41,0.17,0.18,0.04,0.58,0.17],
[0.59,0.17,0.54,0.09,0.35,0.15,0.17,0.17,0.25,0.05,0.09,0.38,0.07,0.52],
[0.23,0.46,0.49,0.44,0.08,0.56,0.01,0.42,0.11,0.17,0.24,0.52,0.34,0.42],
[0.57,0.31,0.59,0.56,0.49,0.53,0.05,0.23,0.08,0.21,0.41,0.32,0.27,0.49],
[0.11,0.34,0.41,0.34,0.20,0.30,0.17,0.28,0.26,0.18,0.10,0.37,0.36,0.34],
[0.29,0.10,0.17,0.26,0.41,0.16,0.22,0.30,0.08,0.27,0.53,0.16,0.48,0.34],
[0.49,0.14,0.23,0.59,0.48,0.04,0.33,0.08,0.34,0.50,0.36,0.60,0.09,0.46],
[0.36,0.45,0.21,0.05,0.54,0.37,0.31,0.36,0.53,0.53,0.06,0.02,0.19,0.59],
[0.18,0.07,0.33,0.07,0.22,0.56,0.06,0.10,0.01,0.39,0.18,0.35,0.30,0.54],
[0.34,0.39,0.40,0.11,0.23,0.01,0.16,0.18,0.38,0.47,0.53,0.32,0.40,0.59],
[0.33,0.59,0.58,0.51,0.06,0.31,0.57,0.28,0.27,0.03,0.38,0.28,0.42,0.56],
[0.02,0.12,0.50,0.37,0.51,0.30,0.48,0.14,0.31,0.04,0.32,0.09,0.51,0.25],
[0.41,0.30,0.24,0.14,0.30,0.22,0.05,0.36,0.53,0.02,0.04,0.20,0.06,0.42],
[0.48,0.48,0.38,0.50,0.00,0.28,0.27,0.51,0.58,0.14,0.04,0.29,0.18,0.36]],
[[0.38,0.08,0.01,0.19,0.39,0.25,0.33,0.09,0.47,0.38,0.44,0.40,0.40,0.48],
[0.60,0.46,0.30,0.47,0.34,0.08,0.37,0.34,0.36,0.04,0.25,0.34,0.18,0.29],
[0.02,0.36,0.05,0.41,0.44,0.06,0.60,0.23,0.31,0.33,0.32,0.18,0.11,0.16],
[0.58,0.51,0.05,0.58,0.37,0.35,0.45,0.11,0.43,0.22,0.45,0.18,0.26,0.10],
[0.52,0.44,0.39,0.54,0.20,0.44,0.35,0.04,0.50,0.35,0.28,0.21,0.08,0.60],
[0.40,0.19,0.16,0.38,0.10,0.21,0.35,0.47,0.56,0.20,0.58,0.38,0.42,0.44],
[0.57,0.07,0.53,0.49,0.51,0.32,0.43,0.11,0.16,0.18,0.15,0.06,0.53,0.43],
[0.28,0.01,0.42,0.07,0.20,0.58,0.45,0.31,0.19,0.20,0.18,0.15,0.40,0.16],
[0.53,0.22,0.60,0.50,0.29,0.53,0.39,0.20,0.26,0.23,0.31,0.42,0.41,0.46],
[0.48,0.34,0.28,0.16,0.36,0.11,0.23,0.56,0.09,0.08,0.27,0.28,0.28,0.45],
[0.43,0.09,0.01,0.37,0.31,0.01,0.27,0.60,0.54,0.06,0.20,0.20,0.29,0.51],
[0.02,0.10,0.37,0.50,0.44,0.05,0.06,0.20,0.16,0.29,0.16,0.25,0.37,0.43],
[0.53,0.05,0.28,0.36,0.14,0.29,0.13,0.45,0.30,0.40,0.44,0.24,0.46,0.04],
[0.44,0.15,0.55,0.45,0.24,0.32,0.35,0.09,0.37,0.41,0.29,0.53,0.10,0.45]],
[[0.18,0.47,0.29,0.11,0.52,0.57,0.47,0.06,0.26,0.00,0.51,0.55,0.40,0.35],
[0.19,0.26,0.40,0.03,0.40,0.35,0.48,0.05,0.08,0.23,0.13,0.45,0.03,0.42],
[0.38,0.13,0.27,0.56,0.60,0.56,0.08,0.52,0.52,0.55,0.58,0.18,0.55,0.49],
[0.13,0.35,0.24,0.32,0.00,0.04,0.35,0.40,0.39,0.23,0.45,0.47,0.46,0.58],
[0.32,0.49,0.40,0.10,0.02,0.07,0.07,0.02,0.03,0.15,0.53,0.55,0.09,0.51],
[0.13,0.04,0.40,0.26,0.39,0.04,0.58,0.39,0.08,0.33,0.19,0.47,0.56,0.04],
[0.34,0.42,0.03,0.06,0.31,0.43,0.17,0.33,0.50,0.24,0.35,0.53,0.38,0.28],
[0.48,0.48,0.19,0.01,0.52,0.59,0.27,0.31,0.02,0.25,0.10,0.10,0.59,0.29],
[0.58,0.55,0.34,0.32,0.37,0.36,0.38,0.08,0.19,0.55,0.41,0.09,0.19,0.15],
[0.02,0.57,0.43,0.50,0.45,0.02,0.51,0.37,0.01,0.18,0.07,0.03,0.43,0.17],
[0.13,0.42,0.46,0.11,0.37,0.20,0.43,0.14,0.56,0.21,0.22,0.15,0.16,0.02],
[0.24,0.34,0.18,0.26,0.31,0.01,0.16,0.16,0.03,0.07,0.53,0.03,0.25,0.00],
[0.06,0.08,0.17,0.20,0.51,0.03,0.30,0.28,0.23,0.13,0.42,0.19,0.34,0.03],
[0.34,0.50,0.06,0.58,0.24,0.23,0.24,0.56,0.24,0.40,0.12,0.27,0.47,0.05]]];

alpha = 
[0.50,0.44,0.42,0.52,0.47,0.47,0.59,0.44];

c = 
[[4,5,8,3,8,2,9,6,6,8,6,6,6,2],
[6,8,3,10,9,5,2,4,7,9,9,7,6,9],
[3,4,2,5,5,8,5,2,6,3,4,10,7,8],
[3,2,9,8,8,10,5,4,2,5,7,5,2,3],
[10,4,10,9,6,10,4,7,5,7,8,10,6,8],
[7,2,6,9,9,4,4,5,10,7,7,9,9,10],
[3,7,9,10,9,9,8,4,6,8,7,8,4,2],
[5,6,9,10,6,4,6,5,4,8,8,3,3,2],
[8,8,2,10,4,7,7,2,5,4,2,8,2,7],
[5,2,8,8,5,6,5,9,8,10,10,8,5,5],
[7,4,4,5,10,4,2,3,9,7,10,2,7,10],
[6,5,7,9,4,2,4,7,6,5,3,10,2,10],
[7,4,4,3,6,6,4,6,6,4,5,3,7,5],
[10,4,4,5,5,7,10,7,5,10,10,7,2,3]];
