
m = 12;

n = 12;

p = 4;

q = 4;

proba = 
[[[0.23,0.09,0.28,0.29,0.54,0.13,0.51,0.02,0.57,0.01,0.43,0.09],
[0.38,0.10,0.34,0.55,0.54,0.33,0.40,0.17,0.37,0.24,0.06,0.43],
[0.41,0.06,0.45,0.27,0.47,0.07,0.53,0.10,0.16,0.21,0.39,0.10],
[0.34,0.30,0.12,0.31,0.30,0.55,0.40,0.08,0.05,0.14,0.03,0.59],
[0.47,0.43,0.16,0.24,0.07,0.22,0.07,0.48,0.28,0.52,0.14,0.15],
[0.59,0.08,0.25,0.14,0.28,0.03,0.24,0.02,0.33,0.36,0.33,0.03],
[0.31,0.14,0.11,0.36,0.28,0.14,0.35,0.15,0.57,0.51,0.39,0.04],
[0.13,0.46,0.52,0.42,0.37,0.06,0.56,0.36,0.13,0.21,0.51,0.42],
[0.24,0.15,0.44,0.57,0.50,0.17,0.00,0.21,0.31,0.12,0.57,0.58],
[0.26,0.32,0.13,0.23,0.23,0.53,0.27,0.37,0.38,0.19,0.18,0.16],
[0.24,0.15,0.52,0.38,0.36,0.43,0.19,0.60,0.57,0.03,0.57,0.48],
[0.20,0.58,0.09,0.51,0.09,0.06,0.49,0.35,0.38,0.03,0.58,0.02]],
[[0.55,0.25,0.39,0.34,0.44,0.57,0.50,0.08,0.12,0.42,0.46,0.47],
[0.25,0.06,0.47,0.22,0.09,0.44,0.10,0.29,0.42,0.19,0.20,0.51],
[0.25,0.09,0.26,0.04,0.12,0.25,0.06,0.07,0.50,0.45,0.41,0.34],
[0.42,0.31,0.42,0.53,0.13,0.29,0.40,0.38,0.34,0.27,0.60,0.43],
[0.12,0.10,0.12,0.54,0.29,0.32,0.45,0.55,0.41,0.12,0.59,0.53],
[0.36,0.04,0.00,0.26,0.49,0.41,0.01,0.31,0.12,0.43,0.24,0.25],
[0.11,0.04,0.03,0.45,0.32,0.03,0.28,0.43,0.13,0.40,0.37,0.42],
[0.12,0.23,0.37,0.53,0.34,0.35,0.46,0.11,0.40,0.46,0.37,0.29],
[0.28,0.38,0.59,0.40,0.21,0.23,0.05,0.32,0.27,0.08,0.18,0.59],
[0.10,0.46,0.42,0.23,0.26,0.19,0.05,0.38,0.42,0.42,0.31,0.16],
[0.17,0.17,0.27,0.56,0.03,0.05,0.25,0.31,0.42,0.24,0.11,0.03],
[0.47,0.16,0.35,0.14,0.23,0.53,0.12,0.33,0.39,0.54,0.56,0.05]],
[[0.14,0.01,0.43,0.56,0.43,0.14,0.12,0.60,0.31,0.39,0.56,0.34],
[0.44,0.21,0.05,0.26,0.45,0.16,0.29,0.32,0.31,0.05,0.46,0.54],
[0.57,0.58,0.28,0.36,0.52,0.24,0.41,0.06,0.25,0.24,0.02,0.08],
[0.38,0.14,0.08,0.09,0.53,0.04,0.43,0.37,0.25,0.48,0.03,0.09],
[0.03,0.32,0.41,0.34,0.37,0.27,0.28,0.34,0.25,0.56,0.10,0.17],
[0.20,0.51,0.23,0.46,0.15,0.25,0.54,0.53,0.39,0.02,0.01,0.32],
[0.05,0.44,0.09,0.30,0.32,0.12,0.39,0.35,0.44,0.21,0.09,0.21],
[0.48,0.37,0.55,0.12,0.34,0.05,0.30,0.54,0.57,0.53,0.40,0.12],
[0.18,0.34,0.05,0.57,0.35,0.06,0.29,0.41,0.50,0.37,0.11,0.22],
[0.49,0.50,0.56,0.32,0.11,0.05,0.53,0.58,0.42,0.48,0.11,0.16],
[0.53,0.40,0.10,0.50,0.33,0.49,0.02,0.51,0.23,0.06,0.48,0.58],
[0.12,0.17,0.39,0.02,0.54,0.50,0.24,0.43,0.40,0.20,0.15,0.51]],
[[0.25,0.08,0.50,0.08,0.56,0.01,0.24,0.49,0.41,0.34,0.39,0.14],
[0.23,0.41,0.06,0.46,0.47,0.54,0.45,0.59,0.11,0.24,0.02,0.04],
[0.14,0.26,0.47,0.55,0.46,0.02,0.46,0.12,0.10,0.36,0.20,0.06],
[0.36,0.43,0.55,0.17,0.17,0.34,0.31,0.40,0.15,0.37,0.26,0.01],
[0.31,0.11,0.01,0.42,0.35,0.03,0.46,0.49,0.28,0.33,0.44,0.14],
[0.35,0.29,0.26,0.45,0.05,0.46,0.51,0.41,0.29,0.46,0.58,0.46],
[0.20,0.30,0.26,0.34,0.07,0.53,0.36,0.38,0.04,0.36,0.19,0.39],
[0.39,0.06,0.28,0.07,0.39,0.11,0.22,0.14,0.41,0.48,0.59,0.45],
[0.34,0.50,0.27,0.03,0.36,0.25,0.49,0.55,0.54,0.15,0.30,0.01],
[0.08,0.05,0.39,0.11,0.42,0.58,0.50,0.21,0.03,0.17,0.28,0.42],
[0.29,0.50,0.56,0.09,0.38,0.55,0.55,0.11,0.45,0.21,0.14,0.20],
[0.46,0.03,0.16,0.40,0.18,0.45,0.41,0.26,0.50,0.19,0.37,0.32]],
[[0.17,0.27,0.53,0.21,0.44,0.21,0.03,0.13,0.10,0.59,0.22,0.48],
[0.54,0.16,0.59,0.38,0.37,0.13,0.59,0.23,0.16,0.14,0.03,0.33],
[0.60,0.44,0.59,0.50,0.03,0.36,0.22,0.20,0.03,0.15,0.41,0.47],
[0.36,0.44,0.60,0.46,0.43,0.21,0.34,0.36,0.38,0.33,0.15,0.15],
[0.46,0.14,0.38,0.02,0.28,0.41,0.35,0.28,0.25,0.34,0.18,0.28],
[0.10,0.40,0.48,0.13,0.55,0.29,0.60,0.31,0.13,0.60,0.17,0.56],
[0.21,0.50,0.32,0.59,0.24,0.47,0.14,0.10,0.01,0.52,0.12,0.29],
[0.33,0.47,0.57,0.58,0.21,0.15,0.26,0.32,0.55,0.14,0.45,0.50],
[0.43,0.45,0.20,0.56,0.44,0.37,0.52,0.05,0.27,0.24,0.04,0.51],
[0.11,0.18,0.01,0.12,0.10,0.12,0.41,0.43,0.59,0.38,0.40,0.21],
[0.53,0.06,0.53,0.47,0.20,0.37,0.37,0.04,0.22,0.57,0.60,0.07],
[0.34,0.52,0.12,0.01,0.16,0.16,0.52,0.28,0.34,0.53,0.40,0.43]],
[[0.05,0.21,0.26,0.04,0.59,0.06,0.25,0.52,0.13,0.18,0.39,0.33],
[0.55,0.16,0.37,0.17,0.13,0.36,0.24,0.47,0.28,0.36,0.48,0.45],
[0.52,0.40,0.12,0.26,0.32,0.52,0.10,0.37,0.13,0.35,0.41,0.12],
[0.42,0.06,0.04,0.54,0.24,0.43,0.27,0.19,0.59,0.04,0.36,0.12],
[0.40,0.00,0.58,0.09,0.36,0.46,0.54,0.29,0.26,0.06,0.55,0.58],
[0.58,0.05,0.35,0.12,0.40,0.17,0.24,0.22,0.23,0.28,0.16,0.47],
[0.11,0.43,0.06,0.10,0.47,0.42,0.21,0.28,0.42,0.20,0.36,0.18],
[0.06,0.30,0.47,0.32,0.36,0.42,0.30,0.34,0.47,0.05,0.46,0.27],
[0.22,0.10,0.48,0.45,0.38,0.04,0.32,0.49,0.48,0.37,0.59,0.35],
[0.19,0.20,0.02,0.01,0.40,0.39,0.20,0.45,0.09,0.07,0.17,0.45],
[0.49,0.47,0.19,0.36,0.52,0.04,0.03,0.14,0.14,0.51,0.59,0.52],
[0.55,0.31,0.41,0.43,0.08,0.40,0.18,0.27,0.00,0.20,0.28,0.40]],
[[0.59,0.48,0.25,0.08,0.55,0.42,0.52,0.44,0.29,0.11,0.20,0.20],
[0.15,0.22,0.34,0.29,0.13,0.33,0.21,0.08,0.04,0.03,0.51,0.12],
[0.43,0.09,0.39,0.43,0.29,0.08,0.23,0.28,0.56,0.48,0.36,0.50],
[0.30,0.28,0.34,0.59,0.39,0.54,0.19,0.54,0.16,0.53,0.23,0.29],
[0.26,0.45,0.37,0.30,0.47,0.29,0.42,0.30,0.37,0.21,0.13,0.06],
[0.29,0.36,0.34,0.24,0.24,0.10,0.14,0.54,0.38,0.48,0.52,0.17],
[0.42,0.11,0.11,0.58,0.04,0.34,0.27,0.30,0.19,0.04,0.00,0.06],
[0.33,0.42,0.36,0.10,0.03,0.49,0.17,0.31,0.25,0.51,0.55,0.49],
[0.01,0.10,0.42,0.39,0.58,0.34,0.55,0.40,0.45,0.06,0.38,0.50],
[0.40,0.05,0.20,0.59,0.09,0.20,0.05,0.41,0.02,0.41,0.51,0.04],
[0.30,0.08,0.36,0.55,0.59,0.31,0.43,0.60,0.41,0.25,0.39,0.39],
[0.60,0.34,0.19,0.45,0.40,0.57,0.35,0.20,0.01,0.55,0.18,0.10]],
[[0.14,0.23,0.51,0.16,0.04,0.43,0.20,0.33,0.51,0.56,0.28,0.50],
[0.27,0.11,0.49,0.07,0.37,0.28,0.46,0.37,0.02,0.05,0.22,0.42],
[0.01,0.57,0.02,0.03,0.51,0.20,0.13,0.06,0.43,0.04,0.22,0.46],
[0.47,0.42,0.20,0.38,0.38,0.48,0.27,0.04,0.59,0.17,0.12,0.36],
[0.45,0.58,0.12,0.47,0.03,0.34,0.28,0.04,0.31,0.30,0.07,0.22],
[0.50,0.20,0.28,0.33,0.24,0.49,0.19,0.11,0.31,0.39,0.48,0.09],
[0.27,0.15,0.13,0.26,0.32,0.25,0.01,0.17,0.23,0.14,0.03,0.26],
[0.48,0.32,0.30,0.19,0.02,0.37,0.41,0.52,0.56,0.09,0.25,0.20],
[0.58,0.44,0.31,0.30,0.24,0.19,0.38,0.50,0.35,0.51,0.16,0.07],
[0.16,0.18,0.23,0.39,0.31,0.26,0.05,0.20,0.58,0.35,0.39,0.60],
[0.11,0.20,0.51,0.07,0.29,0.16,0.28,0.27,0.01,0.59,0.57,0.24],
[0.18,0.35,0.15,0.53,0.27,0.31,0.59,0.43,0.48,0.23,0.22,0.20]]];

alpha = 
[0.56,0.49,0.53,0.56,0.41,0.46,0.55,0.44];

c = 
[[8,9,9,2,8,2,2,2,2,9,3,9],
[3,8,5,4,5,3,3,7,2,9,2,4],
[3,9,5,4,4,6,6,2,3,4,2,7],
[2,10,5,9,6,6,8,7,10,9,9,5],
[8,10,10,8,7,8,2,8,4,3,10,7],
[6,4,5,7,6,5,3,5,2,6,3,6],
[9,9,2,8,5,7,2,3,5,9,9,10],
[6,7,5,9,7,3,5,2,5,8,5,7],
[9,6,10,8,8,10,3,6,6,2,2,10],
[7,2,2,10,7,7,7,3,2,9,8,7],
[10,9,5,4,4,8,7,2,10,7,6,7],
[4,6,10,8,6,10,5,9,8,5,9,5]];
