
m = 18;

n = 18;

p = 2;

q = 2;

proba = 
[[[0.32,0.53,0.55,0.02,0.43,0.36,0.23,0.57,0.22,0.08,0.16,0.47,0.23,0.25,0.25,0.01,0.23,0.33],
[0.52,0.07,0.56,0.05,0.53,0.53,0.44,0.21,0.47,0.14,0.52,0.10,0.46,0.23,0.03,0.41,0.26,0.46],
[0.17,0.49,0.43,0.39,0.57,0.60,0.25,0.20,0.25,0.50,0.21,0.47,0.23,0.13,0.54,0.19,0.19,0.47],
[0.12,0.03,0.08,0.59,0.17,0.60,0.09,0.03,0.23,0.12,0.44,0.49,0.58,0.01,0.38,0.41,0.39,0.35],
[0.41,0.04,0.55,0.05,0.55,0.17,0.53,0.18,0.30,0.47,0.37,0.49,0.34,0.48,0.52,0.43,0.47,0.09],
[0.42,0.56,0.12,0.06,0.07,0.56,0.55,0.05,0.57,0.33,0.47,0.36,0.09,0.28,0.40,0.04,0.33,0.35],
[0.21,0.26,0.52,0.51,0.13,0.29,0.40,0.47,0.18,0.32,0.30,0.04,0.41,0.12,0.00,0.53,0.18,0.08],
[0.49,0.13,0.13,0.46,0.46,0.60,0.21,0.54,0.27,0.01,0.58,0.00,0.36,0.19,0.26,0.28,0.10,0.39],
[0.57,0.50,0.26,0.15,0.22,0.55,0.19,0.03,0.08,0.20,0.56,0.26,0.27,0.45,0.38,0.40,0.30,0.24],
[0.40,0.52,0.19,0.07,0.53,0.17,0.08,0.29,0.36,0.34,0.57,0.46,0.13,0.54,0.36,0.38,0.09,0.58],
[0.34,0.29,0.01,0.41,0.48,0.57,0.07,0.16,0.42,0.45,0.56,0.12,0.09,0.36,0.04,0.28,0.43,0.57],
[0.45,0.51,0.25,0.21,0.25,0.22,0.07,0.37,0.16,0.43,0.16,0.25,0.41,0.49,0.54,0.42,0.31,0.42],
[0.39,0.38,0.58,0.21,0.23,0.54,0.33,0.33,0.30,0.37,0.01,0.13,0.33,0.46,0.04,0.58,0.07,0.29],
[0.20,0.14,0.06,0.36,0.57,0.21,0.02,0.39,0.11,0.56,0.21,0.42,0.38,0.00,0.20,0.36,0.21,0.43],
[0.30,0.54,0.16,0.59,0.31,0.16,0.12,0.04,0.02,0.16,0.03,0.09,0.45,0.23,0.23,0.51,0.59,0.21],
[0.12,0.01,0.59,0.23,0.57,0.21,0.05,0.35,0.21,0.25,0.11,0.43,0.08,0.41,0.37,0.23,0.40,0.08],
[0.40,0.53,0.13,0.42,0.09,0.15,0.51,0.53,0.39,0.14,0.44,0.38,0.35,0.56,0.39,0.34,0.19,0.36],
[0.55,0.24,0.11,0.16,0.48,0.22,0.59,0.56,0.03,0.36,0.19,0.43,0.44,0.59,0.36,0.57,0.41,0.44]],
[[0.12,0.32,0.38,0.51,0.46,0.22,0.29,0.21,0.18,0.08,0.55,0.37,0.44,0.50,0.01,0.55,0.06,0.49],
[0.17,0.05,0.45,0.20,0.40,0.05,0.03,0.24,0.04,0.39,0.21,0.44,0.23,0.33,0.16,0.01,0.23,0.02],
[0.23,0.52,0.23,0.41,0.60,0.18,0.18,0.44,0.08,0.19,0.39,0.14,0.08,0.56,0.18,0.53,0.16,0.59],
[0.58,0.19,0.23,0.01,0.58,0.44,0.46,0.21,0.16,0.02,0.22,0.40,0.04,0.45,0.32,0.27,0.27,0.31],
[0.45,0.45,0.15,0.52,0.03,0.54,0.06,0.11,0.49,0.24,0.04,0.05,0.23,0.02,0.24,0.45,0.03,0.21],
[0.29,0.48,0.42,0.45,0.50,0.05,0.25,0.54,0.50,0.56,0.21,0.17,0.28,0.06,0.01,0.43,0.58,0.04],
[0.36,0.04,0.16,0.26,0.28,0.20,0.31,0.50,0.22,0.55,0.36,0.24,0.16,0.05,0.13,0.58,0.50,0.03],
[0.03,0.15,0.57,0.53,0.11,0.18,0.10,0.39,0.24,0.11,0.21,0.22,0.16,0.58,0.25,0.31,0.24,0.53],
[0.51,0.54,0.44,0.12,0.49,0.19,0.37,0.05,0.24,0.50,0.03,0.14,0.53,0.06,0.29,0.50,0.60,0.40],
[0.08,0.09,0.19,0.32,0.21,0.40,0.54,0.36,0.38,0.19,0.07,0.01,0.12,0.58,0.56,0.56,0.11,0.44],
[0.15,0.47,0.49,0.40,0.37,0.52,0.54,0.30,0.59,0.22,0.20,0.58,0.02,0.28,0.08,0.21,0.60,0.28],
[0.01,0.53,0.04,0.38,0.12,0.11,0.40,0.25,0.09,0.35,0.21,0.20,0.20,0.36,0.07,0.09,0.16,0.44],
[0.01,0.09,0.14,0.60,0.32,0.34,0.58,0.34,0.01,0.06,0.55,0.01,0.34,0.56,0.54,0.38,0.34,0.07],
[0.49,0.14,0.32,0.59,0.49,0.52,0.19,0.09,0.28,0.26,0.17,0.44,0.10,0.19,0.53,0.24,0.18,0.25],
[0.58,0.16,0.59,0.59,0.22,0.54,0.60,0.56,0.49,0.54,0.34,0.23,0.01,0.23,0.37,0.32,0.22,0.26],
[0.25,0.41,0.34,0.53,0.07,0.51,0.37,0.17,0.10,0.30,0.41,0.28,0.55,0.38,0.45,0.54,0.37,0.07],
[0.48,0.37,0.03,0.37,0.31,0.37,0.60,0.32,0.01,0.37,0.04,0.23,0.02,0.29,0.04,0.36,0.22,0.10],
[0.28,0.59,0.27,0.38,0.30,0.08,0.06,0.25,0.46,0.51,0.19,0.23,0.58,0.06,0.00,0.01,0.43,0.31]],
[[0.38,0.43,0.03,0.39,0.20,0.08,0.02,0.22,0.37,0.05,0.58,0.59,0.15,0.26,0.58,0.42,0.04,0.28],
[0.50,0.10,0.53,0.36,0.01,0.11,0.59,0.59,0.18,0.59,0.60,0.01,0.31,0.38,0.44,0.34,0.17,0.04],
[0.42,0.18,0.26,0.18,0.23,0.24,0.17,0.38,0.50,0.16,0.21,0.53,0.44,0.10,0.03,0.36,0.46,0.04],
[0.48,0.45,0.02,0.05,0.44,0.02,0.06,0.15,0.40,0.50,0.49,0.56,0.54,0.31,0.14,0.20,0.49,0.37],
[0.44,0.06,0.16,0.34,0.22,0.36,0.28,0.06,0.47,0.31,0.42,0.33,0.34,0.30,0.18,0.36,0.35,0.02],
[0.38,0.41,0.17,0.18,0.32,0.06,0.14,0.26,0.37,0.28,0.46,0.26,0.05,0.31,0.32,0.21,0.05,0.54],
[0.58,0.32,0.00,0.45,0.03,0.42,0.18,0.37,0.12,0.36,0.13,0.47,0.38,0.51,0.28,0.55,0.09,0.60],
[0.02,0.23,0.26,0.38,0.51,0.12,0.04,0.56,0.43,0.36,0.17,0.48,0.31,0.15,0.20,0.31,0.60,0.23],
[0.13,0.17,0.60,0.24,0.53,0.13,0.11,0.31,0.05,0.39,0.26,0.14,0.38,0.28,0.37,0.04,0.07,0.28],
[0.16,0.11,0.24,0.59,0.47,0.41,0.47,0.18,0.56,0.07,0.48,0.56,0.30,0.01,0.13,0.30,0.25,0.05],
[0.43,0.36,0.36,0.48,0.15,0.03,0.02,0.53,0.31,0.39,0.57,0.37,0.06,0.14,0.48,0.30,0.13,0.35],
[0.11,0.01,0.53,0.07,0.08,0.41,0.02,0.38,0.42,0.15,0.08,0.07,0.20,0.52,0.44,0.57,0.40,0.59],
[0.59,0.42,0.52,0.30,0.20,0.50,0.07,0.26,0.03,0.55,0.56,0.17,0.31,0.07,0.17,0.23,0.14,0.25],
[0.04,0.16,0.03,0.46,0.31,0.12,0.54,0.51,0.03,0.38,0.48,0.43,0.36,0.48,0.25,0.28,0.18,0.45],
[0.18,0.25,0.12,0.21,0.21,0.08,0.38,0.51,0.15,0.55,0.15,0.28,0.20,0.19,0.44,0.24,0.06,0.15],
[0.35,0.60,0.07,0.39,0.37,0.55,0.22,0.14,0.43,0.47,0.42,0.01,0.32,0.60,0.26,0.44,0.21,0.47],
[0.51,0.59,0.39,0.06,0.55,0.53,0.34,0.15,0.12,0.18,0.39,0.18,0.34,0.14,0.17,0.41,0.53,0.55],
[0.36,0.14,0.08,0.18,0.01,0.50,0.19,0.33,0.50,0.45,0.17,0.11,0.32,0.08,0.11,0.11,0.14,0.06]],
[[0.04,0.48,0.21,0.16,0.06,0.00,0.34,0.40,0.14,0.52,0.21,0.07,0.46,0.56,0.21,0.54,0.15,0.23],
[0.45,0.34,0.56,0.35,0.19,0.13,0.46,0.51,0.21,0.57,0.02,0.34,0.03,0.06,0.22,0.24,0.23,0.29],
[0.24,0.57,0.09,0.38,0.49,0.29,0.45,0.35,0.25,0.07,0.30,0.40,0.29,0.14,0.14,0.25,0.49,0.33],
[0.38,0.35,0.24,0.58,0.32,0.26,0.33,0.35,0.33,0.55,0.59,0.55,0.24,0.23,0.53,0.32,0.01,0.41],
[0.01,0.46,0.17,0.27,0.53,0.46,0.07,0.22,0.00,0.20,0.48,0.49,0.53,0.25,0.24,0.17,0.24,0.57],
[0.43,0.56,0.32,0.16,0.51,0.31,0.11,0.15,0.53,0.04,0.47,0.55,0.45,0.49,0.41,0.01,0.15,0.34],
[0.48,0.22,0.57,0.48,0.43,0.44,0.37,0.36,0.10,0.02,0.53,0.33,0.58,0.36,0.29,0.30,0.52,0.21],
[0.00,0.03,0.35,0.54,0.06,0.22,0.48,0.51,0.11,0.29,0.53,0.26,0.04,0.40,0.49,0.00,0.28,0.31],
[0.45,0.05,0.07,0.54,0.07,0.60,0.27,0.05,0.36,0.57,0.34,0.27,0.17,0.35,0.30,0.53,0.28,0.36],
[0.15,0.17,0.27,0.26,0.46,0.20,0.53,0.50,0.60,0.42,0.50,0.28,0.13,0.35,0.33,0.20,0.29,0.40],
[0.20,0.57,0.45,0.56,0.53,0.19,0.23,0.11,0.54,0.53,0.04,0.22,0.30,0.19,0.39,0.57,0.45,0.25],
[0.17,0.38,0.15,0.17,0.20,0.06,0.45,0.33,0.40,0.18,0.53,0.10,0.58,0.13,0.06,0.42,0.09,0.60],
[0.02,0.32,0.10,0.56,0.26,0.14,0.18,0.55,0.33,0.57,0.52,0.18,0.22,0.09,0.56,0.38,0.26,0.16],
[0.43,0.10,0.48,0.23,0.28,0.41,0.33,0.26,0.54,0.39,0.08,0.03,0.39,0.10,0.35,0.49,0.05,0.00],
[0.04,0.23,0.56,0.37,0.20,0.48,0.55,0.42,0.57,0.51,0.20,0.23,0.07,0.03,0.33,0.55,0.26,0.01],
[0.37,0.60,0.27,0.30,0.39,0.35,0.33,0.18,0.45,0.08,0.07,0.51,0.08,0.11,0.14,0.04,0.47,0.34],
[0.52,0.42,0.16,0.49,0.33,0.36,0.12,0.40,0.39,0.45,0.36,0.05,0.47,0.13,0.05,0.14,0.43,0.44],
[0.49,0.16,0.01,0.34,0.24,0.09,0.25,0.32,0.20,0.39,0.36,0.07,0.12,0.29,0.49,0.28,0.18,0.23]]];

alpha = 
[0.41,0.50,0.41,0.54];

c = 
[[7,3,8,3,8,8,9,9,7,2,8,10,6,2,10,10,7,9],
[9,7,3,8,10,2,5,6,5,6,10,9,10,6,9,6,8,4],
[3,4,2,6,5,6,3,9,6,3,6,9,8,4,6,9,9,3],
[9,10,8,3,5,5,9,5,8,7,9,3,9,8,5,9,10,6],
[2,3,3,4,2,7,3,8,10,5,6,6,4,5,5,10,4,7],
[3,2,8,7,5,6,8,3,10,9,8,9,5,8,10,6,2,8],
[2,10,5,8,4,10,3,6,2,5,4,2,10,3,10,7,8,4],
[9,5,6,6,10,10,4,4,6,2,8,4,8,9,3,10,6,3],
[7,6,5,7,7,5,5,6,6,4,9,3,7,7,4,9,2,4],
[8,2,6,3,9,2,5,5,7,4,4,2,5,9,4,7,3,9],
[10,6,2,6,7,9,5,3,3,6,8,10,6,3,9,10,3,7],
[8,4,10,4,7,3,3,8,8,5,4,9,2,4,3,2,6,8],
[8,9,7,9,4,2,7,8,3,5,6,4,10,10,7,8,4,10],
[9,3,7,7,4,10,3,4,10,4,3,5,8,9,3,4,5,4],
[4,8,8,6,2,10,6,9,10,2,6,10,10,2,2,5,7,4],
[2,7,5,10,9,6,4,7,4,3,7,5,3,8,3,8,10,10],
[7,5,8,4,4,10,3,10,2,10,4,5,4,4,10,7,10,7],
[9,3,10,9,3,6,3,4,10,2,8,9,2,5,2,6,5,4]];
